pedestrian 12 -1 -1 -10 0 0 0 0 1.702 0.37 0.5 0.3882365649455899 0.8713560537142149 -0.09492627294294773 1.52
pedestrian 14 -1 -1 -10 0 0 0 0 1.702 0.43 0.42 -0.6028410173937391 -1.3621210117778815 -0.18790704356378513 2.71
pedestrian 13 -1 -1 -10 0 0 0 0 1.46 0.48 0.43 0.9582278809876424 0.8233460296380029 -0.07746382108616452 1.51
pedestrian 2 -1 -1 -10 0 0 0 0 1.57 0.37 0.59 -1.1826664708965813 1.1658739032896506 -0.11549052015286614 -1.14
pedestrian 3 -1 -1 -10 0 0 0 0 1.92 0.47 0.68 -2.507535784292887 -0.3487594636558603 -0.11283229591358916 -0.19
pedestrian 9 -1 -1 -10 0 0 0 0 1.702 0.6 0.48 -0.6370965562856957 -0.44223133627517097 -0.1083486187506974 2.98
pedestrian 8 -1 -1 -10 0 0 0 0 1.702 0.3 0.47 -0.7055282233325147 -1.0024722701625992 -0.07924186795065935 -2.74
pedestrian 1 -1 -1 -10 0 0 0 0 1.89 0.5 0.72 -2.2715978673454122 0.9220705554091873 -0.13974626978623603 -0.97
pedestrian 10 -1 -1 -10 0 0 0 0 1.702 0.37 0.54 0.3432846658692454 -0.7988083046450563 -0.03550958475019902 2.0
pedestrian 4 -1 -1 -10 0 0 0 0 2.04 0.58 0.61 -3.5096168185871774 0.007747691685720511 -0.055944257645967596 -0.1
pedestrian 11 -1 -1 -10 0 0 0 0 1.702 0.36 0.64 -0.08099605000130564 0.6997164832472353 -0.11106972114985875 1.33
