pedestrian 12 -1 -1 -10 0 0 0 0 1.702 0.4 0.46 0.23815433715044146 0.8608325169253533 -0.08689010012881192 1.86
pedestrian 11 -1 -1 -10 0 0 0 0 1.702 0.26 0.72 -0.16088399829072564 0.6694374139042838 -0.11211551167940348 1.29
pedestrian 9 -1 -1 -10 0 0 0 0 1.702 0.45 0.59 -0.9070892162167914 -0.36317429954465813 -0.13188472987216518 3.07
pedestrian 8 -1 -1 -10 0 0 0 0 1.702 0.32 0.6 -0.9350271553954409 -0.9532754246052112 -0.1322504575298862 -2.52
pedestrian 6 -1 -1 -10 0 0 0 0 1.43 0.42 0.48 -1.5144503483097582 -0.955300002426041 -0.17983894981137483 -0.01
pedestrian 13 -1 -1 -10 0 0 0 0 1.702 0.48 0.52 0.8087652294474349 0.8228224319257194 -0.11942382156288213 1.63
pedestrian 14 -1 -1 -10 0 0 0 0 1.702 0.41 0.38 -0.8432727707502382 -1.3829586462706909 -0.15105104043453046 2.6
pedestrian 1 -1 -1 -10 0 0 0 0 1.89 0.5 0.79 -2.2715978673454122 0.9220705554091873 -0.13974626978623603 -0.99
pedestrian 4 -1 -1 -10 0 0 0 0 2.04 0.62 0.65 -3.4399722773206807 0.1079914280505652 -0.05503256065974476 -0.03
pedestrian 10 -1 -1 -10 0 0 0 0 1.702 0.47 0.5 -0.04610359148219268 -0.7401700242375261 -0.10061209704932685 1.89
pedestrian 2 -1 -1 -10 0 0 0 0 1.57 0.37 0.62 -1.412715172167195 1.1850709316173051 -0.11850202261693349 -1.16
