pedestrian 9 -1 -1 -10 0 0 0 0 1.77 0.5 0.5 -5.538749841035419 0.1806605726912186 -0.18251563194697248 -0.06
pedestrian 13 -1 -1 -10 0 0 0 0 1.61 0.23 0.42 -3.5604759764529086 0.8175682243177695 -0.2066228924577188 2.44
pedestrian 14 -1 -1 -10 0 0 0 0 1.78 0.44 0.48 -5.724491550286871 -0.659997533510218 -0.28495569209027555 3.12
pedestrian 1 -1 -1 -10 0 0 0 0 1.91 0.37 0.69 -3.0053695053673355 -0.9205013167284127 -0.1293501531091293 0.47
pedestrian 15 -1 -1 -10 0 0 0 0 1.8 0.25 0.55 -3.2115290142630593 1.1487879418401685 -0.2120557832957427 2.86
pedestrian 10 -1 -1 -10 0 0 0 0 1.72 0.49 0.46 -4.907315488164958 -0.05713885475506014 -0.22425398746421868 2.04
pedestrian 16 -1 -1 -10 0 0 0 0 1.702 0.71 0.55 0.5241233310864527 -0.8181798655434718 -0.09314741773182454 -2.98
pedestrian 2 -1 -1 -10 0 0 0 0 1.98 0.44 0.61 -3.4668368944372454 -0.6021089659289226 -0.10538852175032945 0.03
pedestrian 8 -1 -1 -10 0 0 0 0 1.82 0.41 0.61 -6.401061799667824 0.9376539822940468 -0.21380562743162704 2.63
pedestrian 6 -1 -1 -10 0 0 0 0 1.88 0.29 0.49 -6.277006597327574 -0.45191867118045487 -0.15217651508890567 -2.84
