pedestrian 8 -1 -1 -10 0 0 0 0 1.66 0.31 0.28 -2.015599966065636 -0.8770458155210296 -0.11639336009094321 -3.04
pedestrian 11 -1 -1 -10 0 0 0 0 1.702 0.39 0.38 -1.1011031225046337 0.8661549831055315 -0.15442622462523078 1.07
pedestrian 2 -1 -1 -10 0 0 0 0 1.73 0.41 0.53 -2.001299731903558 1.093011995593122 -0.2062138709502553 -0.79
pedestrian 10 -1 -1 -10 0 0 0 0 1.702 0.56 0.57 -1.5468559694810546 -0.41540801183329085 -0.14025973543943115 1.48
pedestrian 13 -1 -1 -10 0 0 0 0 1.702 0.56 0.44 -0.011080998684589106 0.7599604633057684 -0.12015533979076375 1.83
pedestrian 14 -1 -1 -10 0 0 0 0 1.67 0.4 0.48 -2.0734565651939394 -1.2272531222861696 -0.1871567420452696 1.59
pedestrian 12 -1 -1 -10 0 0 0 0 1.702 0.36 0.61 -0.6318181677565265 0.94779510188331 -0.11828037765746206 2.44
pedestrian 1 -1 -1 -10 0 0 0 0 1.8 0.56 0.74 -1.6202963076525028 0.3843427686938758 -0.09121683814072888 -0.65
pedestrian 9 -1 -1 -10 0 0 0 0 1.7 0.48 0.57 -2.3674874804419894 -0.028272722007236056 -0.20100667436864084 -0.42
pedestrian 15 -1 -1 -10 0 0 0 0 1.702 0.17 0.41 0.3286784112983811 0.9711460053950804 -0.15571107266842166 2.62
