pedestrian 8 -1 -1 -10 0 0 0 0 1.702 0.31 0.6 -1.0450519648519794 -0.9436594571843079 -0.13369076118279463 -2.52
pedestrian 3 -1 -1 -10 0 0 0 0 1.81 0.67 0.54 -2.4452550938658995 -0.9285464910124653 -0.132018710610689 -1.34
pedestrian 9 -1 -1 -10 0 0 0 0 1.702 0.44 0.62 -1.3273647759775455 -0.1246418353011824 -0.17738986551331937 3.12
pedestrian 14 -1 -1 -10 0 0 0 0 1.702 0.42 0.39 -0.9633315660879403 -1.363377646287362 -0.15262269615784244 2.6
pedestrian 2 -1 -1 -10 0 0 0 0 1.57 0.39 0.59 -1.492742734551121 1.194791618580665 -0.11954964079509045 -1.26
pedestrian 13 -1 -1 -10 0 0 0 0 1.702 0.48 0.52 0.8087652294474349 0.8228224319257194 -0.11942382156288213 1.63
pedestrian 10 -1 -1 -10 0 0 0 0 1.702 0.4 0.57 -0.2559272396499313 -0.7109032438049894 -0.1233605526605264 1.89
pedestrian 11 -1 -1 -10 0 0 0 0 1.702 0.32 0.69 -0.24098136772190454 0.6991579790207996 -0.11316404368186657 1.29
pedestrian 12 -1 -1 -10 0 0 0 0 1.702 0.38 0.47 0.18812402183912783 0.8706579234311701 -0.08754503283221741 1.93
pedestrian 4 -1 -1 -10 0 0 0 0 2.04 0.62 0.65 -3.4399722773206807 0.1079914280505652 -0.05503256065974476 -0.03
pedestrian 6 -1 -1 -10 0 0 0 0 1.43 0.39 0.49 -1.6245798683371757 -0.915684217775404 -0.18128062420074242 0.1
pedestrian 1 -1 -1 -10 0 0 0 0 1.89 0.44 0.71 -2.181501415556696 0.8923848968068236 -0.13856684262552246 -0.88
