pedestrian 13 -1 -1 -10 0 0 0 0 1.702 0.24 0.39 -1.280371067221736 0.7355274578552785 -0.17677468416722994 1.72
pedestrian 12 -1 -1 -10 0 0 0 0 1.54 0.17 0.31 -2.000863453342455 0.8930132140615639 -0.18620644615571402 1.85
pedestrian 1 -1 -1 -10 0 0 0 0 1.48 0.4 0.67 -1.415035448358449 -0.8649514855953174 -0.15853582388676735 0.32
pedestrian 15 -1 -1 -10 0 0 0 0 1.702 0.31 0.53 -0.9412923224021671 0.9167131827148569 -0.15233418665398826 2.62
pedestrian 14 -1 -1 -10 0 0 0 0 1.71 0.26 0.37 -3.514310441479663 -0.912281609873599 -0.21601940929797786 2.82
pedestrian 9 -1 -1 -10 0 0 0 0 1.77 0.43 0.58 -3.519179529478243 0.2577112620860159 -0.15607800836544525 -0.27
pedestrian 4 -1 -1 -10 0 0 0 0 2.05 0.48 0.43 -3.9312972993686968 0.38627930300128693 -0.031461787127084105 -1.57
pedestrian 2 -1 -1 -10 0 0 0 0 1.73 0.46 0.64 -2.056442636264701 -0.2971889751361201 -0.20693573111048316 -0.43
pedestrian 11 -1 -1 -10 0 0 0 0 1.57 0.26 0.49 -2.379859940469215 0.9516864009832462 -0.28117549312381157 0.11
pedestrian 16 -1 -1 -10 0 0 0 0 1.76 0.89 0.7 7.17692508086773 -0.9849658760872142 -0.21607546495488317 3.07
