pedestrian 8 -1 -1 -10 0 0 0 0 1.91 0.34 0.38 -4.8544318639919775 -1.1469576815312903 -0.1535557053181024 -3.02
pedestrian 16 -1 -1 -10 0 0 0 0 1.75 0.44 0.62 3.6323633400864015 -0.04732856982220527 -0.1424660383212157 3.1
pedestrian 10 -1 -1 -10 0 0 0 0 1.72 0.51 0.42 -3.82518076803882 -0.6933650521276044 -0.2100880679953702 2.0
pedestrian 1 -1 -1 -10 0 0 0 0 1.6 0.45 0.71 -1.8337229442468828 -1.3064148785591392 -0.14401502984707312 0.5
pedestrian 6 -1 -1 -10 0 0 0 0 1.88 0.28 0.33 -5.013300237988072 -1.3175151500595506 -0.19563883344646849 -3.12
pedestrian 2 -1 -1 -10 0 0 0 0 1.79 0.36 0.65 -2.4537271083542076 -1.178579874441065 -0.18213389934381335 -0.03
pedestrian 13 -1 -1 -10 0 0 0 0 1.61 0.35 0.47 -2.60909720449454 0.4008869019459601 -0.19416866211349396 1.76
pedestrian 3 -1 -1 -10 0 0 0 0 1.87 0.31 0.35 -5.132338113001814 -1.6279321396032926 -0.18719626779298948 0.34
pedestrian 14 -1 -1 -10 0 0 0 0 2.01 0.31 0.54 -4.273071510032162 -1.6249301793862003 -0.12594356780474714 2.87
pedestrian 9 -1 -1 -10 0 0 0 0 1.77 0.47 0.61 -4.666386429275808 -0.51629829593799 -0.17109576932846593 -0.06
pedestrian 15 -1 -1 -10 0 0 0 0 1.53 0.38 0.66 -2.3697038387080434 0.6817229524297951 -0.22103740168298808 2.74
