pedestrian 4 -1 -1 -10 0 0 0 0 1.48 0.37 0.32 -2.668070685410435 0.5206767317799816 -0.3049500920419744 -0.37
pedestrian 12 -1 -1 -10 0 0 0 0 1.702 0.32 0.48 -1.061534353496794 1.026293634387387 -0.1639090978624178 2.1
pedestrian 13 -1 -1 -10 0 0 0 0 1.702 0.2 0.41 -0.42107827886725024 0.7685292353021046 -0.12552249819118683 1.83
pedestrian 10 -1 -1 -10 0 0 0 0 1.59 0.27 0.4 -2.157044286987767 -0.19753864951186342 -0.1882509652630385 2.18
pedestrian 15 -1 -1 -10 0 0 0 0 1.702 0.35 0.19 -0.16092758898468815 0.8694361954358418 -0.162120366301165 2.62
pedestrian 14 -1 -1 -10 0 0 0 0 1.67 0.44 0.37 -2.7249326734734374 -0.7895247263366373 -0.1956850314662859 1.6
pedestrian 11 -1 -1 -10 0 0 0 0 1.702 0.35 0.37 -1.4916345089654095 1.0647924105851525 -0.16953941731580102 0.95
pedestrian 8 -1 -1 -10 0 0 0 0 1.76 0.31 0.38 -2.676420676924104 -0.43935232608564945 -0.17504826104891036 3.08
pedestrian 2 -1 -1 -10 0 0 0 0 1.73 0.44 0.54 -2.0405630873375515 0.882873648928377 -0.20672785642804306 -0.79
pedestrian 1 -1 -1 -10 0 0 0 0 1.48 0.52 0.64 -1.4982392313923854 0.05476365733663182 -0.1596250210708526 -0.65
