pedestrian 8 -1 -1 -10 0 0 0 0 1.702 0.31 0.6 -1.0450519648519794 -0.9436594571843079 -0.13369076118279463 -2.52
pedestrian 3 -1 -1 -10 0 0 0 0 1.81 0.67 0.54 -2.4452550938658995 -0.9285464910124653 -0.132018710610689 -1.34
pedestrian 11 -1 -1 -10 0 0 0 0 1.702 0.48 0.45 -0.34121651596266434 0.7688084874153225 -0.11447619364944285 1.21
pedestrian 9 -1 -1 -10 0 0 0 0 1.702 0.47 0.63 -1.5177661830542744 -0.005305790151140073 -0.17988235646591536 -3.02
pedestrian 2 -1 -1 -10 0 0 0 0 1.57 0.38 0.57 -1.6026977369604065 1.1844077078484125 -0.12098903062369276 -1.26
pedestrian 6 -1 -1 -10 0 0 0 0 1.43 0.39 0.49 -1.6245798683371757 -0.915684217775404 -0.18128062420074242 0.1
pedestrian 12 -1 -1 -10 0 0 0 0 1.702 0.52 0.51 0.058415179380153115 0.7902046261345679 -0.0892430145922493 1.93
pedestrian 14 -1 -1 -10 0 0 0 0 1.702 0.42 0.39 -0.9633315660879403 -1.363377646287362 -0.15262269615784244 2.6
pedestrian 10 -1 -1 -10 0 0 0 0 1.702 0.49 0.6 -0.4260425356837811 -0.7114966545455773 -0.11558662707504463 1.89
pedestrian 13 -1 -1 -10 0 0 0 0 1.702 0.37 0.56 0.6888111446806121 0.8124036146793147 -0.12099410654973493 1.61
pedestrian 1 -1 -1 -10 0 0 0 0 1.89 0.5 0.69 -2.051164309672444 0.7928392907250237 -0.13686063644673555 -0.88
