pedestrian 6 -1 -1 -10 0 0 0 0 1.702 0.37 0.54 -0.7353422346482021 -1.0925764413942574 -0.06963129794029321 0.29
pedestrian 10 -1 -1 -10 0 0 0 0 1.46 0.46 0.64 1.5237174351275575 -0.7246897624390469 -0.08006201411615323 2.8
pedestrian 13 -1 -1 -10 0 0 0 0 1.53 0.46 0.92 1.3776046982413568 0.9548113112279096 -0.0619730210218937 3.08
pedestrian 8 -1 -1 -10 0 0 0 0 1.702 0.36 0.45 -0.25534262885553005 -0.9909015379491707 -0.09335032929302056 -1.99
pedestrian 9 -1 -1 -10 0 0 0 0 1.702 0.45 0.69 0.6536227524036685 -0.6777269337874021 -0.091452177444711 2.42
pedestrian 2 -1 -1 -10 0 0 0 0 1.53 0.55 0.61 -0.9429677534731514 1.096712086093259 -0.07234926486682272 -1.26
pedestrian 12 -1 -1 -10 0 0 0 0 1.702 0.4 0.61 0.7682366290240952 1.0126816483240906 -0.12995522680253227 2.69
pedestrian 7 -1 -1 -10 0 0 0 0 1.702 0.35 0.26 -0.6526095717620823 -1.5022946914207331 -0.16855683603341462 1.39
pedestrian 4 -1 -1 -10 0 0 0 0 1.91 0.78 0.63 -3.7355207186850325 -1.123048273793084 -0.06890235848817332 0.8
pedestrian 1 -1 -1 -10 0 0 0 0 1.91 0.56 0.77 -2.061067399597895 0.8028043232874494 -0.14699113179287915 -0.96
pedestrian 11 -1 -1 -10 0 0 0 0 1.702 0.35 0.59 0.3086627483688083 0.7510775326820621 -0.09596795126311493 1.34
pedestrian 5 -1 -1 -10 0 0 0 0 1.68 0.86 0.62 -3.901517306025587 -1.8536372371238592 -0.18108479762439916 0.91
pedestrian 3 -1 -1 -10 0 0 0 0 1.77 0.8 0.79 -2.806461118341759 -0.49980574522909593 -0.15674887008176822 -0.06
