pedestrian 6 -1 -1 -10 0 0 0 0 1.8 0.34 0.42 -4.8328804460228385 -1.3668865281876998 -0.21327872258867453 2.69
pedestrian 3 -1 -1 -10 0 0 0 0 1.87 0.3 0.3 -5.012139703569606 -1.687512895892933 -0.18562278442106525 0.2
pedestrian 15 -1 -1 -10 0 0 0 0 1.53 0.35 0.66 -2.1996845351062806 0.6723164240938053 -0.21881172708057672 2.74
pedestrian 9 -1 -1 -10 0 0 0 0 1.77 0.43 0.57 -4.546432344508985 -0.5058794786915852 -0.1695254843416131 -0.06
pedestrian 10 -1 -1 -10 0 0 0 0 1.72 0.54 0.52 -3.7351192197737304 -0.71305077165339 -0.20890909774680969 1.9
pedestrian 12 -1 -1 -10 0 0 0 0 1.63 0.09 0.25 -3.1982053480537567 0.308827965921777 -0.24188393734385555 1.85
pedestrian 8 -1 -1 -10 0 0 0 0 1.91 0.41 0.38 -4.614523694458332 -1.126120047038481 -0.1504151353443968 -3.02
pedestrian 11 -1 -1 -10 0 0 0 0 1.57 0.29 0.38 -3.5073130002170907 0.2477462295235902 -0.29593466215540265 0.71
pedestrian 1 -1 -1 -10 0 0 0 0 1.6 0.56 0.71 -1.723733038313971 -1.3060309069034646 -0.14257518310631775 0.5
pedestrian 14 -1 -1 -10 0 0 0 0 2.01 0.31 0.54 -4.273071510032162 -1.6249301793862003 -0.12594356780474714 2.87
pedestrian 16 -1 -1 -10 0 0 0 0 1.75 1.04 0.65 3.972122719100916 0.013857886118438217 -0.13801834441361746 -3.13
pedestrian 2 -1 -1 -10 0 0 0 0 1.79 0.34 0.61 -2.353736284778833 -1.1782308092995426 -0.18082494776130847 -0.09
pedestrian 13 -1 -1 -10 0 0 0 0 1.61 0.32 0.4 -2.4790393267993007 0.3813408084767834 -0.1924661112319315 1.76
