pedestrian 6 -1 -1 -10 0 0 0 0 1.702 0.43 0.56 -1.2251925286282002 -0.9742875916687818 -0.11604721674336413 -0.08
pedestrian 3 -1 -1 -10 0 0 0 0 1.89 0.49 0.75 -2.557400300124861 -0.3489339962266215 -0.12348591498058166 -0.6
pedestrian 4 -1 -1 -10 0 0 0 0 1.89 0.56 0.61 -3.588693205757483 0.007468439572502612 -0.126985421842152 -0.1
pedestrian 9 -1 -1 -10 0 0 0 0 1.702 0.57 0.6 -0.36670249034866725 -0.5612881293119955 -0.10480896653209752 2.0
pedestrian 10 -1 -1 -10 0 0 0 0 1.702 0.53 0.65 0.5434408306381264 -0.8481098697449011 -0.032889397024423964 2.35
pedestrian 5 -1 -1 -10 0 0 0 0 1.77 0.44 0.46 -3.96527266258368 -0.8138530122446705 -0.17191854416208005 0.98
pedestrian 1 -1 -1 -10 0 0 0 0 1.89 0.39 0.72 -2.2715978673454122 0.9220705554091873 -0.13974626978623603 -0.85
pedestrian 13 -1 -1 -10 0 0 0 0 1.53 0.49 0.53 1.1380106604203497 0.843974225045899 -0.06510947878622178 2.84
pedestrian 2 -1 -1 -10 0 0 0 0 1.59 0.42 0.6 -1.1229686721864103 1.176083281451142 -0.09470731956403612 -1.0
pedestrian 12 -1 -1 -10 0 0 0 0 1.702 0.35 0.52 0.5088189441061458 0.851775053730886 -0.13335119032259604 1.52
pedestrian 11 -1 -1 -10 0 0 0 0 1.702 0.36 0.68 0.058738029231584006 0.6602054181390551 -0.07923793145851947 1.33
