pedestrian 2 -1 -1 -10 0 0 0 0 1.73 0.43 0.51 -2.01407286722795 -0.9770452062868086 -0.20638108045107326 -0.36
pedestrian 10 -1 -1 -10 0 0 0 0 1.72 0.52 0.51 -3.2155159724180487 -0.6112362421516946 -0.20210711863931488 1.8
pedestrian 11 -1 -1 -10 0 0 0 0 1.57 0.32 0.3 -2.9779200916456308 0.40959529999890526 -0.2890045293625757 0.4
pedestrian 1 -1 -1 -10 0 0 0 0 1.48 0.41 0.7 -1.3943653985556783 -1.094880271328305 -0.14826438131500594 0.5
pedestrian 13 -1 -1 -10 0 0 0 0 1.49 0.28 0.39 -1.8795655984002406 0.44343483378538506 -0.16461685665834042 1.76
pedestrian 12 -1 -1 -10 0 0 0 0 1.63 0.12 0.29 -2.6186774136001034 0.4308518126615416 -0.23429750111116393 1.85
pedestrian 15 -1 -1 -10 0 0 0 0 1.702 0.32 0.59 -1.58029991628544 0.6844805670478218 -0.1707001110782392 2.69
pedestrian 16 -1 -1 -10 0 0 0 0 1.76 0.48 0.74 5.6324503526125635 0.06965206285059913 -0.16628774908350202 -3.07
pedestrian 9 -1 -1 -10 0 0 0 0 1.77 0.49 0.56 -3.917083515885777 -0.33368140399817 -0.16128685687843433 -0.1
pedestrian 8 -1 -1 -10 0 0 0 0 1.91 0.52 0.65 -3.7843904376409667 -1.1832224408233125 -0.1395480957366879 -3.02
