pedestrian 14 -1 -1 -10 0 0 0 0 1.93 0.31 0.44 -3.8737801317868166 -1.5435344062074874 -0.09071398694473186 2.73
pedestrian 1 -1 -1 -10 0 0 0 0 1.54 0.42 0.68 -1.4838859267203295 -1.1551940644151422 -0.1694379828178221 0.5
pedestrian 2 -1 -1 -10 0 0 0 0 1.77 0.4 0.6 -2.1040471721682015 -1.0573588775268021 -0.18755719502662305 -0.21
pedestrian 16 -1 -1 -10 0 0 0 0 1.91 0.68 0.84 5.192028233966524 0.0881160543810565 -0.1420506200436094 1.57
pedestrian 9 -1 -1 -10 0 0 0 0 1.77 0.45 0.57 -4.13657467842083 -0.47444849438160985 -0.16416015358980227 -0.1
pedestrian 13 -1 -1 -10 0 0 0 0 1.49 0.28 0.44 -2.009483862000974 0.42298117094825016 -0.16631757989129065 1.76
pedestrian 8 -1 -1 -10 0 0 0 0 1.91 0.48 0.6 -3.9443059483143124 -1.2037808232029041 -0.1416415044443896 -3.02
pedestrian 15 -1 -1 -10 0 0 0 0 1.47 0.38 0.64 -1.7601874062890268 0.6938521888696595 -0.18305582411464114 2.74
pedestrian 12 -1 -1 -10 0 0 0 0 1.63 0.12 0.39 -2.7684891313450324 0.38032851956636854 -0.23625864392415594 1.85
pedestrian 11 -1 -1 -10 0 0 0 0 1.57 0.26 0.22 -3.1276270988196804 0.3290721896739985 -0.29096430143910856 0.4
pedestrian 10 -1 -1 -10 0 0 0 0 1.72 0.54 0.46 -3.315506795993423 -0.611585307293217 -0.20341607022181976 1.8
