pedestrian 2 -1 -1 -10 0 0 0 0 1.73 0.42 0.57 -2.0176330266378515 0.04294857952413758 -0.2064276854906852 -0.92
pedestrian 13 -1 -1 -10 0 0 0 0 1.702 0.24 0.42 -1.0405327047353436 0.7763649705012439 -0.17363502801783046 1.72
pedestrian 11 -1 -1 -10 0 0 0 0 1.57 0.32 0.4 -2.1402659026482085 1.0625234871652571 -0.2780390353594835 0.54
pedestrian 4 -1 -1 -10 0 0 0 0 2.05 0.57 0.53 -3.841549851847789 0.6065921213133709 -0.07029035587315727 -1.74
pedestrian 9 -1 -1 -10 0 0 0 0 1.63 0.45 0.53 -3.3689052858504644 0.4382337631767017 -0.22411680834062345 -0.27
pedestrian 8 -1 -1 -10 0 0 0 0 1.71 0.5 0.44 -3.3659995752506733 -0.43176093648557595 -0.21407791370756732 3.05
pedestrian 10 -1 -1 -10 0 0 0 0 1.66 0.33 0.3 -2.7969244689617017 -0.1797727882644508 -0.20662831249111593 1.54
pedestrian 12 -1 -1 -10 0 0 0 0 1.54 0.21 0.39 -1.7512005261166574 0.9838853286045709 -0.18293817940882934 1.85
pedestrian 1 -1 -1 -10 0 0 0 0 1.48 0.44 0.67 -1.4456609588563383 -0.6850573017593719 -0.15893673378027384 -0.13
pedestrian 15 -1 -1 -10 0 0 0 0 1.702 0.28 0.5 -0.7011921680043478 0.957550695360822 -0.1691928170560689 2.62
