pedestrian 9 -1 -1 -10 0 0 0 0 1.702 0.46 0.65 0.38404893475609075 -0.7186691659758241 -0.11498280562034209 2.32
pedestrian 12 -1 -1 -10 0 0 0 0 1.702 0.39 0.54 0.6784194054243908 0.9623677943138308 -0.13113099866602138 2.69
pedestrian 3 -1 -1 -10 0 0 0 0 1.86 0.8 0.75 -2.7973695585669667 -0.38977150887258677 -0.11662642785424109 -0.06
pedestrian 8 -1 -1 -10 0 0 0 0 1.702 0.38 0.61 -0.30486682759003136 -1.0510757049793993 -0.1140003501628348 -2.34
pedestrian 6 -1 -1 -10 0 0 0 0 1.702 0.35 0.58 -0.8450354451460604 -1.1029603521265097 -0.09106897432037567 0.29
pedestrian 1 -1 -1 -10 0 0 0 0 1.89 0.44 0.68 -2.121227693222459 0.8125948232791138 -0.13777781637879508 -0.96
pedestrian 7 -1 -1 -10 0 0 0 0 1.702 0.47 0.37 -0.8329420894340209 -1.4029236179096944 -0.170917518003454 1.39
pedestrian 11 -1 -1 -10 0 0 0 0 1.702 0.25 0.53 0.2688060330331645 0.7109381503191415 -0.09648970424750465 1.33
pedestrian 5 -1 -1 -10 0 0 0 0 1.72 0.43 0.57 -3.9025033228259214 -1.533639186673366 -0.19109856208903708 1.1
pedestrian 13 -1 -1 -10 0 0 0 0 1.53 0.4 0.85 1.297437521762925 1.0045317544975811 -0.06302246684866289 2.84
pedestrian 4 -1 -1 -10 0 0 0 0 1.91 0.67 0.54 -3.7764245397294705 -0.8631894838586676 -0.06943781883715479 0.8
pedestrian 2 -1 -1 -10 0 0 0 0 1.61 0.53 0.62 -0.9827110091306667 1.1365722163429617 -0.10287210297565712 -1.26
pedestrian 10 -1 -1 -10 0 0 0 0 1.42 0.42 0.66 1.2638634406800489 -0.8355966616493621 -0.06346197564550214 2.8
