pedestrian 2 -1 -1 -10 0 0 0 0 1.61 0.5 0.58 -1.0428451173703974 1.17636253356436 -0.10365930157377229 -1.11
pedestrian 1 -1 -1 -10 0 0 0 0 1.89 0.47 0.7 -2.1714325261519054 0.8724199251678201 -0.13843503364296586 -0.94
pedestrian 10 -1 -1 -10 0 0 0 0 1.702 0.44 0.62 1.0337274651161403 -0.8663993287045971 -0.04647290699732405 2.8
pedestrian 12 -1 -1 -10 0 0 0 0 1.702 0.39 0.54 0.6784194054243908 0.9623677943138308 -0.13113099866602138 2.69
pedestrian 13 -1 -1 -10 0 0 0 0 1.53 0.46 0.79 1.2473024958807317 1.0443569782331317 -0.06367877028852757 2.84
pedestrian 5 -1 -1 -10 0 0 0 0 1.72 0.59 0.63 -3.84376535553125 -1.173431940831648 -0.19032963997704425 0.85
pedestrian 6 -1 -1 -10 0 0 0 0 1.702 0.35 0.63 -0.9846909991929047 -1.1234489214777967 -0.11289887926305653 0.29
pedestrian 9 -1 -1 -10 0 0 0 0 1.702 0.43 0.5 0.13376646224380911 -0.6695421334467405 -0.10825832586162952 2.32
pedestrian 3 -1 -1 -10 0 0 0 0 1.86 0.53 0.76 -2.6874145561576817 -0.3793875981403343 -0.11518703802563877 -0.22
pedestrian 11 -1 -1 -10 0 0 0 0 1.702 0.38 0.66 0.12873160573434603 0.6604497637381207 -0.07832166535076605 1.33
pedestrian 8 -1 -1 -10 0 0 0 0 1.702 0.34 0.58 -0.41492654057019607 -1.031459798481918 -0.11544111072789628 -2.34
