pedestrian 1 -1 -1 -10 0 0 0 0 1.48 0.65 0.62 -1.5880215514684635 -0.005550135750205735 -0.16080033602218866 -0.76
pedestrian 11 -1 -1 -10 0 0 0 0 1.702 0.37 0.34 -1.5917300431116634 1.0944431626733637 -0.1708497396347651 0.95
pedestrian 13 -1 -1 -10 0 0 0 0 1.702 0.2 0.41 -0.5411021706813259 0.7781102962088557 -0.12709369700234574 1.72
pedestrian 14 -1 -1 -10 0 0 0 0 1.67 0.44 0.28 -2.8352367111189873 -0.6999092463031107 -0.1971289904164188 1.6
pedestrian 15 -1 -1 -10 0 0 0 0 1.702 0.35 0.39 -0.2512334619151634 0.9591214884976728 -0.1633025349347969 2.62
pedestrian 2 -1 -1 -10 0 0 0 0 1.73 0.44 0.54 -2.0202507909098384 0.7929440102674804 -0.20646195390216454 -0.93
pedestrian 9 -1 -1 -10 0 0 0 0 1.7 0.43 0.52 -2.346939546519227 0.001796908250802134 -0.25074197116729935 2.18
pedestrian 4 -1 -1 -10 0 0 0 0 1.48 0.37 0.55 -2.7677822807967973 0.44032815402583597 -0.3062553883272548 -0.37
pedestrian 8 -1 -1 -10 0 0 0 0 1.76 0.17 0.25 -2.896784427549819 -0.3301209395546418 -0.17793298056410475 -2.37
pedestrian 12 -1 -1 -10 0 0 0 0 1.702 0.29 0.44 -1.1515959017618838 1.0459793539131728 -0.16508806811097831 1.94
