pedestrian 10 -1 -1 -10 0 0 0 0 1.702 0.61 0.69 0.8239910602732397 -0.9371319390378395 -0.049218506935512905 2.8
pedestrian 13 -1 -1 -10 0 0 0 0 1.53 0.49 0.53 1.1380106604203497 0.843974225045899 -0.06510947878622178 2.84
pedestrian 3 -1 -1 -10 0 0 0 0 1.86 0.73 0.79 -2.5975624290343506 -0.33907368320665254 -0.11401080924999661 -0.22
pedestrian 1 -1 -1 -10 0 0 0 0 1.89 0.4 0.72 -2.2115335661529345 0.9022801163409448 -0.13895998501242698 -0.91
pedestrian 8 -1 -1 -10 0 0 0 0 1.702 0.38 0.62 -0.5348806253370189 -1.0418786157283229 -0.11701139571474908 -2.55
pedestrian 2 -1 -1 -10 0 0 0 0 1.61 0.48 0.61 -1.0728074609193832 1.1662578749453252 -0.1040515301363707 -0.8
pedestrian 9 -1 -1 -10 0 0 0 0 1.702 0.35 0.58 -0.2065077514863094 -0.620729259545027 -0.10271190252717136 2.32
pedestrian 5 -1 -1 -10 0 0 0 0 1.77 0.49 0.72 -3.965028337918295 -0.8838525857807158 -0.17191534577700865 0.85
pedestrian 6 -1 -1 -10 0 0 0 0 1.702 0.41 0.62 -1.094995036838455 -1.0338334414442703 -0.11434283821318943 0.23
pedestrian 12 -1 -1 -10 0 0 0 0 1.702 0.35 0.52 0.5088189441061458 0.851775053730886 -0.13335119032259604 1.52
pedestrian 11 -1 -1 -10 0 0 0 0 1.702 0.36 0.68 0.058738029231584006 0.6602054181390551 -0.07923793145851947 1.33
