pedestrian 16 -1 -1 -10 0 0 0 0 1.702 0.3 0.44 -0.12626204982183206 -0.730449337274166 -0.09166057195174372 -2.95
pedestrian 2 -1 -1 -10 0 0 0 0 1.98 0.43 0.55 -3.757019703947589 -0.5431216203798702 -0.10918722281251195 0.03
pedestrian 14 -1 -1 -10 0 0 0 0 1.78 0.52 0.84 -6.075689836203313 -0.571219809816345 -0.2195471319082397 -3.07
pedestrian 10 -1 -1 -10 0 0 0 0 1.72 0.42 0.4 -5.207218151843828 -0.07818592833278307 -0.2281799283874272 2.04
pedestrian 13 -1 -1 -10 0 0 0 0 1.71 0.3 0.4 -3.841104762242524 0.8165908419215069 -0.16029224051003213 2.44
pedestrian 1 -1 -1 -10 0 0 0 0 1.91 0.37 0.68 -3.2455569030899927 -0.861339438608599 -0.1324943783800594 0.5
pedestrian 6 -1 -1 -10 0 0 0 0 1.88 0.31 0.5 -6.6471820656982175 -0.39321057774462026 -0.1570223774170921 -2.84
pedestrian 8 -1 -1 -10 0 0 0 0 1.82 0.31 0.32 -6.981811357448405 1.1656280032345088 -0.22140805558967572 2.63
pedestrian 9 -1 -1 -10 0 0 0 0 1.77 0.36 0.47 -5.768798542306032 0.19985760101887295 -0.18552713441103982 -0.06
pedestrian 15 -1 -1 -10 0 0 0 0 1.8 0.25 0.54 -3.551925405810098 1.1576010594355703 -0.18650924576119216 2.86
