pedestrian 10 -1 -1 -10 0 0 0 0 1.702 0.49 0.38 0.2234964115502191 -0.6692279748193704 -0.08708198288589498 1.89
pedestrian 4 -1 -1 -10 0 0 0 0 2.04 0.76 0.67 -3.419590173845714 -0.0019380887634872588 -0.05476574430956014 -0.03
pedestrian 13 -1 -1 -10 0 0 0 0 1.702 0.48 0.52 0.9081975656763289 0.8331714361438196 -0.07811875378957002 1.63
pedestrian 2 -1 -1 -10 0 0 0 0 1.57 0.3 0.56 -1.2726582121144183 1.1655597446622805 -0.11666857657712053 -1.16
pedestrian 9 -1 -1 -10 0 0 0 0 1.702 0.45 0.59 -0.9070892162167914 -0.36317429954465813 -0.13188472987216518 3.07
pedestrian 12 -1 -1 -10 0 0 0 0 1.702 0.37 0.48 0.2980179353399526 0.8610419560102668 -0.07610558590356892 1.68
pedestrian 6 -1 -1 -10 0 0 0 0 1.702 0.44 0.46 -1.384313945428473 -1.0348457303546852 -0.16813451418115394 -0.27
pedestrian 11 -1 -1 -10 0 0 0 0 1.702 0.26 0.62 -0.19088124536333792 0.6693326943618271 -0.11250819715415494 1.24
pedestrian 14 -1 -1 -10 0 0 0 0 1.702 0.44 0.39 -0.7533508365796544 -1.362644609490165 -0.1498738978345822 2.71
pedestrian 3 -1 -1 -10 0 0 0 0 1.71 0.59 0.41 -2.48634208873035 -0.27869007709151056 -0.22256428001530035 -0.68
pedestrian 8 -1 -1 -10 0 0 0 0 1.702 0.3 0.53 -0.8553660954938214 -0.9329962943388376 -0.11120592353670829 -2.59
pedestrian 1 -1 -1 -10 0 0 0 0 1.89 0.56 0.73 -2.2814573356084433 0.8820358925887234 -0.13987533729587429 -0.99
