pedestrian 10 -1 -1 -10 0 0 0 0 1.72 0.65 0.56 -3.075947661696042 -0.49074828203462845 -0.20028006936964474 1.72
pedestrian 11 -1 -1 -10 0 0 0 0 1.57 0.33 0.38 -2.8683141244726107 0.5199786014969369 -0.287569708655504 0.4
pedestrian 12 -1 -1 -10 0 0 0 0 1.63 0.16 0.3 -2.4687958888079216 0.46137522760355887 -0.23233544447386575 1.85
pedestrian 1 -1 -1 -10 0 0 0 0 1.48 0.41 0.72 -1.384436123245394 -1.0748454866609969 -0.14813439998106157 0.5
pedestrian 2 -1 -1 -10 0 0 0 0 1.73 0.44 0.57 -2.074381493085813 -0.8872551936825209 -0.2071705636099537 -0.36
pedestrian 15 -1 -1 -10 0 0 0 0 1.702 0.31 0.53 -1.4201575172242937 0.7150388885039913 -0.18860544583417074 2.69
pedestrian 16 -1 -1 -10 0 0 0 0 2.17 0.63 0.81 6.161310897285465 -0.028497282665111333 -0.04935516054155481 1.57
pedestrian 13 -1 -1 -10 0 0 0 0 1.702 0.26 0.4 -1.7293611927881714 0.4939581268805581 -0.19265314367256858 1.76
pedestrian 9 -1 -1 -10 0 0 0 0 1.77 0.49 0.56 -3.917083515885777 -0.33368140399817 -0.16128685687843433 -0.1
pedestrian 8 -1 -1 -10 0 0 0 0 1.91 0.52 0.65 -3.7843904376409667 -1.1832224408233125 -0.1395480957366879 -3.02
