pedestrian 11 -1 -1 -10 0 0 0 0 1.57 0.29 0.4 -2.2401520156527033 1.032174604794001 -0.2793466162055292 0.11
pedestrian 14 -1 -1 -10 0 0 0 0 1.71 0.51 0.51 -3.574828488479285 -0.7624919628098437 -0.21681163392977668 2.82
pedestrian 4 -1 -1 -10 0 0 0 0 2.05 0.53 0.43 -3.9413661578050307 0.556243360788959 -0.07159702289489686 -1.57
pedestrian 9 -1 -1 -10 0 0 0 0 1.71 0.45 0.56 -3.409180874438082 0.3680945635840474 -0.18464061748559374 -0.27
pedestrian 13 -1 -1 -10 0 0 0 0 1.702 0.24 0.4 -1.150487707144629 0.7659810597689913 -0.17507441784643277 1.72
pedestrian 12 -1 -1 -10 0 0 0 0 1.54 0.17 0.37 -1.8710149967889744 0.9334667550518546 -0.1845066367470699 1.85
pedestrian 2 -1 -1 -10 0 0 0 0 1.73 0.41 0.54 -2.0071452949495434 -0.09701566103380084 -0.2062903935622919 -0.65
pedestrian 16 -1 -1 -10 0 0 0 0 1.7 0.37 0.74 7.54667292687915 -1.1836731165951395 -0.14122920292637342 -3.08
pedestrian 1 -1 -1 -10 0 0 0 0 1.48 0.48 0.67 -1.485308253050223 -0.7851963185817599 -0.15945574529174522 0.13
pedestrian 15 -1 -1 -10 0 0 0 0 1.702 0.28 0.5 -0.8111471704136332 0.9471667846285696 -0.1706322068846712 2.62
