pedestrian 8 -1 -1 -10 0 0 0 0 1.76 0.33 0.38 -2.385679411035736 -0.6583386968599484 -0.17124224939227892 3.12
pedestrian 2 -1 -1 -10 0 0 0 0 1.73 0.54 0.54 -2.0810829696220985 1.0327331090204368 -0.20725829074334087 -0.79
pedestrian 10 -1 -1 -10 0 0 0 0 1.702 0.5 0.56 -1.8573161718954858 -0.27649096669991957 -0.14432388211533909 1.76
pedestrian 1 -1 -1 -10 0 0 0 0 1.52 0.34 0.67 -1.4885368135014447 0.21479758907603053 -0.17949972305853118 -0.72
pedestrian 15 -1 -1 -10 0 0 0 0 1.702 0.15 0.47 0.1487647359099603 0.9505178099871845 -0.15806627169262433 2.62
pedestrian 12 -1 -1 -10 0 0 0 0 1.702 0.33 0.6 -0.8014535016299416 0.9972013865256114 -0.16050445301144592 2.44
pedestrian 14 -1 -1 -10 0 0 0 0 1.67 0.47 0.49 -2.4540848617292648 -1.0385807273689744 -0.19213943938969627 1.59
pedestrian 11 -1 -1 -10 0 0 0 0 1.702 0.39 0.47 -1.3213708806982614 0.9853863087131172 -0.16731054432831827 1.07
pedestrian 13 -1 -1 -10 0 0 0 0 1.702 0.28 0.36 -0.24095518233707056 0.7291577962505333 -0.1231645576940658 1.83
pedestrian 9 -1 -1 -10 0 0 0 0 1.79 0.58 0.5 -2.5882352007960523 0.04095890821746006 -0.1638929931322627 -0.48
