pedestrian 16 -1 -1 -10 0 0 0 0 1.44 0.55 0.49 0.9521989892793626 -0.7266794337457244 0.03246668117244978 -2.98
pedestrian 14 -1 -1 -10 0 0 0 0 1.78 0.46 0.44 -5.624221498522484 -0.7396479809813187 -0.2836430852105462 3.12
pedestrian 15 -1 -1 -10 0 0 0 0 1.8 0.27 0.54 -3.08147113656782 1.1292418483709918 -0.21035323241418025 2.77
pedestrian 1 -1 -1 -10 0 0 0 0 1.91 0.29 0.69 -2.8353502017655727 -0.9299078450644026 -0.12712447850671796 0.47
pedestrian 9 -1 -1 -10 0 0 0 0 1.77 0.52 0.52 -5.368660730386403 0.15125416620207294 -0.180289043520255 -0.06
pedestrian 6 -1 -1 -10 0 0 0 0 1.88 0.32 0.49 -6.137089251369302 -0.43143010182916774 -0.15034489669770496 -2.84
pedestrian 10 -1 -1 -10 0 0 0 0 1.72 0.49 0.46 -4.797325582232046 -0.056754883099385534 -0.22281414072346328 2.04
pedestrian 13 -1 -1 -10 0 0 0 0 1.61 0.26 0.42 -3.430453002281296 0.8080220699251707 -0.2049207984883094 2.44
pedestrian 2 -1 -1 -10 0 0 0 0 1.98 0.44 0.61 -3.336744113218379 -0.6316549984746773 -0.10368551395661392 0.03
pedestrian 8 -1 -1 -10 0 0 0 0 1.82 0.44 0.76 -6.110390340826709 0.7386674896729036 -0.2100005295993017 2.79
