Pedestrian 12 0 -9999.0 -9999.0 -9999.0 -9999.0 1.7917187458354398 0.6509963780589344 0.719382921597247 -12.522226550914942 21.935849944204776 -0.754286716223584 -0.7909692528024266 
Pedestrian 13 0 -9999.0 -9999.0 -9999.0 -9999.0 1.7948577054667316 0.7669684744349815 0.7469242256746638 -12.125526941762375 21.49350661810173 -0.7497534049061121 -0.7293955274292081 
Pedestrian 14 0 -9999.0 -9999.0 -9999.0 -9999.0 1.732471289511743 0.7669684744349815 0.7469242256746638 -11.688441704726664 20.97402282974902 -0.7739333386684026 -0.7192200781850673 
Pedestrian 15 0 -9999.0 -9999.0 -9999.0 -9999.0 1.730454309455479 0.756593045828867 0.6723026087768745 -13.014962418934198 19.961031247447334 -0.7860328880730113 -0.46343664570967746 
Pedestrian 8 0 -9999.0 -9999.0 -9999.0 -9999.0 1.7 0.8880023895221163 0.8676238933367366 -3.366623154426496 27.911972118213225 -0.5986298479930722 1.4434019051074092 
Pedestrian 16 0 -9999.0 -9999.0 -9999.0 -9999.0 1.73454309455479 0.7669684744349815 0.8288237459057173 -12.66425944072705 19.2857274843456 -0.7830771098334808 -0.4472278812119139 
Pedestrian 19 0 -9999.0 -9999.0 -9999.0 -9999.0 1.7344446298232927 0.7523319215678281 0.8610359377022143 -32.67473114603956 13.513545519238802 -1.337438689818789 -0.154872244094296 
Pedestrian 20 0 -9999.0 -9999.0 -9999.0 -9999.0 1.7416778501343548 0.7523319215678281 0.9121414849438138 -32.563024398400486 12.61115547161043 -1.3489728385448227 -0.16300299227491344 
Pedestrain_sitting 9 0 -9999.0 -9999.0 -9999.0 -9999.0 1.2885621694526868 0.9014986128371726 0.8521504108363065 19.269882546200563 7.424968987035109 -0.5733310841772077 -1.6531140828335076 
Pedestrian 1 0 -9999.0 -9999.0 -9999.0 -9999.0 1.7748460571832148 1.0243696519878775 0.9163791389144812 11.874533390835772 28.721365539857164 -0.15057180917805948 2.246281928409724 
Pedestrain_sitting 10 0 -9999.0 -9999.0 -9999.0 -9999.0 1.2742786573171043 0.9366831512079417 0.8521504108363065 18.671566525354464 6.679911322543236 -0.5947826886467389 -2.9919614614546823 
Pedestrain_sitting 8 0 -9999.0 -9999.0 -9999.0 -9999.0 1.5651736293022047 1.2475448596107022 0.7925558081472202 30.890875581298225 44.07275417382442 0.13262593652381716 -2.0125302147990727 
Pedestrain_sitting 16 0 -9999.0 -9999.0 -9999.0 -9999.0 1.543411540835204 0.7580422554559316 0.7195564999239558 34.86106181802196 38.32057503900374 0.275010352990316 1.203236269510196 
Pedestrain_sitting 17 0 -9999.0 -9999.0 -9999.0 -9999.0 1.543411540835204 0.7504895997680868 0.8122327433177536 35.808779987205725 38.73875210031398 0.3000488229359618 1.203236269510196 
Pedestrian 6 0 -9999.0 -9999.0 -9999.0 -9999.0 1.7224614225436663 0.8834140282918007 0.7107229023327878 6.719092551558607 40.158159967600085 -0.37187336967373974 1.3400216265069735 
Pedestrian 7 0 -9999.0 -9999.0 -9999.0 -9999.0 1.780143193034276 0.7303102209007462 0.6293087521674467 1.1764142209131014 39.84179127891581 -0.43322165385935585 -0.40294408217020994 
Pedestrian 18 0 -9999.0 -9999.0 -9999.0 -9999.0 1.7917187458354398 0.9347194073359282 0.9121414849438138 -31.56872549490416 15.963304699188113 -1.1936801300656594 1.038066337616014 
Pedestrian 21 0 -9999.0 -9999.0 -9999.0 -9999.0 1.7917187458354398 0.7523319215678281 0.9121414849438138 -31.03216846961829 16.844389589620334 -1.184292356123178 1.038066337616014 
Pedestrain_sitting 2 0 -9999.0 -9999.0 -9999.0 -9999.0 1.2475637302788527 0.6857354050623324 0.7347686130627118 18.68978516557486 39.00723016372818 -0.32991819742602185 -2.111890421979247 
Pedestrain_sitting 5 0 -9999.0 -9999.0 -9999.0 -9999.0 1.3109368650095947 0.8496196389723055 0.6764020858934455 19.6277502905044 38.88612426037699 -0.2829585021441577 -0.9839253515545252 
Pedestrain_sitting 4 0 -9999.0 -9999.0 -9999.0 -9999.0 1.3687839801749015 0.7526261376981421 0.7243135486847805 19.30662739662139 38.00567552567844 -0.25009992464557146 1.0162987116706095 
Pedestrain_sitting 3 0 -9999.0 -9999.0 -9999.0 -9999.0 1.3502151152661026 0.6578119412370274 0.6799273164439734 18.670658982534054 38.37542766163924 -0.276218033988117 2.6173976735190134 
Pedestrain_sitting 1 0 -9999.0 -9999.0 -9999.0 -9999.0 1.2091754961307237 0.7885544709746932 0.8521504108363065 16.038695435019743 36.97334214431889 -0.3706368508258508 2.6111568997126575 
Pedestrain_sitting 6 0 -9999.0 -9999.0 -9999.0 -9999.0 1.3307229368220954 0.7913340703921866 0.6938363578556178 12.402300414549806 28.272576502698552 -0.3584271008200995 0.7394118833938652 
Pedestrain_sitting 7 0 -9999.0 -9999.0 -9999.0 -9999.0 1.4068741179306385 0.8902935156933505 0.900306663069835 12.973318274244653 28.956194381727986 -0.33784861379749603 0.5922272161818185 
Pedestrain_sitting 11 0 -9999.0 -9999.0 -9999.0 -9999.0 1.260405726630066 0.9014986128371726 0.8521504108363065 19.22935249823007 6.0534912982520215 -0.6083791838970565 1.4188357448115054 
Pedestrain_sitting 12 0 -9999.0 -9999.0 -9999.0 -9999.0 1.2091754961307237 0.9014986128371726 0.8521504108363065 20.06751172026517 6.7434521117777315 -0.6383601585696912 0.19477525386406214 
Pedestrain_sitting 13 0 -9999.0 -9999.0 -9999.0 -9999.0 1.2091754961307237 0.7960792780339185 0.8521504108363065 17.331524205332705 6.0957939196212 -0.6226615023146385 2.9652754782960464 
Pedestrain_sitting 14 0 -9999.0 -9999.0 -9999.0 -9999.0 1.2091754961307237 0.8090077022213464 0.8521504108363065 16.277145450403285 5.559430829560836 -0.5855584559802618 -0.5304357538771356 
Pedestrain_sitting 15 0 -9999.0 -9999.0 -9999.0 -9999.0 1.2091754961307237 0.8090077022213464 0.8521504108363065 15.639246681382279 4.974588382588347 -0.6329738246865353 2.611156847534968 
Pedestrain_sitting 26 0 -9999.0 -9999.0 -9999.0 -9999.0 1.58302797994914 0.9968533286638513 0.9250563818017415 26.729146596039087 42.24827907877565 0.053436680898472796 -2.102374573200388 
Pedestrian 24 0 -9999.0 -9999.0 -9999.0 -9999.0 1.831453168807585 0.8955500936377147 0.8950465018648374 14.050092425979408 9.556385802569052 -0.1624792514695117 1.905329166293848 
Pedestrian 25 0 -9999.0 -9999.0 -9999.0 -9999.0 1.795503394754761 0.9948603576618652 0.8072579577039214 13.216988867362616 9.973701079269837 -0.2454859104030987 1.9093414121197334 
Pedestrian 3 0 -9999.0 -9999.0 -9999.0 -9999.0 1.9152136027999718 0.8834140282918007 0.7728667798471431 37.32307810849891 43.18577756075059 0.7676430268413161 -0.4292837408127088 
Pedestrian 4 0 -9999.0 -9999.0 -9999.0 -9999.0 1.812297132894393 0.8834140282918007 0.7728667798471431 36.46230909673939 44.00391909288393 0.6292632805055056 -0.42923304171787713 
Pedestrian 5 0 -9999.0 -9999.0 -9999.0 -9999.0 1.7410523663752264 0.8834140282918007 0.7728667798471431 36.051553759889565 44.6871186451463 0.6559541835201337 -0.4292072038124992 
Pedestrain_sitting 30 0 -9999.0 -9999.0 -9999.0 -9999.0 1.2475637302788527 0.7265426537264068 0.6149657186432584 20.018533656126337 38.314868277518606 -0.3078426978069839 0.11679377288762627 
Pedestrian 3001 0 -9999.0 -9999.0 -9999.0 -9999.0 1.597156557078506 0.4832705133889085 0.6185723783949237 -2.016303323055745 38.55776884448224 -0.5448142391564963 0.6464107882770573 
Pedestrian 3000 0 -9999.0 -9999.0 -9999.0 -9999.0 1.597156557078506 0.4832705133889085 0.5339219876061678 -0.7078645763760096 38.8515519053205 -0.5451892744208707 -2.9981928714880404 
Pedestrain_sitting 3003 0 -9999.0 -9999.0 -9999.0 -9999.0 1.3172656411111348 0.4832705133889085 0.5339219876061678 0.132886093530018 37.950191565611334 -0.6651340875445074 -2.9981928714877704 
