Pedestrian 12 0 -9999.0 -9999.0 -9999.0 -9999.0 1.7917187458354398 0.6509963780589344 0.719382921597247 -9.808128651969374 23.561928166422796 -0.7733452683611624 -0.5044005434879004 
Pedestrian 13 0 -9999.0 -9999.0 -9999.0 -9999.0 1.7948577054667316 0.7669684744349815 0.7469242256746638 -9.486132246124825 23.102046937566296 -0.7693918804524923 -0.4824972562566803 
Pedestrian 14 0 -9999.0 -9999.0 -9999.0 -9999.0 1.732471289511743 0.7669684744349815 0.7469242256746638 -9.190531062001634 22.61439832077349 -0.7948116790948164 -0.4601239231448293 
Pedestrian 15 0 -9999.0 -9999.0 -9999.0 -9999.0 1.730454309455479 0.756593045828867 0.6723026087768745 -9.771058866616505 21.242695105561765 -0.7898642873964857 -0.36227100428408576 
Pedestrian 8 0 -9999.0 -9999.0 -9999.0 -9999.0 1.7 0.8880023895221163 0.8676238933367366 -3.4359040851309888 27.756746830080967 -0.5918633734073333 1.9718172812561292 
Pedestrian 16 0 -9999.0 -9999.0 -9999.0 -9999.0 1.73454309455479 0.7669684744349815 0.8288237459057173 -9.5352220414999 20.62924325470373 -0.8065136559848743 -0.38722410984297007 
Pedestrian 19 0 -9999.0 -9999.0 -9999.0 -9999.0 1.7344446298232927 0.7523319215678281 0.8610359377022143 -29.12482810356966 15.143428412069426 -1.1167569941350701 -0.24265199989248742 
Pedestrian 20 0 -9999.0 -9999.0 -9999.0 -9999.0 1.7416778501343548 0.7523319215678281 0.9121414849438138 -28.899277289561862 14.272224684450327 -1.1155444532458714 -0.2409000159498138 
Pedestrain_sitting 9 0 -9999.0 -9999.0 -9999.0 -9999.0 1.2885621694526868 0.9014986128371726 0.8521504108363065 19.269882546200563 7.424968987035109 -0.6000934225826471 -1.6531140828335076 
Pedestrian 1 0 -9999.0 -9999.0 -9999.0 -9999.0 1.7748460571832148 1.0243696519878775 0.9163791389144812 11.824004610089741 27.864218513911172 -0.15350654497169117 1.2081133554104717 
Pedestrain_sitting 10 0 -9999.0 -9999.0 -9999.0 -9999.0 1.2742786573171043 0.9366831512079417 0.8521504108363065 18.680875798719306 6.687391286167403 -0.6276542015115174 -2.9919614614546823 
Pedestrain_sitting 8 0 -9999.0 -9999.0 -9999.0 -9999.0 1.5651736293022047 1.2475448596107022 0.7925558081472202 30.895164787458647 44.06368417552109 0.10696780147510201 -2.0125302147990727 
Pedestrain_sitting 16 0 -9999.0 -9999.0 -9999.0 -9999.0 1.543411540835204 0.7580422554559316 0.7195564999239558 34.85695368699764 38.31999563241444 0.25447108815081215 1.203236269510196 
Pedestrain_sitting 17 0 -9999.0 -9999.0 -9999.0 -9999.0 1.543411540835204 0.7504895997680868 0.8122327433177536 35.80437130060944 38.73813030367483 0.2886035199360315 1.203236269510196 
Pedestrian 6 0 -9999.0 -9999.0 -9999.0 -9999.0 1.7224614225436663 0.8834140282918007 0.7107229023327878 7.948856767553914 35.51101590605886 -0.3085660923764973 1.340017353309702 
Pedestrian 7 0 -9999.0 -9999.0 -9999.0 -9999.0 1.780143193034276 0.7303102209007462 0.6293087521674467 1.1764142209131014 39.84179127891581 -0.4740633856345685 -0.40294408217020994 
Pedestrian 18 0 -9999.0 -9999.0 -9999.0 -9999.0 1.7917187458354398 0.9347194073359282 0.9121414849438138 -31.56872549490416 15.963304699188113 -1.1930828410726988 1.038066337616014 
Pedestrian 21 0 -9999.0 -9999.0 -9999.0 -9999.0 1.7917187458354398 0.7523319215678281 0.9121414849438138 -31.03216846961829 16.844389589620334 -1.2028615643223481 1.038066337616014 
Pedestrain_sitting 2 0 -9999.0 -9999.0 -9999.0 -9999.0 1.2475637302788527 0.6857354050623324 0.7347686130627118 18.688424251879397 39.00939505289083 -0.32328886776414284 -2.111890421979247 
Pedestrain_sitting 5 0 -9999.0 -9999.0 -9999.0 -9999.0 1.3109368650095947 0.8496196389723055 0.6764020858934455 19.598988492067 38.921870206951546 -0.2822085900444415 -0.9839253515545252 
Pedestrain_sitting 4 0 -9999.0 -9999.0 -9999.0 -9999.0 1.3687839801749015 0.7526261376981421 0.7243135486847805 19.30143372284625 37.99880242915168 -0.26042841795338717 1.0162987116706095 
Pedestrain_sitting 3 0 -9999.0 -9999.0 -9999.0 -9999.0 1.3502151152661026 0.6578119412370274 0.6799273164439734 18.662046241158 38.392094542278194 -0.2726147576282401 2.6173976735190134 
Pedestrain_sitting 1 0 -9999.0 -9999.0 -9999.0 -9999.0 1.2091754961307237 0.7885544709746932 0.8521504108363065 16.044413300265056 36.96846450241081 -0.3923013991086757 2.6111568997126575 
Pedestrain_sitting 6 0 -9999.0 -9999.0 -9999.0 -9999.0 1.3307229368220954 0.7913340703921866 0.6938363578556178 12.390529656286612 28.260853105699145 -0.36015800236099027 0.7394118881235956 
Pedestrain_sitting 7 0 -9999.0 -9999.0 -9999.0 -9999.0 1.4068741179306385 0.8902935156933505 0.900306663069835 12.955966768277747 28.921471323809385 -0.3241216713597724 0.5922272161818185 
Pedestrain_sitting 11 0 -9999.0 -9999.0 -9999.0 -9999.0 1.260405726630066 0.9014986128371726 0.8521504108363065 19.22935249823007 6.052341832235804 -0.6412955838775682 1.4188357448115063 
Pedestrain_sitting 12 0 -9999.0 -9999.0 -9999.0 -9999.0 1.2091754961307237 0.9014986128371726 0.8521504108363065 20.06751172026517 6.7434521117777315 -0.6741251515820771 0.19477525386406214 
Pedestrain_sitting 13 0 -9999.0 -9999.0 -9999.0 -9999.0 1.2091754961307237 0.7960792780339185 0.8521504108363065 17.331524205332705 6.0957939196212 -0.6543801936370137 2.9652754782960464 
Pedestrian 2 0 -9999.0 -9999.0 -9999.0 -9999.0 1.7748460571832148 0.9214435305478608 0.8568457493560336 25.01511226816669 40.471378553782415 -0.08054790269335267 2.440015674971889 
Pedestrian 3 0 -9999.0 -9999.0 -9999.0 -9999.0 1.9152136027999718 0.8834140282918007 0.7728667798471431 38.6518519802903 44.039014329679105 1.709474460418367 -0.4299224810349749 
Pedestrian 4 0 -9999.0 -9999.0 -9999.0 -9999.0 1.812297132894393 0.8834140282918007 0.7728667798471431 38.14050417213908 44.694093222362135 1.6627068833096268 -0.42992228330745696 
Pedestrian 5 0 -9999.0 -9999.0 -9999.0 -9999.0 1.7410523663752264 0.8834140282918007 0.7728667798471431 37.78075729364702 45.402532274608085 1.59835530201175 -0.428906840251857 
Pedestrain_sitting 30 0 -9999.0 -9999.0 -9999.0 -9999.0 1.2475637302788527 0.7265426537264068 0.6149657186432584 20.017285428336407 38.32055938115306 -0.3109483065352763 0.11679376935103392 
Pedestrian 3001 0 -9999.0 -9999.0 -9999.0 -9999.0 1.597156557078506 0.4832705133889085 0.6185723783949237 -2.0435825797669946 38.5277252031988 -0.6008371968921944 0.6464107882770573 
Pedestrain_sitting 3003 0 -9999.0 -9999.0 -9999.0 -9999.0 1.3172656411111348 0.4832705133889085 0.5339219876061678 0.17038857140615712 37.896428653791325 -0.7210897158941924 -2.9981928246716514 
