Pedestrian 12 0 -9999.0 -9999.0 -9999.0 -9999.0 1.7917187458354398 0.6509963780589344 0.719382921597247 -10.870115449811324 22.954252684631264 -0.7657172015127223 -0.6313018270878388 
Pedestrian 13 0 -9999.0 -9999.0 -9999.0 -9999.0 1.7948577054667316 0.7669684744349815 0.7469242256746638 -10.574652500279297 22.487323435384653 -0.7617002664388861 -0.5776239999287611 
Pedestrian 14 0 -9999.0 -9999.0 -9999.0 -9999.0 1.732471289511743 0.7669684744349815 0.7469242256746638 -10.194069928574953 21.984276695808273 -0.7864552533124444 -0.562103282390991 
Pedestrian 15 0 -9999.0 -9999.0 -9999.0 -9999.0 1.730454309455479 0.756593045828867 0.6723026087768745 -11.091837303278886 20.71181686674338 -0.7808037565684813 -0.4035830767832618 
Pedestrian 8 0 -9999.0 -9999.0 -9999.0 -9999.0 1.7 0.8880023895221163 0.8676238933367366 -3.2746238809506965 27.89932205785262 -0.5939763892276718 1.2742364275361737 
Pedestrian 16 0 -9999.0 -9999.0 -9999.0 -9999.0 1.73454309455479 0.7669684744349815 0.8288237459057173 -10.809159327212498 20.071991604021445 -0.7725900451986096 -0.4297322544398572 
Pedestrian 19 0 -9999.0 -9999.0 -9999.0 -9999.0 1.7344446298232927 0.7523319215678281 0.8610359377022143 -30.468554878816942 14.423391426429351 -1.1896458218847348 -0.1867883667624941 
Pedestrian 20 0 -9999.0 -9999.0 -9999.0 -9999.0 1.7416778501343548 0.7523319215678281 0.9121414849438138 -30.297855813735396 13.52588055036602 -1.2121825461952997 -0.19591144643664116 
Pedestrain_sitting 9 0 -9999.0 -9999.0 -9999.0 -9999.0 1.2885621694526868 0.9014986128371726 0.8521504108363065 19.269882546200563 7.424968987035109 -0.5893819632386423 -1.6531140828335076 
Pedestrian 1 0 -9999.0 -9999.0 -9999.0 -9999.0 1.7748460571832148 1.0243696519878775 0.9163791389144812 11.874974246883093 28.714207790747853 -0.15228757731995554 2.4602329903608435 
Pedestrain_sitting 10 0 -9999.0 -9999.0 -9999.0 -9999.0 1.2742786573171043 0.9366831512079417 0.8521504108363065 18.677149820007763 6.684397477291621 -0.6144975831214203 -2.9919614614546823 
Pedestrain_sitting 8 0 -9999.0 -9999.0 -9999.0 -9999.0 1.5651736293022047 1.2475448596107022 0.7925558081472202 30.89213386979925 44.070093384358366 0.11840515714919958 -2.0125302147990727 
Pedestrain_sitting 16 0 -9999.0 -9999.0 -9999.0 -9999.0 1.543411540835204 0.7580422554559316 0.7195564999239558 34.85916382659992 38.320307348238806 0.24480794323226882 1.203236269510196 
Pedestrain_sitting 17 0 -9999.0 -9999.0 -9999.0 -9999.0 1.543411540835204 0.7504895997680868 0.8122327433177536 35.80674955593409 38.73846573036839 0.2732510582446968 1.203236269510196 
Pedestrian 6 0 -9999.0 -9999.0 -9999.0 -9999.0 1.7224614225436663 0.8834140282918007 0.7107229023327878 7.455373296854872 37.38807188624806 -0.36820971618701026 1.3400172666936356 
Pedestrian 7 0 -9999.0 -9999.0 -9999.0 -9999.0 1.780143193034276 0.7303102209007462 0.6293087521674467 1.1764142209131014 39.84179127891581 -0.45653270967639986 -0.40294408217020994 
Pedestrian 18 0 -9999.0 -9999.0 -9999.0 -9999.0 1.7917187458354398 0.9347194073359282 0.9121414849438138 -31.56872549490416 15.963304699188113 -1.1911491980871638 1.038066337616014 
Pedestrian 21 0 -9999.0 -9999.0 -9999.0 -9999.0 1.7917187458354398 0.7523319215678281 0.9121414849438138 -31.03216846961829 16.844389589620334 -1.195429354338958 1.038066337616014 
Pedestrain_sitting 2 0 -9999.0 -9999.0 -9999.0 -9999.0 1.2475637302788527 0.6857354050623324 0.7347686130627118 18.688968505564315 39.008528506922715 -0.3258890283425673 -2.111890421979247 
Pedestrain_sitting 5 0 -9999.0 -9999.0 -9999.0 -9999.0 1.3109368650095947 0.8496196389723055 0.6764020858934455 19.61073637344846 38.90718586201535 -0.28231442094426357 -0.9839253515545252 
Pedestrain_sitting 4 0 -9999.0 -9999.0 -9999.0 -9999.0 1.3687839801749015 0.7526261376981421 0.7243135486847805 19.303580362649203 38.00171286498464 -0.25580607329762634 1.0162987116706095 
Pedestrain_sitting 3 0 -9999.0 -9999.0 -9999.0 -9999.0 1.3502151152661026 0.6578119412370274 0.6799273164439734 18.66562785794928 38.38518994107913 -0.27397446334357806 2.6173976735190134 
Pedestrain_sitting 1 0 -9999.0 -9999.0 -9999.0 -9999.0 1.2091754961307237 0.7885544709746932 0.8521504108363065 16.042207668823465 36.97061028128285 -0.38301833429544596 2.6111568997126575 
Pedestrain_sitting 6 0 -9999.0 -9999.0 -9999.0 -9999.0 1.3307229368220954 0.7913340703921866 0.6938363578556178 12.3951125776725 28.2654160720439 -0.358632333303075 0.7394118861396857 
Pedestrain_sitting 7 0 -9999.0 -9999.0 -9999.0 -9999.0 1.4068741179306385 0.8902935156933505 0.900306663069835 12.962911600523197 28.935369011580907 -0.32961579461655344 0.5922272161818185 
Pedestrain_sitting 11 0 -9999.0 -9999.0 -9999.0 -9999.0 1.260405726630066 0.9014986128371726 0.8521504108363065 19.22935249823007 6.052801898853059 -0.6281209996988333 1.4188357448115063 
Pedestrain_sitting 12 0 -9999.0 -9999.0 -9999.0 -9999.0 1.2091754961307237 0.9014986128371726 0.8521504108363065 20.06751172026517 6.7434521117777315 -0.6598104357755943 0.19477525386406214 
Pedestrain_sitting 13 0 -9999.0 -9999.0 -9999.0 -9999.0 1.2091754961307237 0.7960792780339185 0.8521504108363065 17.331524205332705 6.0957939196212 -0.6416849848926386 2.9652754782960464 
Pedestrian 2 0 -9999.0 -9999.0 -9999.0 -9999.0 1.7748460571832148 0.9214435305478608 0.8568457493560336 26.110475230201175 41.47899045085449 -0.005714064046344494 2.5734372097714946 
Pedestrian 3 0 -9999.0 -9999.0 -9999.0 -9999.0 1.9152136027999718 0.8834140282918007 0.7728667798471431 38.20355153389921 43.74937402291335 1.7594514730634625 -0.4292455771995929 
Pedestrian 4 0 -9999.0 -9999.0 -9999.0 -9999.0 1.812297132894393 0.8834140282918007 0.7728667798471431 37.50966123370607 44.44097504693957 1.687004691518306 -0.429241442167708 
Pedestrian 5 0 -9999.0 -9999.0 -9999.0 -9999.0 1.7410523663752264 0.8834140282918007 0.7728667798471431 37.20046884711713 45.161826049886876 1.642127540095572 -0.4289684594157812 
Pedestrain_sitting 30 0 -9999.0 -9999.0 -9999.0 -9999.0 1.2475637302788527 0.7265426537264068 0.6149657186432584 20.01778502373877 38.318281552352026 -0.30945601716447585 0.11679377082325182 
Pedestrian 3001 0 -9999.0 -9999.0 -9999.0 -9999.0 1.597156557078506 0.4832705133889085 0.6185723783949237 -2.042691364139757 38.56278632370282 -0.5893223777729777 0.6464107882770573 
Pedestrian 3000 0 -9999.0 -9999.0 -9999.0 -9999.0 1.597156557078506 0.4832705133889085 0.5339219876061678 -0.6422507938012246 38.68338196410082 -0.5893223777729777 -2.9981928434095426 
Pedestrain_sitting 3003 0 -9999.0 -9999.0 -9999.0 -9999.0 1.3172656411111348 0.4832705133889085 0.5339219876061678 0.14099956109878875 37.92444473526379 -0.6986651457497735 -2.9981928434095426 
