Pedestrian 9 0 -9999.0 -9999.0 -9999.0 -9999.0 1.8696757253435603 0.98436996304088 0.905271637899249 -8.461946190027621 21.82530442994089 -0.3957499918629762 2.719478665685802 
Pedestrian 10 0 -9999.0 -9999.0 -9999.0 -9999.0 1.7 0.8602550764107275 0.8107534420972076 -34.74915792129575 12.466567092115744 -0.8582340106615391 -0.8987087865096282 
Pedestrian 8 0 -9999.0 -9999.0 -9999.0 -9999.0 1.7 0.8880023895221163 0.8676238933367366 -4.488273586717183 26.28305155899951 -0.4831010014972538 -0.4102906767292289 
Pedestrain_sitting 9 0 -9999.0 -9999.0 -9999.0 -9999.0 1.2885621694526868 0.9014986128371726 0.8521504108363065 19.269882546200563 7.424968987035109 -0.4395387709242592 -1.6531140828335076 
Pedestrain_sitting 10 0 -9999.0 -9999.0 -9999.0 -9999.0 1.2742786573171043 0.9366831512079417 0.8521504108363065 18.625026899432502 6.642516920710184 -0.4304489267879882 -2.9919614614546823 
Pedestrain_sitting 8 0 -9999.0 -9999.0 -9999.0 -9999.0 1.5651736293022047 1.2475448596107022 0.7925558081472202 30.908921679778928 44.034593713244995 -0.049701451588142445 -2.0125302147990727 
Pedestrain_sitting 16 0 -9999.0 -9999.0 -9999.0 -9999.0 1.543411540835204 0.7580422554559316 0.7195564999239558 34.85872572503309 38.32024555884281 -0.07762952191539031 1.203236269510196 
Pedestrain_sitting 17 0 -9999.0 -9999.0 -9999.0 -9999.0 1.543411540835204 0.7504895997680868 0.8122327433177536 35.80604927237014 38.73836696309222 -0.04876384217673861 1.203236269510196 
Pedestrian 22 0 -9999.0 -9999.0 -9999.0 -9999.0 1.9055936000101243 0.8834140282918007 0.7728667798471431 -0.5583748409058655 47.46224851456789 -0.14215783646984376 -2.0265507093136783 
Pedestrian 23 0 -9999.0 -9999.0 -9999.0 -9999.0 1.7987383111512827 0.9963239470875892 0.7875912447883968 0.6423484354445186 46.87923130099808 -0.21479839505295614 1.9117008510141034 
Pedestrian 7 0 -9999.0 -9999.0 -9999.0 -9999.0 1.780143193034276 0.7303102209007462 0.6293087521674467 1.1764142209131014 39.84179127891581 -0.2618684089359206 -0.40294408217020994 
Pedestrain_sitting 5 0 -9999.0 -9999.0 -9999.0 -9999.0 1.3109368650095947 0.8496196389723055 0.6764020858934455 19.67620115579175 38.8589146760695 -0.3644496126720346 -0.9839253515545252 
Pedestrain_sitting 4 0 -9999.0 -9999.0 -9999.0 -9999.0 1.3687839801749015 0.7526261376981421 0.7243135486847805 19.312579650295785 37.993022662687075 -0.34241219619974567 1.0162987116706095 
Pedestrain_sitting 3 0 -9999.0 -9999.0 -9999.0 -9999.0 1.3502151152661026 0.6578119412370274 0.6799273164439734 18.65974479179805 38.386360277264075 -0.35214535464796287 2.6173976735190134 
Pedestrain_sitting 1 0 -9999.0 -9999.0 -9999.0 -9999.0 1.2091754961307237 0.7885544709746932 0.8521504108363065 15.987658793713821 36.94122411277595 -0.43547180016602793 2.6111568997126575 
Pedestrain_sitting 11 0 -9999.0 -9999.0 -9999.0 -9999.0 1.260405726630066 0.9014986128371726 0.8521504108363065 19.22935249823007 6.05923779599768 -0.4438210189626769 1.4188357448115045 
Pedestrain_sitting 12 0 -9999.0 -9999.0 -9999.0 -9999.0 1.2091754961307237 0.9014986128371726 0.8521504108363065 20.06751172026517 6.7434521117777315 -0.45956109115971877 0.19477525386406214 
Pedestrain_sitting 13 0 -9999.0 -9999.0 -9999.0 -9999.0 1.2091754961307237 0.7960792780339185 0.8521504108363065 17.331524205332705 6.0957939196212 -0.4640910134027173 2.9652754782960464 
Pedestrain_sitting 14 0 -9999.0 -9999.0 -9999.0 -9999.0 1.2091754961307237 0.8090077022213464 0.8521504108363065 16.277145450403285 5.564557070584004 -0.4387621196515354 -0.5304357538771356 
Pedestrain_sitting 15 0 -9999.0 -9999.0 -9999.0 -9999.0 1.2091754961307237 0.8090077022213464 0.8521504108363065 15.639246681382279 4.974588382588347 -0.42126744924851933 2.611157077734058 
Pedestrain_sitting 26 0 -9999.0 -9999.0 -9999.0 -9999.0 1.58302797994914 0.9968533286638513 0.9250563818017415 26.729146596039087 42.24827907877565 -0.1695703785552637 -2.102374573200388 
Pedestrian 170 0 -9999.0 -9999.0 -9999.0 -9999.0 1.7748460571832148 0.7804709857724903 0.7532078212951856 12.64905944158709 29.40771987319166 -0.23315958201858566 0.9516907366021803 
Pedestrian 1000 0 -9999.0 -9999.0 -9999.0 -9999.0 1.7721879053550873 0.9304902401156249 0.9503861776210242 9.222641435667237 34.97739080744486 -0.20546272358634127 0.9739034918258058 
Pedestrian 24 0 -9999.0 -9999.0 -9999.0 -9999.0 1.831453168807585 0.8955500936377147 0.8950465018648374 18.6695759582317 27.560007676779602 -0.1910305135905747 1.6112719282590335 
Pedestrian 25 0 -9999.0 -9999.0 -9999.0 -9999.0 1.795503394754761 0.9948603576618652 0.8072579577039214 17.870091949641363 27.553786903251332 -0.19206617683597593 1.5386443642256484 
Pedestrian 11 0 -9999.0 -9999.0 -9999.0 -9999.0 1.7748460571832148 0.8834140282918007 0.7728667798471431 2.597123510452325 42.206445424396286 -0.2122030551453946 -2.0248223254770004 
Pedestrian 17 0 -9999.0 -9999.0 -9999.0 -9999.0 1.7748460571832148 1.076895980783417 0.8352075682367941 11.642276695727416 30.056664589905424 -0.2265728351122665 1.2931139007184402 
Pedestrian 3 0 -9999.0 -9999.0 -9999.0 -9999.0 1.9152136027999718 0.8834140282918007 0.7728667798471431 22.95609007217774 35.26538086214038 -0.046209746028681616 -0.4289299621537239 
Pedestrian 4 0 -9999.0 -9999.0 -9999.0 -9999.0 1.812297132894393 0.8834140282918007 0.7728667798471431 23.045783687745043 36.000972677905054 -0.11051795755801859 -0.428929962319085 
Pedestrian 5 0 -9999.0 -9999.0 -9999.0 -9999.0 1.7410523663752264 0.8834140282918007 0.7728667798471431 22.627821182469177 36.62679655578244 -0.14246827241995405 -0.42843862447461234 
Pedestrain_sitting 30 0 -9999.0 -9999.0 -9999.0 -9999.0 1.2475637302788527 0.7265426537264068 0.6149657186432584 20.024773891226545 38.286416880309545 -0.3840566317783737 0.11377131122296369 
Pedestrian 3001 0 -9999.0 -9999.0 -9999.0 -9999.0 1.597156557078506 0.4832705133889085 0.6185723783949237 -2.015852972652762 38.49309924017619 -0.46481826574357 0.6464107882770573 
Pedestrian 3000 0 -9999.0 -9999.0 -9999.0 -9999.0 1.597156557078506 0.4832705133889085 0.5339219876061678 -0.5631956523079367 38.626025636588714 -0.4492513128659879 -2.9981930898009868 
Pedestrain_sitting 3003 0 -9999.0 -9999.0 -9999.0 -9999.0 1.3172656411111348 0.4832705133889085 0.5339219876061678 0.17988445610316225 37.848485270235614 -0.5959827836680262 -2.9981930897525544 
