Pedestrian 12 0 -9999.0 -9999.0 -9999.0 -9999.0 1.7917187458354398 0.6509963780589344 0.719382921597247 -15.359821493176494 19.15195079996878 -0.7301529301236086 -1.0892995020580347 
Pedestrian 9 0 -9999.0 -9999.0 -9999.0 -9999.0 1.8696757253435603 0.98436996304088 0.905271637899249 -21.865043574040875 14.69158221537582 -0.8337205179273848 2.719478665685802 
Pedestrian 13 0 -9999.0 -9999.0 -9999.0 -9999.0 1.7948577054667316 0.7669684744349815 0.7469242256746638 -14.756828596342316 18.84386381654453 -0.7211884955883218 -1.0847805422067527 
Pedestrian 14 0 -9999.0 -9999.0 -9999.0 -9999.0 1.732471289511743 0.7669684744349815 0.7469242256746638 -14.339730540831967 18.368846678163866 -0.7474951602413881 -1.0523269069876484 
Pedestrian 15 0 -9999.0 -9999.0 -9999.0 -9999.0 1.730454309455479 0.756593045828867 0.6723026087768745 -16.094321815846342 17.210962155519926 -0.8384476207503923 -0.9036569016278797 
Pedestrian 8 0 -9999.0 -9999.0 -9999.0 -9999.0 1.7 0.8880023895221163 0.8676238933367366 -3.647216202284786 27.037763832552077 -0.55886126760798 -0.33833578891093374 
Pedestrian 16 0 -9999.0 -9999.0 -9999.0 -9999.0 1.73454309455479 0.7669684744349815 0.8288237459057173 -15.624240188692914 16.727423689947663 -0.8312081196421 -0.9148884224228944 
Pedestrain_sitting 9 0 -9999.0 -9999.0 -9999.0 -9999.0 1.2885621694526868 0.9014986128371726 0.8521504108363065 19.269882546200563 7.424968987035109 -0.539442017161538 -1.6531140828335076 
Pedestrian 1 0 -9999.0 -9999.0 -9999.0 -9999.0 1.7748460571832148 1.0243696519878775 0.9163791389144812 12.325936144618689 27.661978470279294 -0.15573050249242695 0.6477939648124273 
Pedestrain_sitting 10 0 -9999.0 -9999.0 -9999.0 -9999.0 1.2742786573171043 0.9366831512079417 0.8521504108363065 18.659778221053514 6.670439467554562 -0.5531575927562199 -2.9919614614546823 
Pedestrain_sitting 8 0 -9999.0 -9999.0 -9999.0 -9999.0 1.5651736293022047 1.2475448596107022 0.7925558081472202 30.91276252819256 44.02647181672333 0.12062938562523555 -2.0125302147990727 
Pedestrain_sitting 16 0 -9999.0 -9999.0 -9999.0 -9999.0 1.543411540835204 0.7580422554559316 0.7195564999239558 34.859803880414546 38.32039762077284 0.33143591518593457 1.203236269510196 
Pedestrain_sitting 17 0 -9999.0 -9999.0 -9999.0 -9999.0 1.543411540835204 0.7504895997680868 0.8122327433177536 35.8073409494003 38.73854913989674 0.3670930576541755 1.203236269510196 
Pedestrian 6 0 -9999.0 -9999.0 -9999.0 -9999.0 1.7224614225436663 0.8834140282918007 0.7107229023327878 5.4340945265604805 45.904093942704606 -0.4018451042176399 1.34005824858719 
Pedestrian 7 0 -9999.0 -9999.0 -9999.0 -9999.0 1.780143193034276 0.7303102209007462 0.6293087521674467 1.1764142209131014 39.84179127891581 -0.3635237853121258 -0.40294408217020994 
Pedestrian 18 0 -9999.0 -9999.0 -9999.0 -9999.0 1.7917187458354398 0.9347194073359282 0.9121414849438138 -31.56872549490416 15.963304699188113 -1.1543628076999015 1.038066337616014 
Pedestrian 21 0 -9999.0 -9999.0 -9999.0 -9999.0 1.7917187458354398 0.7523319215678281 0.9121414849438138 -31.03216846961829 16.844389589620334 -1.1607782247510965 1.038066337616014 
Pedestrain_sitting 2 0 -9999.0 -9999.0 -9999.0 -9999.0 1.2475637302788527 0.6857354050623324 0.7347686130627118 18.69151828588314 39.004490153330764 -0.3394879808022467 -2.111890421979247 
Pedestrain_sitting 5 0 -9999.0 -9999.0 -9999.0 -9999.0 1.3109368650095947 0.8496196389723055 0.6764020858934455 19.65895392364997 38.84919402363707 -0.2882012099478935 -0.9839253515545252 
Pedestrain_sitting 4 0 -9999.0 -9999.0 -9999.0 -9999.0 1.3687839801749015 0.7526261376981421 0.7243135486847805 19.311703902424387 38.01085454668063 -0.24781200027612613 1.0162987116706095 
Pedestrain_sitting 3 0 -9999.0 -9999.0 -9999.0 -9999.0 1.3502151152661026 0.6578119412370274 0.6799273164439734 18.678595475546683 38.35948754338779 -0.28260317745306146 2.6173976735190134 
Pedestrain_sitting 1 0 -9999.0 -9999.0 -9999.0 -9999.0 1.2091754961307237 0.7885544709746932 0.8521504108363065 16.02962319761156 36.97524290510827 -0.3567234033668203 2.6111568997126575 
Pedestrain_sitting 6 0 -9999.0 -9999.0 -9999.0 -9999.0 1.3307229368220954 0.7913340703921866 0.6938363578556178 12.420039183586981 28.29027736929198 -0.37463646877450146 0.7394118794121258 
Pedestrain_sitting 7 0 -9999.0 -9999.0 -9999.0 -9999.0 1.4068741179306385 0.8902935156933505 0.900306663069835 12.995290433015942 29.000164083439604 -0.3552309988919805 0.5922272161818185 
Pedestrain_sitting 11 0 -9999.0 -9999.0 -9999.0 -9999.0 1.260405726630066 0.9014986128371726 0.8521504108363065 19.22935249823007 6.054946863541784 -0.5666972475895987 1.4188357448115054 
Pedestrain_sitting 12 0 -9999.0 -9999.0 -9999.0 -9999.0 1.2091754961307237 0.9014986128371726 0.8521504108363065 20.06751172026517 6.7434521117777315 -0.5930710576454848 0.19477525386406214 
Pedestrain_sitting 13 0 -9999.0 -9999.0 -9999.0 -9999.0 1.2091754961307237 0.7960792780339185 0.8521504108363065 17.331524205332705 6.0957939196212 -0.5824962208063961 2.9652754782960464 
Pedestrain_sitting 14 0 -9999.0 -9999.0 -9999.0 -9999.0 1.2091754961307237 0.8090077022213464 0.8521504108363065 16.277145450403285 5.561151181135713 -0.5362940325463919 -0.5304357538771356 
Pedestrain_sitting 15 0 -9999.0 -9999.0 -9999.0 -9999.0 1.2091754961307237 0.8090077022213464 0.8521504108363065 15.639246681382279 4.974588382588347 -0.5279338515713177 2.611156905843494 
Pedestrain_sitting 26 0 -9999.0 -9999.0 -9999.0 -9999.0 1.58302797994914 0.9968533286638513 0.9250563818017415 26.729146596039087 42.24827907877565 0.07115252242002593 -2.102374573200388 
Pedestrian 24 0 -9999.0 -9999.0 -9999.0 -9999.0 1.831453168807585 0.8955500936377147 0.8950465018648374 16.257947350458142 13.81028692153747 -0.08049961699295914 1.8750821328861296 
Pedestrian 25 0 -9999.0 -9999.0 -9999.0 -9999.0 1.795503394754761 0.9948603576618652 0.8072579577039214 15.436766335311209 14.194120122682124 -0.09612156224862378 1.9210754320027785 
Pedestrian 3 0 -9999.0 -9999.0 -9999.0 -9999.0 1.9152136027999718 0.8834140282918007 0.7728667798471431 33.554794630163045 41.45629325371731 0.3444601610296743 -0.4289169274314766 
Pedestrian 4 0 -9999.0 -9999.0 -9999.0 -9999.0 1.812297132894393 0.8834140282918007 0.7728667798471431 33.2587860321178 42.09161850524089 0.30721741296527144 -0.4289157446529792 
Pedestrian 5 0 -9999.0 -9999.0 -9999.0 -9999.0 1.7410523663752264 0.8834140282918007 0.7728667798471431 32.94948828603235 42.79849187038859 0.2586902658363263 -0.42893096710458245 
Pedestrain_sitting 30 0 -9999.0 -9999.0 -9999.0 -9999.0 1.2475637302788527 0.7265426537264068 0.6149657186432584 20.020114283147148 38.307661650446654 -0.3094176851287731 0.11679377611289432 
Pedestrian 3001 0 -9999.0 -9999.0 -9999.0 -9999.0 1.597156557078506 0.4832705133889085 0.6185723783949237 -2.104544494429249 38.55814190789251 -0.5889377102154124 0.6464107882770573 
Pedestrian 3000 0 -9999.0 -9999.0 -9999.0 -9999.0 1.597156557078506 0.4832705133889085 0.5339219876061678 -0.7896487746745917 38.91209487163638 -0.5858701038268644 -2.9981929308011086 
Pedestrain_sitting 3003 0 -9999.0 -9999.0 -9999.0 -9999.0 1.3172656411111348 0.4832705133889085 0.5339219876061678 0.07136590898654158 37.87916850095849 -0.6758568101683463 -2.998192930801265 
