Pedestrian 12 0 -9999.0 -9999.0 -9999.0 -9999.0 1.7917187458354398 0.6509963780589344 0.719382921597247 -14.15622230645755 20.614004820253207 -0.741582979627281 -0.9933044168050102 
Pedestrian 9 0 -9999.0 -9999.0 -9999.0 -9999.0 1.8696757253435603 0.98436996304088 0.905271637899249 -24.207708003840075 14.958504642471514 -1.0270232671949253 2.719478665685802 
Pedestrian 13 0 -9999.0 -9999.0 -9999.0 -9999.0 1.7948577054667316 0.7669684744349815 0.7469242256746638 -13.649967599837108 20.21198179742059 -0.7354341473599039 -0.9167466461470202 
Pedestrian 14 0 -9999.0 -9999.0 -9999.0 -9999.0 1.732471289511743 0.7669684744349815 0.7469242256746638 -13.25267006812973 19.696638169191473 -0.7600165974893967 -0.8988922409406666 
Pedestrian 15 0 -9999.0 -9999.0 -9999.0 -9999.0 1.730454309455479 0.756593045828867 0.6723026087768745 -14.980361232349463 18.846541662150933 -0.8442295580632824 -0.5413577230016422 
Pedestrian 8 0 -9999.0 -9999.0 -9999.0 -9999.0 1.7 0.8880023895221163 0.8676238933367366 -3.1445274970244084 27.651296631617047 -0.621467956083917 0.0011012225045323731 
Pedestrian 16 0 -9999.0 -9999.0 -9999.0 -9999.0 1.73454309455479 0.7669684744349815 0.8288237459057173 -14.598481722623061 18.18816200000748 -0.8302642246527833 -0.5411014611036364 
Pedestrian 19 0 -9999.0 -9999.0 -9999.0 -9999.0 1.7344446298232927 0.7523319215678281 0.8610359377022143 -35.224876517823034 13.553915236545 -1.4109799064998279 -0.1747289424621421 
Pedestrian 20 0 -9999.0 -9999.0 -9999.0 -9999.0 1.7416778501343548 0.7523319215678281 0.9121414849438138 -35.04819426541792 12.665898931073174 -1.4171917141576145 -0.16429516405429823 
Pedestrain_sitting 9 0 -9999.0 -9999.0 -9999.0 -9999.0 1.2885621694526868 0.9014986128371726 0.8521504108363065 19.269882546200563 7.424968987035109 -0.5554922842857157 -1.6531140828335076 
Pedestrian 1 0 -9999.0 -9999.0 -9999.0 -9999.0 1.7748460571832148 1.0243696519878775 0.9163791389144812 12.151028097401863 27.810127572180594 -0.1511882381635299 -3.0045950342714605 
Pedestrain_sitting 10 0 -9999.0 -9999.0 -9999.0 -9999.0 1.2742786573171043 0.9366831512079417 0.8521504108363065 18.665361302844577 6.674925451268997 -0.5728717356036294 -2.9919614614546823 
Pedestrain_sitting 8 0 -9999.0 -9999.0 -9999.0 -9999.0 1.5651736293022047 1.2475448596107022 0.7925558081472202 30.897598060733102 44.05853875148563 0.13483961055572188 -2.0125302147990727 
Pedestrain_sitting 16 0 -9999.0 -9999.0 -9999.0 -9999.0 1.543411540835204 0.7580422554559316 0.7195564999239558 34.86080644019627 38.32053902077694 0.3483023729517357 1.203236269510196 
Pedestrain_sitting 17 0 -9999.0 -9999.0 -9999.0 -9999.0 1.543411540835204 0.7504895997680868 0.8122327433177536 35.8084687284323 38.73870820069558 0.3778744086375394 1.203236269510196 
Pedestrian 6 0 -9999.0 -9999.0 -9999.0 -9999.0 1.7224614225436663 0.8834140282918007 0.7107229023327878 5.963910122996813 43.17996128149607 -0.3766016643205156 1.340009193984475 
Pedestrian 7 0 -9999.0 -9999.0 -9999.0 -9999.0 1.780143193034276 0.7303102209007462 0.6293087521674467 1.1764142209131014 39.84179127891581 -0.4031354466711008 -0.40294408217020994 
Pedestrian 18 0 -9999.0 -9999.0 -9999.0 -9999.0 1.7917187458354398 0.9347194073359282 0.9121414849438138 -31.56872549490416 15.963304699188113 -1.1912361104007445 1.038066337616014 
Pedestrian 21 0 -9999.0 -9999.0 -9999.0 -9999.0 1.7917187458354398 0.7523319215678281 0.9121414849438138 -31.03216846961829 16.844389589620334 -1.1719147983705593 1.038066337616014 
Pedestrain_sitting 2 0 -9999.0 -9999.0 -9999.0 -9999.0 1.2475637302788527 0.6857354050623324 0.7347686130627118 18.690695534905938 39.00578758357122 -0.33472484600191366 -2.111890421979247 
Pedestrain_sitting 5 0 -9999.0 -9999.0 -9999.0 -9999.0 1.3109368650095947 0.8496196389723055 0.6764020858934455 19.6452001281649 38.865047790116584 -0.28487509293711527 -0.9839253515545252 
Pedestrain_sitting 4 0 -9999.0 -9999.0 -9999.0 -9999.0 1.3687839801749015 0.7526261376981421 0.7243135486847805 19.30959423362793 38.00909383862485 -0.2467763744935983 1.0162987116706095 
Pedestrain_sitting 3 0 -9999.0 -9999.0 -9999.0 -9999.0 1.3502151152661026 0.6578119412370274 0.6799273164439734 18.675419886472053 38.36602261553983 -0.27922121629534935 2.6173976735190134 
Pedestrain_sitting 1 0 -9999.0 -9999.0 -9999.0 -9999.0 1.2091754961307237 0.7885544709746932 0.8521504108363065 16.034279643927007 36.97518238974067 -0.36065776770172725 2.6111568997126575 
Pedestrain_sitting 6 0 -9999.0 -9999.0 -9999.0 -9999.0 1.3307229368220954 0.7913340703921866 0.6938363578556178 12.411081429460593 28.281333231764457 -0.3633457629371636 0.7394118809036776 
Pedestrain_sitting 7 0 -9999.0 -9999.0 -9999.0 -9999.0 1.4068741179306385 0.8902935156933505 0.900306663069835 12.984884156047297 28.97933950725651 -0.3469984935859831 0.5922272161818185 
Pedestrain_sitting 11 0 -9999.0 -9999.0 -9999.0 -9999.0 1.260405726630066 0.9014986128371726 0.8521504108363065 19.22935249823007 6.054257490426066 -0.5864383107377321 1.4188357448115054 
Pedestrain_sitting 12 0 -9999.0 -9999.0 -9999.0 -9999.0 1.2091754961307237 0.9014986128371726 0.8521504108363065 20.06751172026517 6.7434521117777315 -0.6145205170629203 0.19477525386406214 
Pedestrain_sitting 13 0 -9999.0 -9999.0 -9999.0 -9999.0 1.2091754961307237 0.7960792780339185 0.8521504108363065 17.331524205332705 6.0957939196212 -0.6015189781170948 2.9652754782960464 
Pedestrain_sitting 14 0 -9999.0 -9999.0 -9999.0 -9999.0 1.2091754961307237 0.8090077022213464 0.8521504108363065 16.277145450403285 5.5581502984808795 -0.6222280683225125 -0.5304357538771356 
Pedestrain_sitting 15 0 -9999.0 -9999.0 -9999.0 -9999.0 1.2091754961307237 0.8090077022213464 0.8521504108363065 15.639246681382279 4.974588382588347 -0.5720170374398683 2.611156878227879 
Pedestrain_sitting 26 0 -9999.0 -9999.0 -9999.0 -9999.0 1.58302797994914 0.9968533286638513 0.9250563818017415 26.729146596039087 42.24827907877565 0.06775443725797853 -2.102374573200388 
Pedestrian 24 0 -9999.0 -9999.0 -9999.0 -9999.0 1.831453168807585 0.8955500936377147 0.8950465018648374 15.185539472602223 11.72245810393928 -0.0992307406839894 1.9942118964668651 
Pedestrian 25 0 -9999.0 -9999.0 -9999.0 -9999.0 1.795503394754761 0.9948603576618652 0.8072579577039214 14.596297628269781 12.20625426790122 -0.10576257310804899 2.0092995942524574 
Pedestrian 3 0 -9999.0 -9999.0 -9999.0 -9999.0 1.9152136027999718 0.8834140282918007 0.7728667798471431 35.71251151725283 42.4506061541082 0.6838219258402937 -0.42918576536829356 
Pedestrian 4 0 -9999.0 -9999.0 -9999.0 -9999.0 1.812297132894393 0.8834140282918007 0.7728667798471431 34.94758383546642 43.03698810877008 0.6287181669713805 -0.4291847786847036 
Pedestrian 5 0 -9999.0 -9999.0 -9999.0 -9999.0 1.7410523663752264 0.8834140282918007 0.7728667798471431 34.352221656299854 43.62513324011106 0.6007465365930439 -0.4288919479769895 
Pedestrain_sitting 30 0 -9999.0 -9999.0 -9999.0 -9999.0 1.2475637302788527 0.7265426537264068 0.6149657186432584 20.019365679301075 38.31107479514951 -0.30759012977217387 0.11679377483146247 
Pedestrian 3001 0 -9999.0 -9999.0 -9999.0 -9999.0 1.597156557078506 0.4832705133889085 0.6185723783949237 -2.0948614581128853 38.625572601281746 -0.5647431656130104 0.6464107882770573 
Pedestrian 3000 0 -9999.0 -9999.0 -9999.0 -9999.0 1.597156557078506 0.4832705133889085 0.5339219876061678 -0.8704983602612163 38.981319503179726 -0.5773793333392728 -2.998192902678758 
Pedestrain_sitting 3003 0 -9999.0 -9999.0 -9999.0 -9999.0 1.3172656411111348 0.4832705133889085 0.5339219876061678 0.1587102347656599 38.034219385487674 -0.664455289312023 -2.9981929026792287 
