Pedestrian 12 0 -9999.0 -9999.0 -9999.0 -9999.0 1.7917187458354398 0.6509963780589344 0.719382921597247 -16.12516710517107 17.851969702445363 -0.7212601341755689 -1.217816306958337 
Pedestrian 9 0 -9999.0 -9999.0 -9999.0 -9999.0 1.8696757253435603 0.98436996304088 0.905271637899249 -20.24821726819232 15.286574016098847 -0.8022288788985124 2.719478665685802 
Pedestrian 13 0 -9999.0 -9999.0 -9999.0 -9999.0 1.7948577054667316 0.7669684744349815 0.7469242256746638 -15.450461372944655 17.649144755081494 -0.709249633274919 -1.2078825545755105 
Pedestrian 14 0 -9999.0 -9999.0 -9999.0 -9999.0 1.732471289511743 0.7669684744349815 0.7469242256746638 -14.954178379602405 17.234378013690964 -0.7377532438667536 -1.1637117763878155 
Pedestrian 15 0 -9999.0 -9999.0 -9999.0 -9999.0 1.730454309455479 0.756593045828867 0.6723026087768745 -16.42736138079106 15.684119135677928 -0.7736530763265252 -1.2656412050714447 
Pedestrian 8 0 -9999.0 -9999.0 -9999.0 -9999.0 1.7 0.8880023895221163 0.8676238933367366 -4.317796042855299 26.548929700173705 -0.5051962359593766 -0.5217878396439062 
Pedestrain_sitting 9 0 -9999.0 -9999.0 -9999.0 -9999.0 1.2885621694526868 0.9014986128371726 0.8521504108363065 19.269882546200563 7.424968987035109 -0.5269546040142032 -1.6531140828335076 
Pedestrain_sitting 10 0 -9999.0 -9999.0 -9999.0 -9999.0 1.2742786573171043 0.9366831512079417 0.8521504108363065 18.655434477212932 6.666949286887726 -0.5378196145981908 -2.9919614614546823 
Pedestrain_sitting 8 0 -9999.0 -9999.0 -9999.0 -9999.0 1.5651736293022047 1.2475448596107022 0.7925558081472202 30.927206858773935 43.99592769061561 0.1015117646743208 -2.0125302147990727 
Pedestrain_sitting 16 0 -9999.0 -9999.0 -9999.0 -9999.0 1.543411540835204 0.7580422554559316 0.7195564999239558 34.859140436956295 38.32030404938744 0.23267875567391716 1.203236269510196 
Pedestrain_sitting 17 0 -9999.0 -9999.0 -9999.0 -9999.0 1.543411540835204 0.7504895997680868 0.8122327433177536 35.80659213884057 38.73844352842284 0.2708226536101175 1.203236269510196 
Pedestrian 6 0 -9999.0 -9999.0 -9999.0 -9999.0 1.7224614225436663 0.8834140282918007 0.7107229023327878 5.200678070896531 48.070359352241006 -0.32915103310417393 1.3395024886977671 
Pedestrian 7 0 -9999.0 -9999.0 -9999.0 -9999.0 1.780143193034276 0.7303102209007462 0.6293087521674467 1.1764142209131014 39.84179127891581 -0.33234797697311297 -0.40294408217020994 
Pedestrian 18 0 -9999.0 -9999.0 -9999.0 -9999.0 1.7917187458354398 0.9347194073359282 0.9121414849438138 -31.56872549490416 15.963304699188113 -1.1065516315140111 1.038066337616014 
Pedestrian 21 0 -9999.0 -9999.0 -9999.0 -9999.0 1.7917187458354398 0.7523319215678281 0.9121414849438138 -31.03216846961829 16.844389589620334 -1.1521137586237724 1.038066337616014 
Pedestrain_sitting 2 0 -9999.0 -9999.0 -9999.0 -9999.0 1.2475637302788527 0.6857354050623324 0.7347686130627118 18.69216152061441 39.00348116779779 -0.3435677771943552 -2.111890421979247 
Pedestrain_sitting 5 0 -9999.0 -9999.0 -9999.0 -9999.0 1.3109368650095947 0.8496196389723055 0.6764020858934455 19.667993889427827 38.839512550186235 -0.29215554092992013 -0.9839253515545252 
Pedestrain_sitting 4 0 -9999.0 -9999.0 -9999.0 -9999.0 1.3687839801749015 0.7526261376981421 0.7243135486847805 19.31287568755642 38.01112127188001 -0.25199536883688994 1.0162987116706095 
Pedestrain_sitting 3 0 -9999.0 -9999.0 -9999.0 -9999.0 1.3502151152661026 0.6578119412370274 0.6799273164439734 18.680120819719235 38.35604725224445 -0.2858144776357567 2.6173976735190134 
Pedestrain_sitting 1 0 -9999.0 -9999.0 -9999.0 -9999.0 1.2091754961307237 0.7885544709746932 0.8521504108363065 16.02544321002317 36.973989355232376 -0.3577750766542627 2.6111568997126575 
Pedestrain_sitting 6 0 -9999.0 -9999.0 -9999.0 -9999.0 1.3307229368220954 0.7913340703921866 0.6938363578556178 12.427885865716469 28.298120291630752 -0.3891187048302954 0.739411878873284 
Pedestrain_sitting 7 0 -9999.0 -9999.0 -9999.0 -9999.0 1.4068741179306385 0.8902935156933505 0.900306663069835 13.003386714456473 29.016365999856603 -0.3616360446272477 0.5922272161818185 
Pedestrain_sitting 11 0 -9999.0 -9999.0 -9999.0 -9999.0 1.260405726630066 0.9014986128371726 0.8521504108363065 19.22935249823007 6.055483208939778 -0.5513383249255006 1.4188357448115054 
Pedestrain_sitting 12 0 -9999.0 -9999.0 -9999.0 -9999.0 1.2091754961307237 0.9014986128371726 0.8521504108363065 20.06751172026517 6.7434521117777315 -0.576382970184995 0.19477525386406214 
Pedestrain_sitting 13 0 -9999.0 -9999.0 -9999.0 -9999.0 1.2091754961307237 0.7960792780339185 0.8521504108363065 17.331524205332705 6.0957939196212 -0.5676961537481762 2.9652754782960464 
Pedestrain_sitting 14 0 -9999.0 -9999.0 -9999.0 -9999.0 1.2091754961307237 0.8090077022213464 0.8521504108363065 16.277145450403285 5.562460724483471 -0.49879361755504925 -0.5304357538771356 
Pedestrain_sitting 15 0 -9999.0 -9999.0 -9999.0 -9999.0 1.2091754961307237 0.8090077022213464 0.8521504108363065 15.639246681382279 4.974588382588347 -0.5039202897742965 2.6111569273289668 
Pedestrain_sitting 26 0 -9999.0 -9999.0 -9999.0 -9999.0 1.58302797994914 0.9968533286638513 0.9250563818017415 26.729146596039087 42.24827907877565 0.06364276995354756 -2.102374573200388 
Pedestrian 24 0 -9999.0 -9999.0 -9999.0 -9999.0 1.831453168807585 0.8955500936377147 0.8950465018648374 16.971335986152912 15.361752176574665 -0.13963610120866976 1.7693453431714872 
Pedestrian 25 0 -9999.0 -9999.0 -9999.0 -9999.0 1.795503394754761 0.9948603576618652 0.8072579577039214 16.35779631873612 15.535198090951102 -0.17629935790887336 1.7887810226666403 
Pedestrain_sitting 27 0 -9999.0 -9999.0 -9999.0 -9999.0 1.5320100210657197 0.6772563289767681 0.7232530638305581 12.386229011560735 27.617038592120544 -0.30949841593491356 0.03721006373623581 
Pedestrian 3 0 -9999.0 -9999.0 -9999.0 -9999.0 1.9152136027999718 0.8834140282918007 0.7728667798471431 32.20029547148097 40.743349743694026 0.3138338038438762 -0.42890469382087204 
Pedestrian 4 0 -9999.0 -9999.0 -9999.0 -9999.0 1.812297132894393 0.8834140282918007 0.7728667798471431 32.02624640862927 41.375861489729225 0.2220265756515477 -0.4289131898539438 
Pedestrian 5 0 -9999.0 -9999.0 -9999.0 -9999.0 1.7410523663752264 0.8834140282918007 0.7728667798471431 31.674657373627262 42.06615076308 0.1907199656432582 -0.42893012509336614 
Pedestrain_sitting 30 0 -9999.0 -9999.0 -9999.0 -9999.0 1.2475637302788527 0.7265426537264068 0.6149657186432584 20.020696711180104 38.305006158939484 -0.312592702218641 0.11679377671099189 
Pedestrian 3001 0 -9999.0 -9999.0 -9999.0 -9999.0 1.597156557078506 0.4832705133889085 0.6185723783949237 -2.152101030853693 38.44106057982453 -0.5316185194535068 0.6464107882770573 
Pedestrian 3000 0 -9999.0 -9999.0 -9999.0 -9999.0 1.597156557078506 0.4832705133889085 0.5339219876061678 -0.5479862216861902 38.7727649602976 -0.5204310780567503 -2.9981929527617304 
Pedestrain_sitting 3003 0 -9999.0 -9999.0 -9999.0 -9999.0 1.3172656411111348 0.4832705133889085 0.5339219876061678 0.09866750952090157 37.82008841218632 -0.6374205357021786 -2.998192952762709 
Pedestrian 11 0 -9999.0 -9999.0 -9999.0 -9999.0 1.7748460571832148 0.8834140282918007 0.7728667798471431 -4.971771105650132 55.28403495751855 -0.6221537039344609 -3.0629338518918896 
