Pedestrian 12 0 -9999.0 -9999.0 -9999.0 -9999.0 1.7917187458354398 0.6509963780589344 0.719382921597247 -9.470598732063396 23.752201769344012 -0.7758837674827165 -0.46604325799127544 
Pedestrian 13 0 -9999.0 -9999.0 -9999.0 -9999.0 1.7948577054667316 0.7669684744349815 0.7469242256746638 -9.119279042922221 23.30244171342196 -0.7719273280375527 -0.45137072375101894 
Pedestrian 14 0 -9999.0 -9999.0 -9999.0 -9999.0 1.732471289511743 0.7669684744349815 0.7469242256746638 -8.855676238657393 22.820844567776827 -0.7975925644658224 -0.4249431006673561 
Pedestrian 15 0 -9999.0 -9999.0 -9999.0 -9999.0 1.730454309455479 0.756593045828867 0.6723026087768745 -9.332825657203834 21.4251387322451 -0.79351465724819 -0.3541047385654572 
Pedestrian 8 0 -9999.0 -9999.0 -9999.0 -9999.0 1.7 0.8880023895221163 0.8676238933367366 -3.520353386556954 27.695640897597492 -0.5910028273171354 2.3209073471756874 
Pedestrian 16 0 -9999.0 -9999.0 -9999.0 -9999.0 1.73454309455479 0.7669684744349815 0.8288237459057173 -9.108176356336537 20.817586567802877 -0.8010128378608334 -0.37037077112511163 
Pedestrian 19 0 -9999.0 -9999.0 -9999.0 -9999.0 1.7344446298232927 0.7523319215678281 0.8610359377022143 -28.65843538180273 15.3032342552606 -1.0786960334965843 -0.26273676994712325 
Pedestrian 20 0 -9999.0 -9999.0 -9999.0 -9999.0 1.7416778501343548 0.7523319215678281 0.9121414849438138 -28.400266102263114 14.428885753531821 -1.0701739410619249 -0.27164871371646093 
Pedestrain_sitting 9 0 -9999.0 -9999.0 -9999.0 -9999.0 1.2885621694526868 0.9014986128371726 0.8521504108363065 19.269882546200563 7.424968987035109 -0.6036580256040377 -1.6531140828335076 
Pedestrian 1 0 -9999.0 -9999.0 -9999.0 -9999.0 1.7748460571832148 1.0243696519878775 0.9163791389144812 11.868168351090599 27.777659314098045 -0.1553119556884655 0.9551802687800883 
Pedestrain_sitting 10 0 -9999.0 -9999.0 -9999.0 -9999.0 1.2742786573171043 0.9366831512079417 0.8521504108363065 18.682115745074533 6.6883875780657664 -0.6320325145086977 -2.9919614614546823 
Pedestrain_sitting 8 0 -9999.0 -9999.0 -9999.0 -9999.0 1.5651736293022047 1.2475448596107022 0.7925558081472202 30.8963620938978 44.061152339333795 0.10142716096468699 -2.0125302147990727 
Pedestrain_sitting 16 0 -9999.0 -9999.0 -9999.0 -9999.0 1.543411540835204 0.7580422554559316 0.7195564999239558 34.85615530919548 38.31988303002747 0.25969405440724624 1.203236269510196 
Pedestrain_sitting 17 0 -9999.0 -9999.0 -9999.0 -9999.0 1.543411540835204 0.7504895997680868 0.8122327433177536 35.803511664869504 38.738009061531095 0.29594767429447333 1.203236269510196 
Pedestrian 6 0 -9999.0 -9999.0 -9999.0 -9999.0 1.7224614225436663 0.8834140282918007 0.7107229023327878 8.04130918980957 34.89714291684594 -0.30788922386205986 1.3400173498729444 
Pedestrian 7 0 -9999.0 -9999.0 -9999.0 -9999.0 1.780143193034276 0.7303102209007462 0.6293087521674467 1.1764142209131014 39.84179127891581 -0.48006729447495344 -0.40294408217020994 
Pedestrian 18 0 -9999.0 -9999.0 -9999.0 -9999.0 1.7917187458354398 0.9347194073359282 0.9121414849438138 -31.56872549490416 15.963304699188113 -1.1930828410726988 1.038066337616014 
Pedestrian 21 0 -9999.0 -9999.0 -9999.0 -9999.0 1.7917187458354398 0.7523319215678281 0.9121414849438138 -31.03216846961829 16.844389589620334 -1.2137950076840334 1.038066337616014 
Pedestrain_sitting 2 0 -9999.0 -9999.0 -9999.0 -9999.0 1.2475637302788527 0.6857354050623324 0.7347686130627118 18.688243196599842 39.00968343456456 -0.3224312113346059 -2.111890421979247 
Pedestrain_sitting 5 0 -9999.0 -9999.0 -9999.0 -9999.0 1.3109368650095947 0.8496196389723055 0.6764020858934455 19.59504508247345 38.92681108142919 -0.28220126735959616 -0.9839253515545252 
Pedestrain_sitting 4 0 -9999.0 -9999.0 -9999.0 -9999.0 1.3687839801749015 0.7526261376981421 0.7243135486847805 19.3007096069769 37.99781098150061 -0.2620367796550699 1.0162987116706095 
Pedestrain_sitting 3 0 -9999.0 -9999.0 -9999.0 -9999.0 1.3502151152661026 0.6578119412370274 0.6799273164439734 18.660835038690582 38.39442584592073 -0.2721741105356755 2.6173976735190134 
Pedestrain_sitting 1 0 -9999.0 -9999.0 -9999.0 -9999.0 1.2091754961307237 0.7885544709746932 0.8521504108363065 16.045135396904783 36.967722637741055 -0.3954785088974415 2.6111568997126575 
Pedestrain_sitting 6 0 -9999.0 -9999.0 -9999.0 -9999.0 1.3307229368220954 0.7913340703921866 0.6938363578556178 12.389022944849374 28.25935317839691 -0.3607852900736203 0.7394118887968535 
Pedestrain_sitting 7 0 -9999.0 -9999.0 -9999.0 -9999.0 1.4068741179306385 0.8902935156933505 0.900306663069835 12.9536556387472 28.91684639472832 -0.322293314668863 0.5922272161818185 
Pedestrain_sitting 11 0 -9999.0 -9999.0 -9999.0 -9999.0 1.260405726630066 0.9014986128371726 0.8521504108363065 19.22935249823007 6.052188729395076 -0.6456798756029875 1.4188357448115063 
Pedestrain_sitting 12 0 -9999.0 -9999.0 -9999.0 -9999.0 1.2091754961307237 0.9014986128371726 0.8521504108363065 20.06751172026517 6.7434521117777315 -0.6788888609493443 0.19477525386406214 
Pedestrain_sitting 13 0 -9999.0 -9999.0 -9999.0 -9999.0 1.2091754961307237 0.7960792780339185 0.8521504108363065 17.331524205332705 6.0957939196212 -0.6586049568549885 2.9652754782960464 
Pedestrian 2 0 -9999.0 -9999.0 -9999.0 -9999.0 1.7748460571832148 0.9214435305478608 0.8568457493560336 24.619215609037163 40.1112869341247 -0.06115583992624184 2.439962075262807 
Pedestrian 3 0 -9999.0 -9999.0 -9999.0 -9999.0 1.9152136027999718 0.8834140282918007 0.7728667798471431 38.84560127239274 44.14126946934736 1.7221393210355362 -0.4301955039001193 
Pedestrian 4 0 -9999.0 -9999.0 -9999.0 -9999.0 1.812297132894393 0.8834140282918007 0.7728667798471431 38.350040401651455 44.79532256365308 1.6779323066237517 -0.43019540450831784 
Pedestrian 5 0 -9999.0 -9999.0 -9999.0 -9999.0 1.7410523663752264 0.8834140282918007 0.7728667798471431 37.95807962236159 45.48929525821445 1.6188753459434317 -0.43040560161408337 
Pedestrain_sitting 30 0 -9999.0 -9999.0 -9999.0 -9999.0 1.2475637302788527 0.7265426537264068 0.6149657186432584 20.01711917094574 38.3213174062891 -0.3114807046166119 0.11679376885296122 
Pedestrian 3001 0 -9999.0 -9999.0 -9999.0 -9999.0 1.597156557078506 0.4832705133889085 0.6185723783949237 -2.0396741516092516 38.50950082474558 -0.601203388509609 0.6464107882770573 
Pedestrain_sitting 3003 0 -9999.0 -9999.0 -9999.0 -9999.0 1.3172656411111348 0.4832705133889085 0.5339219876061678 0.1829148719480637 37.876937874387565 -0.7280130545060459 -2.998192818436312 
