Pedestrian 9 0 -9999.0 -9999.0 -9999.0 -9999.0 1.8696757253435603 0.98436996304088 0.905271637899249 -12.89187056104411 19.66294041317949 -0.47486875311165266 2.719478665685802 
Pedestrian 10 0 -9999.0 -9999.0 -9999.0 -9999.0 1.7 0.8602550764107275 0.8107534420972076 -34.24189925474162 14.599507222248414 -0.7957133164620769 -0.8987087865096282 
Pedestrian 8 0 -9999.0 -9999.0 -9999.0 -9999.0 1.7 0.8880023895221163 0.8676238933367366 -4.4818377867885415 26.2303672933938 -0.5144465117408412 -0.39601532322154753 
Pedestrain_sitting 9 0 -9999.0 -9999.0 -9999.0 -9999.0 1.2885621694526868 0.9014986128371726 0.8521504108363065 19.269882546200563 7.424968987035109 -0.4716532952456466 -1.6531140828335076 
Pedestrain_sitting 10 0 -9999.0 -9999.0 -9999.0 -9999.0 1.2742786573171043 0.9366831512079417 0.8521504108363065 18.63619792945837 6.651492798306985 -0.46989439614062767 -2.9919614614546823 
Pedestrain_sitting 8 0 -9999.0 -9999.0 -9999.0 -9999.0 1.5651736293022047 1.2475448596107022 0.7925558081472202 30.9424112679303 43.96377629474102 0.0012834641995696228 -2.0125302147990727 
Pedestrain_sitting 16 0 -9999.0 -9999.0 -9999.0 -9999.0 1.543411540835204 0.7580422554559316 0.7195564999239558 34.85793155539544 38.32013354997105 -0.09883049774483717 1.203236269510196 
Pedestrain_sitting 17 0 -9999.0 -9999.0 -9999.0 -9999.0 1.543411540835204 0.7504895997680868 0.8122327433177536 35.805336681349694 38.73826645998502 -0.07948475896820507 1.203236269510196 
Pedestrian 22 0 -9999.0 -9999.0 -9999.0 -9999.0 1.9055936000101243 0.8834140282918007 0.7728667798471431 -2.116334181733368 51.769455765892545 -0.02961248094915599 -2.026431331438202 
Pedestrian 23 0 -9999.0 -9999.0 -9999.0 -9999.0 1.7987383111512827 0.9963239470875892 0.7875912447883968 -2.0417279327632927 43.25539319320326 -0.2644898403999585 2.066455727213542 
Pedestrian 6 0 -9999.0 -9999.0 -9999.0 -9999.0 1.7224614225436663 0.8834140282918007 0.7107229023327878 3.983752011599235 57.341039732482415 -0.15920949492900746 1.20747197564984 
Pedestrian 7 0 -9999.0 -9999.0 -9999.0 -9999.0 1.780143193034276 0.7303102209007462 0.6293087521674467 1.1764142209131014 39.84179127891581 -0.27295178563445555 -0.40294408217020994 
Pedestrain_sitting 2 0 -9999.0 -9999.0 -9999.0 -9999.0 1.2475637302788527 0.6857354050623324 0.7347686130627118 18.695040772944754 38.9990171330526 -0.36531028521658626 -2.111890421979247 
Pedestrain_sitting 5 0 -9999.0 -9999.0 -9999.0 -9999.0 1.3109368650095947 0.8496196389723055 0.6764020858934455 19.68156394160212 38.836760970583896 -0.32956096885260516 -0.9839253515545252 
Pedestrain_sitting 4 0 -9999.0 -9999.0 -9999.0 -9999.0 1.3687839801749015 0.7526261376981421 0.7243135486847805 19.31387002275774 38.00244753783498 -0.3006959128670608 1.0162987116706095 
Pedestrain_sitting 3 0 -9999.0 -9999.0 -9999.0 -9999.0 1.3502151152661026 0.6578119412370274 0.6799273164439734 18.673115080147397 38.36486630807093 -0.3162759908133392 2.6173976735190134 
Pedestrain_sitting 1 0 -9999.0 -9999.0 -9999.0 -9999.0 1.2091754961307237 0.7885544709746932 0.8521504108363065 16.006249261016844 36.95058892269503 -0.3969435093792144 2.6111568997126575 
Pedestrain_sitting 11 0 -9999.0 -9999.0 -9999.0 -9999.0 1.260405726630066 0.9014986128371726 0.8521504108363065 19.22935249823007 6.057858448880279 -0.48332035238160587 1.4188357448115045 
Pedestrain_sitting 12 0 -9999.0 -9999.0 -9999.0 -9999.0 1.2091754961307237 0.9014986128371726 0.8521504108363065 20.06751172026517 6.7434521117777315 -0.5024787062257128 0.19477525386406214 
Pedestrain_sitting 13 0 -9999.0 -9999.0 -9999.0 -9999.0 1.2091754961307237 0.7960792780339185 0.8521504108363065 17.331524205332705 6.0957939196212 -0.5021531090418624 2.9652754782960464 
Pedestrain_sitting 14 0 -9999.0 -9999.0 -9999.0 -9999.0 1.2091754961307237 0.8090077022213464 0.8521504108363065 16.277145450403285 5.563077605516757 -0.4811284560404457 -0.5304357538771356 
Pedestrain_sitting 15 0 -9999.0 -9999.0 -9999.0 -9999.0 1.2091754961307237 0.8090077022213464 0.8521504108363065 15.639246681382279 4.974588382588347 -0.4562668927440148 2.611157022478759 
Pedestrain_sitting 26 0 -9999.0 -9999.0 -9999.0 -9999.0 1.58302797994914 0.9968533286638513 0.9250563818017415 26.729146596039087 42.24827907877565 -0.08801402507647242 -2.102374573200388 
Pedestrian 170 0 -9999.0 -9999.0 -9999.0 -9999.0 1.7748460571832148 0.7804709857724903 0.7532078212951856 12.492352514239213 29.091095823823785 -0.2032787521474547 1.2555072136014713 
Pedestrian 1000 0 -9999.0 -9999.0 -9999.0 -9999.0 1.7721879053550873 0.9304902401156249 0.9503861776210242 12.49228047523987 32.351153702369885 -0.1803131681779519 1.0570686290041316 
Pedestrian 24 0 -9999.0 -9999.0 -9999.0 -9999.0 1.831453168807585 0.8955500936377147 0.8950465018648374 18.60624550800492 23.154788875981538 -0.22476784749783385 1.7284526495512385 
Pedestrian 25 0 -9999.0 -9999.0 -9999.0 -9999.0 1.795503394754761 0.9948603576618652 0.8072579577039214 18.02080401643671 23.437129618896247 -0.2509962563009799 1.7649016272921987 
Pedestrian 11 0 -9999.0 -9999.0 -9999.0 -9999.0 1.7748460571832148 0.8834140282918007 0.7728667798471431 0.14216095036486143 47.35124698376989 -0.17662882352901346 -2.026584970698714 
Pedestrian 17 0 -9999.0 -9999.0 -9999.0 -9999.0 1.7748460571832148 1.076895980783417 0.8352075682367941 11.895172268822721 28.234812862082105 -0.22480495903753708 1.482861344825901 
Pedestrian 3 0 -9999.0 -9999.0 -9999.0 -9999.0 1.9152136027999718 0.8834140282918007 0.7728667798471431 26.453313049192573 37.44531817338679 -0.004187728575551941 -0.42893012902184324 
Pedestrian 4 0 -9999.0 -9999.0 -9999.0 -9999.0 1.812297132894393 0.8834140282918007 0.7728667798471431 26.27136410083087 38.213475746644875 -0.11510184655282947 -0.4289300981425406 
Pedestrian 5 0 -9999.0 -9999.0 -9999.0 -9999.0 1.7410523663752264 0.8834140282918007 0.7728667798471431 25.996084183279606 38.96492321316288 -0.08245534748505905 -0.4289336975792537 
Pedestrain_sitting 30 0 -9999.0 -9999.0 -9999.0 -9999.0 1.2475637302788527 0.7265426537264068 0.6149657186432584 20.023276031020494 38.293246144752565 -0.3499219112605285 0.10656397577947452 
Pedestrian 3001 0 -9999.0 -9999.0 -9999.0 -9999.0 1.597156557078506 0.4832705133889085 0.6185723783949237 -1.9745437114162674 38.479345976106124 -0.4103856334874407 0.6464107882770573 
Pedestrian 3000 0 -9999.0 -9999.0 -9999.0 -9999.0 1.597156557078506 0.4832705133889085 0.5339219876061678 -0.5210433781520748 38.70149722114024 -0.4123050124323011 -2.9981930551065847 
Pedestrain_sitting 3003 0 -9999.0 -9999.0 -9999.0 -9999.0 1.3172656411111348 0.4832705133889085 0.5339219876061678 0.11916526982574151 37.79117812206755 -0.5378902820682016 -2.9981930550956974 
