Pedestrian 9 0 -9999.0 -9999.0 -9999.0 -9999.0 1.8696757253435603 0.98436996304088 0.905271637899249 -16.056277541989594 18.178639947871986 -0.21776945401839445 2.719478665685802 
Pedestrian 10 0 -9999.0 -9999.0 -9999.0 -9999.0 1.7 0.8602550764107275 0.8107534420972076 -33.2073514679935 15.20916539824183 -0.9241581095481417 -0.8987087865096282 
Pedestrian 8 0 -9999.0 -9999.0 -9999.0 -9999.0 1.7 0.8880023895221163 0.8676238933367366 -4.545914451394317 26.260336937158048 -0.5809040361324105 -0.40703962263900095 
Pedestrain_sitting 9 0 -9999.0 -9999.0 -9999.0 -9999.0 1.2885621694526868 0.9014986128371726 0.8521504108363065 19.269882546200563 7.424968987035109 -0.4948409313816099 -1.6531140828335076 
Pedestrain_sitting 10 0 -9999.0 -9999.0 -9999.0 -9999.0 1.2742786573171043 0.9366831512079417 0.8521504108363065 18.644263743446817 6.657973647334444 -0.4983751913536575 -2.9919614614546823 
Pedestrain_sitting 8 0 -9999.0 -9999.0 -9999.0 -9999.0 1.5651736293022047 1.2475448596107022 0.7925558081472202 30.95048187959549 43.94671009848642 0.04137127546276795 -2.0125302147990727 
Pedestrain_sitting 16 0 -9999.0 -9999.0 -9999.0 -9999.0 1.543411540835204 0.7580422554559316 0.7195564999239558 34.85806031349654 38.32015170988167 -0.0483298804758704 1.203236269510196 
Pedestrain_sitting 17 0 -9999.0 -9999.0 -9999.0 -9999.0 1.543411540835204 0.7504895997680868 0.8122327433177536 35.80552767483895 38.738293397511 -0.029460609050115216 1.203236269510196 
Pedestrian 22 0 -9999.0 -9999.0 -9999.0 -9999.0 1.9055936000101243 0.8834140282918007 0.7728667798471431 -3.5981272611010504 54.23058148082624 -0.0951502618479171 -2.0329665811489868 
Pedestrian 6 0 -9999.0 -9999.0 -9999.0 -9999.0 1.7224614225436663 0.8834140282918007 0.7107229023327878 4.618509342734328 53.588912627051066 -0.033931984330153195 1.3350850423875364 
Pedestrian 7 0 -9999.0 -9999.0 -9999.0 -9999.0 1.780143193034276 0.7303102209007462 0.6293087521674467 1.1764142209131014 39.84179127891581 -0.27352036839598415 -0.40294408217020994 
Pedestrain_sitting 2 0 -9999.0 -9999.0 -9999.0 -9999.0 1.2475637302788527 0.6857354050623324 0.7347686130627118 18.693828724927595 39.000888211160714 -0.3556195802317668 -2.111890421979247 
Pedestrain_sitting 5 0 -9999.0 -9999.0 -9999.0 -9999.0 1.3109368650095947 0.8496196389723055 0.6764020858934455 19.682540690633406 38.82851498318771 -0.30948455982789497 -0.9839253515545252 
Pedestrain_sitting 4 0 -9999.0 -9999.0 -9999.0 -9999.0 1.3687839801749015 0.7526261376981421 0.7243135486847805 19.314135796437007 38.00768820112396 -0.27536538440054004 1.0162987116706095 
Pedestrain_sitting 3 0 -9999.0 -9999.0 -9999.0 -9999.0 1.3502151152661026 0.6578119412370274 0.6799273164439734 18.679081529601387 38.355812621217545 -0.29601223037935515 2.6173976735190134 
Pedestrain_sitting 1 0 -9999.0 -9999.0 -9999.0 -9999.0 1.2091754961307237 0.7885544709746932 0.8521504108363065 16.017511477890345 36.95801595146123 -0.37472238000417113 2.6111568997126575 
Pedestrain_sitting 6 0 -9999.0 -9999.0 -9999.0 -9999.0 1.3307229368220954 0.7913340703921866 0.6938363578556178 12.450482156116065 28.320725740660674 -0.44205955401228525 0.7394118792000519 
Pedestrain_sitting 11 0 -9999.0 -9999.0 -9999.0 -9999.0 1.260405726630066 0.9014986128371726 0.8521504108363065 19.22935249823007 6.056862519476394 -0.5118400390431723 1.4188357448115045 
Pedestrain_sitting 12 0 -9999.0 -9999.0 -9999.0 -9999.0 1.2091754961307237 0.9014986128371726 0.8521504108363065 20.06751172026517 6.7434521117777315 -0.5334664933096667 0.19477525386406214 
Pedestrain_sitting 13 0 -9999.0 -9999.0 -9999.0 -9999.0 1.2091754961307237 0.7960792780339185 0.8521504108363065 17.331524205332705 6.0957939196212 -0.5296350675295665 2.9652754782960464 
Pedestrain_sitting 14 0 -9999.0 -9999.0 -9999.0 -9999.0 1.2091754961307237 0.8090077022213464 0.8521504108363065 16.277145450403285 5.562749956064982 -0.49051110872948306 -0.5304357538771356 
Pedestrain_sitting 15 0 -9999.0 -9999.0 -9999.0 -9999.0 1.2091754961307237 0.8090077022213464 0.8521504108363065 15.639246681382279 4.974588382588347 -0.47066183097922004 2.6111569825827985 
Pedestrain_sitting 26 0 -9999.0 -9999.0 -9999.0 -9999.0 1.58302797994914 0.9968533286638513 0.9250563818017415 26.729146596039087 42.24827907877565 -0.017413239805704417 -2.102374573200388 
Pedestrian 1000 0 -9999.0 -9999.0 -9999.0 -9999.0 1.7721879053550873 0.9304902401156249 0.9503861776210242 12.90381382215993 30.155722480700202 -0.18488065470679577 0.9065455002156302 
Pedestrian 24 0 -9999.0 -9999.0 -9999.0 -9999.0 1.831453168807585 0.8955500936377147 0.8950465018648374 18.342671448515755 19.78085474216399 -0.09559750903328096 1.9517363213110617 
Pedestrian 25 0 -9999.0 -9999.0 -9999.0 -9999.0 1.795503394754761 0.9948603576618652 0.8072579577039214 17.573438970594538 20.0305420002488 -0.141087749611361 1.9796497476011474 
Pedestrian 11 0 -9999.0 -9999.0 -9999.0 -9999.0 1.7748460571832148 0.8834140282918007 0.7728667798471431 -1.8337123448368247 50.810620159469 -0.16386446108776592 -2.02659607969494 
Pedestrian 17 0 -9999.0 -9999.0 -9999.0 -9999.0 1.7748460571832148 1.076895980783417 0.8352075682367941 12.254209974514248 27.64344815856841 -0.2236064187008855 0.5705207778551342 
Pedestrian 3 0 -9999.0 -9999.0 -9999.0 -9999.0 1.9152136027999718 0.8834140282918007 0.7728667798471431 28.57797357822675 38.92662188832353 0.1446416289024793 -0.42892793173544064 
Pedestrian 4 0 -9999.0 -9999.0 -9999.0 -9999.0 1.812297132894393 0.8834140282918007 0.7728667798471431 28.52007208892735 39.490515730727154 -0.04457639714788983 -0.4289273245372147 
Pedestrian 5 0 -9999.0 -9999.0 -9999.0 -9999.0 1.7410523663752264 0.8834140282918007 0.7728667798471431 28.371765142150462 40.256338114852674 -0.078369590433098 -0.4289300949348931 
Pedestrain_sitting 30 0 -9999.0 -9999.0 -9999.0 -9999.0 1.2475637302788527 0.7265426537264068 0.6149657186432584 20.02219453166236 38.29817707561102 -0.32978191264550016 0.10951014587501895 
Pedestrian 3001 0 -9999.0 -9999.0 -9999.0 -9999.0 1.597156557078506 0.4832705133889085 0.6185723783949237 -1.9947848342927306 38.55865110104902 -0.4498393917488086 0.6464107882770573 
Pedestrian 3000 0 -9999.0 -9999.0 -9999.0 -9999.0 1.597156557078506 0.4832705133889085 0.5339219876061678 -0.44045289283772093 38.63342214740504 -0.4279689642691882 -2.9981930099525798 
Pedestrain_sitting 3003 0 -9999.0 -9999.0 -9999.0 -9999.0 1.3172656411111348 0.4832705133889085 0.5339219876061678 0.17895138063063276 37.813054777102444 -0.5886800067529193 -2.998193009793644 
