Pedestrian 9 0 -9999.0 -9999.0 -9999.0 -9999.0 1.8696757253435603 0.98436996304088 0.905271637899249 -12.136142826235938 19.979946604948257 -0.5071230990047667 2.719478665685802 
Pedestrian 10 0 -9999.0 -9999.0 -9999.0 -9999.0 1.7 0.8602550764107275 0.8107534420972076 -34.226874413118296 14.472559808832164 -0.7939339914444017 -0.8987087865096282 
Pedestrian 8 0 -9999.0 -9999.0 -9999.0 -9999.0 1.7 0.8880023895221163 0.8676238933367366 -4.482839265112266 26.224950143984223 -0.49269557040836165 -0.4009509669170175 
Pedestrain_sitting 9 0 -9999.0 -9999.0 -9999.0 -9999.0 1.2885621694526868 0.9014986128371726 0.8521504108363065 19.269882546200563 7.424968987035109 -0.4663026026392731 -1.6531140828335076 
Pedestrain_sitting 10 0 -9999.0 -9999.0 -9999.0 -9999.0 1.2742786573171043 0.9366831512079417 0.8521504108363065 18.63433669224474 6.6499973017082405 -0.4633222738476769 -2.9919614614546823 
Pedestrain_sitting 8 0 -9999.0 -9999.0 -9999.0 -9999.0 1.5651736293022047 1.2475448596107022 0.7925558081472202 30.938180963316317 43.972721739244356 -0.007485634803063981 -2.0125302147990727 
Pedestrain_sitting 16 0 -9999.0 -9999.0 -9999.0 -9999.0 1.543411540835204 0.7580422554559316 0.7195564999239558 34.858003133884544 38.32014364532779 -0.10014618543802387 1.203236269510196 
Pedestrain_sitting 17 0 -9999.0 -9999.0 -9999.0 -9999.0 1.543411540835204 0.7504895997680868 0.8122327433177536 35.8054049136927 38.73827608340474 -0.08123058932647509 1.203236269510196 
Pedestrian 22 0 -9999.0 -9999.0 -9999.0 -9999.0 1.9055936000101243 0.8834140282918007 0.7728667798471431 -1.9105717862477545 51.04241885622108 -0.098073519147921 -2.0265507093136783 
Pedestrian 23 0 -9999.0 -9999.0 -9999.0 -9999.0 1.7987383111512827 0.9963239470875892 0.7875912447883968 -1.7170468486074346 43.327803035076066 -0.2725929719849298 2.066087515596646 
Pedestrian 6 0 -9999.0 -9999.0 -9999.0 -9999.0 1.7224614225436663 0.8834140282918007 0.7107229023327878 3.7944762982963725 58.15241297169101 -0.09245245440519945 1.0369646971668143 
Pedestrian 7 0 -9999.0 -9999.0 -9999.0 -9999.0 1.780143193034276 0.7303102209007462 0.6293087521674467 1.1764142209131014 39.84179127891581 -0.2802399304446326 -0.40294408217020994 
Pedestrain_sitting 2 0 -9999.0 -9999.0 -9999.0 -9999.0 1.2475637302788527 0.6857354050623324 0.7347686130627118 18.695321054327053 38.99858545376674 -0.3676176677498607 -2.111890421979247 
Pedestrain_sitting 5 0 -9999.0 -9999.0 -9999.0 -9999.0 1.3109368650095947 0.8496196389723055 0.6764020858934455 19.680881945515527 38.83982349370961 -0.3349456654921881 -0.9839253515545252 
Pedestrain_sitting 4 0 -9999.0 -9999.0 -9999.0 -9999.0 1.3687839801749015 0.7526261376981421 0.7243135486847805 19.3137108123686 38.00100827710136 -0.3072451447030713 1.0162987116706095 
Pedestrain_sitting 3 0 -9999.0 -9999.0 -9999.0 -9999.0 1.3502151152661026 0.6578119412370274 0.6799273164439734 18.671196442327652 38.3679056122378 -0.3217800324532781 2.6173976735190134 
Pedestrain_sitting 1 0 -9999.0 -9999.0 -9999.0 -9999.0 1.2091754961307237 0.7885544709746932 0.8521504108363065 16.00333284357795 36.948972889151584 -0.4028939317743162 2.6111568997126575 
Pedestrain_sitting 11 0 -9999.0 -9999.0 -9999.0 -9999.0 1.260405726630066 0.9014986128371726 0.8521504108363065 19.22935249823007 6.0580882658425 -0.47673925564275144 1.4188357448115045 
Pedestrain_sitting 12 0 -9999.0 -9999.0 -9999.0 -9999.0 1.2091754961307237 0.9014986128371726 0.8521504108363065 20.06751172026517 6.7434521117777315 -0.4953280798200816 0.19477525386406214 
Pedestrain_sitting 13 0 -9999.0 -9999.0 -9999.0 -9999.0 1.2091754961307237 0.7960792780339185 0.8521504108363065 17.331524205332705 6.0957939196212 -0.495811474593806 2.9652754782960464 
Pedestrain_sitting 14 0 -9999.0 -9999.0 -9999.0 -9999.0 1.2091754961307237 0.8090077022213464 0.8521504108363065 16.277145450403285 5.563263066867136 -0.4758175378367937 -0.5304357538771356 
Pedestrain_sitting 15 0 -9999.0 -9999.0 -9999.0 -9999.0 1.2091754961307237 0.8090077022213464 0.8521504108363065 15.639246681382279 4.974588382588347 -0.45239730991557286 2.6111570316850017 
Pedestrain_sitting 26 0 -9999.0 -9999.0 -9999.0 -9999.0 1.58302797994914 0.9968533286638513 0.9250563818017415 26.729146596039087 42.24827907877565 -0.10253004471687724 -2.102374573200388 
Pedestrian 170 0 -9999.0 -9999.0 -9999.0 -9999.0 1.7748460571832148 0.7804709857724903 0.7532078212951856 12.50237007271248 29.186966874335383 -0.19351379362161525 1.1750539635156327 
Pedestrian 1000 0 -9999.0 -9999.0 -9999.0 -9999.0 1.7721879053550873 0.9304902401156249 0.9503861776210242 12.193784911723426 32.87985272567628 -0.17884865556684815 0.951100595246416 
Pedestrian 24 0 -9999.0 -9999.0 -9999.0 -9999.0 1.831453168807585 0.8955500936377147 0.8950465018648374 18.604769652430214 23.906626762264025 -0.23512021926261506 1.7150065199716469 
Pedestrian 25 0 -9999.0 -9999.0 -9999.0 -9999.0 1.795503394754761 0.9948603576618652 0.8072579577039214 17.95762574729897 24.133030608184754 -0.25216112287643266 1.7150065997018809 
Pedestrian 11 0 -9999.0 -9999.0 -9999.0 -9999.0 1.7748460571832148 0.8834140282918007 0.7728667798471431 0.5030632471796215 46.54853114168356 -0.21505727370519662 -2.026429603160963 
Pedestrian 17 0 -9999.0 -9999.0 -9999.0 -9999.0 1.7748460571832148 1.076895980783417 0.8352075682367941 11.906585495496875 28.44508854851895 -0.22847121649416155 1.4828614030916665 
Pedestrian 3 0 -9999.0 -9999.0 -9999.0 -9999.0 1.9152136027999718 0.8834140282918007 0.7728667798471431 25.727114062227198 37.19587059790044 0.0033838482969167152 -0.4289297440053996 
Pedestrian 4 0 -9999.0 -9999.0 -9999.0 -9999.0 1.812297132894393 0.8834140282918007 0.7728667798471431 25.7082666832844 37.82462859236134 -0.11393487334326763 -0.428929763988501 
Pedestrian 5 0 -9999.0 -9999.0 -9999.0 -9999.0 1.7410523663752264 0.8834140282918007 0.7728667798471431 25.421280952726015 38.58574910958282 -0.16779615508112553 -0.4289244264966321 
Pedestrain_sitting 30 0 -9999.0 -9999.0 -9999.0 -9999.0 1.2475637302788527 0.7265426537264068 0.6149657186432584 20.023525593786854 38.29210830150144 -0.3552317124268439 0.10708209444137928 
Pedestrian 3001 0 -9999.0 -9999.0 -9999.0 -9999.0 1.597156557078506 0.4832705133889085 0.6185723783949237 -1.9874787998874381 38.47411534822425 -0.42448900619868357 0.6464107882770573 
Pedestrian 3000 0 -9999.0 -9999.0 -9999.0 -9999.0 1.597156557078506 0.4832705133889085 0.5339219876061678 -0.5624039393685574 38.729427993153735 -0.428154714952758 -2.9981930663892697 
Pedestrain_sitting 3003 0 -9999.0 -9999.0 -9999.0 -9999.0 1.3172656411111348 0.4832705133889085 0.5339219876061678 0.11972548353605629 37.83141323423358 -0.5652285678185819 -2.9981930664636955 
