Pedestrian 9 0 -9999.0 -9999.0 -9999.0 -9999.0 1.8696757253435603 0.98436996304088 0.905271637899249 -13.14942338492213 19.558548756595833 -0.4697237168258382 2.719478665685802 
Pedestrian 10 0 -9999.0 -9999.0 -9999.0 -9999.0 1.7 0.8602550764107275 0.8107534420972076 -34.20233461546212 14.621862034958061 -0.7961611416519233 -0.8987087865096282 
Pedestrian 8 0 -9999.0 -9999.0 -9999.0 -9999.0 1.7 0.8880023895221163 0.8676238933367366 -4.482205109370304 26.232905477501593 -0.5221985527641629 -0.39457440030394864 
Pedestrain_sitting 9 0 -9999.0 -9999.0 -9999.0 -9999.0 1.2885621694526868 0.9014986128371726 0.8521504108363065 19.269882546200563 7.424968987035109 -0.47344028675307887 -1.6531140828335076 
Pedestrain_sitting 10 0 -9999.0 -9999.0 -9999.0 -9999.0 1.2742786573171043 0.9366831512079417 0.8521504108363065 18.63681953405029 6.651992255090985 -0.4720893132452508 -2.9919614614546823 
Pedestrain_sitting 8 0 -9999.0 -9999.0 -9999.0 -9999.0 1.5651736293022047 1.2475448596107022 0.7925558081472202 30.94365631284894 43.961143510286895 0.004246221620534174 -2.0125302147990727 
Pedestrain_sitting 16 0 -9999.0 -9999.0 -9999.0 -9999.0 1.543411540835204 0.7580422554559316 0.7195564999239558 34.85791563374617 38.32013130439795 -0.0977790069905264 1.203236269510196 
Pedestrain_sitting 17 0 -9999.0 -9999.0 -9999.0 -9999.0 1.543411540835204 0.7504895997680868 0.8122327433177536 35.80532028997033 38.738264148161676 -0.07803215121797949 1.203236269510196 
Pedestrian 22 0 -9999.0 -9999.0 -9999.0 -9999.0 1.9055936000101243 0.8834140282918007 0.7728667798471431 -2.2010616775036183 51.98824245380714 -0.006595024060019106 -2.0265507093136783 
Pedestrian 23 0 -9999.0 -9999.0 -9999.0 -9999.0 1.7987383111512827 0.9963239470875892 0.7875912447883968 -2.154941222455263 43.25483336281594 -0.26672240546745796 2.0644630390382623 
Pedestrian 6 0 -9999.0 -9999.0 -9999.0 -9999.0 1.7224614225436663 0.8834140282918007 0.7107229023327878 4.034357453403151 57.036265743646695 -0.19066275083719453 1.2552468131197188 
Pedestrian 7 0 -9999.0 -9999.0 -9999.0 -9999.0 1.780143193034276 0.7303102209007462 0.6293087521674467 1.1764142209131014 39.84179127891581 -0.27120905825043573 -0.40294408217020994 
Pedestrain_sitting 2 0 -9999.0 -9999.0 -9999.0 -9999.0 1.2475637302788527 0.6857354050623324 0.7347686130627118 18.69494720443781 38.99916130803423 -0.36454425448496347 -2.111890421979247 
Pedestrain_sitting 5 0 -9999.0 -9999.0 -9999.0 -9999.0 1.3109368650095947 0.8496196389723055 0.6764020858934455 19.68176541556962 38.83581631043233 -0.3278158539155091 -0.9839253515545252 
Pedestrain_sitting 4 0 -9999.0 -9999.0 -9999.0 -9999.0 1.3687839801749015 0.7526261376981421 0.7243135486847805 19.313916260120326 38.002911922082255 -0.29855852165500263 1.0162987116706095 
Pedestrain_sitting 3 0 -9999.0 -9999.0 -9999.0 -9999.0 1.3502151152661026 0.6578119412370274 0.6799273164439734 18.673717437733547 38.363918623862794 -0.3144964946712679 2.6173976735190134 
Pedestrain_sitting 1 0 -9999.0 -9999.0 -9999.0 -9999.0 1.2091754961307237 0.7885544709746932 0.8521504108363065 16.007200767462763 36.951135564643344 -0.39501451485916694 2.6111568997126575 
Pedestrain_sitting 11 0 -9999.0 -9999.0 -9999.0 -9999.0 1.260405726630066 0.9014986128371726 0.8521504108363065 19.22935249823007 6.057781696020423 -0.48551826671664255 1.4188357448115045 
Pedestrain_sitting 12 0 -9999.0 -9999.0 -9999.0 -9999.0 1.2091754961307237 0.9014986128371726 0.8521504108363065 20.06751172026517 6.7434521117777315 -0.5048668285866318 0.19477525386406214 
Pedestrain_sitting 13 0 -9999.0 -9999.0 -9999.0 -9999.0 1.2091754961307237 0.7960792780339185 0.8521504108363065 17.331524205332705 6.0957939196212 -0.5042710492293472 2.9652754782960464 
Pedestrain_sitting 14 0 -9999.0 -9999.0 -9999.0 -9999.0 1.2091754961307237 0.8090077022213464 0.8521504108363065 16.277145450403285 5.5630233981395225 -0.4826807522247386 -0.5304357538771356 
Pedestrain_sitting 15 0 -9999.0 -9999.0 -9999.0 -9999.0 1.2091754961307237 0.8090077022213464 0.8521504108363065 15.639246681382279 4.974588382588347 -0.4574635617989592 2.6111570194041143 
Pedestrain_sitting 26 0 -9999.0 -9999.0 -9999.0 -9999.0 1.58302797994914 0.9968533286638513 0.9250563818017415 26.729146596039087 42.24827907877565 -0.08304316067862334 -2.102374573200388 
Pedestrian 170 0 -9999.0 -9999.0 -9999.0 -9999.0 1.7748460571832148 0.7804709857724903 0.7532078212951856 12.4864605133565 29.047811461833792 -0.20767252597926347 1.2751162318378224 
Pedestrian 1000 0 -9999.0 -9999.0 -9999.0 -9999.0 1.7721879053550873 0.9304902401156249 0.9503861776210242 12.54672459589289 32.16425797519011 -0.18150742015477958 1.0889892943111192 
Pedestrian 24 0 -9999.0 -9999.0 -9999.0 -9999.0 1.831453168807585 0.8955500936377147 0.8950465018648374 18.633083151595038 22.897300288251568 -0.21528218246440273 1.7370682799536556 
Pedestrian 25 0 -9999.0 -9999.0 -9999.0 -9999.0 1.795503394754761 0.9948603576618652 0.8072579577039214 18.04424694709486 23.187173166622465 -0.2444251596825205 1.7868427110486227 
Pedestrian 11 0 -9999.0 -9999.0 -9999.0 -9999.0 1.7748460571832148 0.8834140282918007 0.7728667798471431 0.013581179527316467 47.622795126580066 -0.1667370669314273 -2.026618755778845 
Pedestrian 17 0 -9999.0 -9999.0 -9999.0 -9999.0 1.7748460571832148 1.076895980783417 0.8352075682367941 11.927394979797452 28.157729967837117 -0.22630351685627792 1.5278002474787051 
Pedestrian 3 0 -9999.0 -9999.0 -9999.0 -9999.0 1.9152136027999718 0.8834140282918007 0.7728667798471431 26.640367868392513 37.57156616518218 -0.00843973740325752 -0.42893034741289604 
Pedestrian 4 0 -9999.0 -9999.0 -9999.0 -9999.0 1.812297132894393 0.8834140282918007 0.7728667798471431 26.449212134630734 38.33805874474366 -0.11505315520415203 -0.42893027604271694 
Pedestrian 5 0 -9999.0 -9999.0 -9999.0 -9999.0 1.7410523663752264 0.8834140282918007 0.7728667798471431 26.184600663622057 39.08408628006365 -0.05387857540214008 -0.42893288088665926 
Pedestrain_sitting 30 0 -9999.0 -9999.0 -9999.0 -9999.0 1.2475637302788527 0.7265426537264068 0.6149657186432584 20.02319268357805 38.29362615466458 -0.3481955043056359 0.10647581169303244 
Pedestrian 3001 0 -9999.0 -9999.0 -9999.0 -9999.0 1.597156557078506 0.4832705133889085 0.6185723783949237 -1.9767983595530743 38.4841219819527 -0.40844238959237494 0.6464107882770573 
Pedestrian 3000 0 -9999.0 -9999.0 -9999.0 -9999.0 1.597156557078506 0.4832705133889085 0.5339219876061678 -0.5146662425763598 38.69986595653723 -0.40792388762813375 -2.9981930512322634 
Pedestrain_sitting 3003 0 -9999.0 -9999.0 -9999.0 -9999.0 1.3172656411111348 0.4832705133889085 0.5339219876061678 0.12778726629135922 37.76508168340012 -0.5290393339096309 -2.9981930512176973 
