Pedestrian 9 0 -9999.0 -9999.0 -9999.0 -9999.0 1.8696757253435603 0.98436996304088 0.905271637899249 -16.48744512220793 17.914295166954894 -0.23998184282690654 2.719478665685802 
Pedestrian 10 0 -9999.0 -9999.0 -9999.0 -9999.0 1.7 0.8602550764107275 0.8107534420972076 -32.178111850602946 15.747870439017268 -0.6414358359708928 -0.8987087865096282 
Pedestrian 8 0 -9999.0 -9999.0 -9999.0 -9999.0 1.7 0.8880023895221163 0.8676238933367366 -4.571514621645036 26.259748211459108 -0.5760614201896302 -0.4178723139617979 
Pedestrain_sitting 9 0 -9999.0 -9999.0 -9999.0 -9999.0 1.2885621694526868 0.9014986128371726 0.8521504108363065 19.269882546200563 7.424968987035109 -0.4984040114099024 -1.6531140828335076 
Pedestrain_sitting 10 0 -9999.0 -9999.0 -9999.0 -9999.0 1.2742786573171043 0.9366831512079417 0.8521504108363065 18.645503160029243 6.658969513562494 -0.5027516336963957 -2.9919614614546823 
Pedestrain_sitting 8 0 -9999.0 -9999.0 -9999.0 -9999.0 1.5651736293022047 1.2475448596107022 0.7925558081472202 30.949907354185612 43.94792499567204 0.04790021687399576 -2.0125302147990727 
Pedestrain_sitting 16 0 -9999.0 -9999.0 -9999.0 -9999.0 1.543411540835204 0.7580422554559316 0.7195564999239558 34.85813658655467 38.320162467355615 -0.029849738105387158 1.203236269510196 
Pedestrain_sitting 17 0 -9999.0 -9999.0 -9999.0 -9999.0 1.543411540835204 0.7504895997680868 0.8122327433177536 35.805580687258576 38.73830087432833 -0.006651749361692272 1.203236269510196 
Pedestrian 22 0 -9999.0 -9999.0 -9999.0 -9999.0 1.9055936000101243 0.8834140282918007 0.7728667798471431 -3.8430242296745334 54.709356924905116 -0.13057745165303963 -2.0144347232259996 
Pedestrian 6 0 -9999.0 -9999.0 -9999.0 -9999.0 1.7224614225436663 0.8834140282918007 0.7107229023327878 4.72283251227912 53.01891036228986 -0.012650639991048106 1.33783094688593 
Pedestrian 7 0 -9999.0 -9999.0 -9999.0 -9999.0 1.780143193034276 0.7303102209007462 0.6293087521674467 1.1764142209131014 39.84179127891581 -0.277436452753998 -0.40294408217020994 
Pedestrain_sitting 2 0 -9999.0 -9999.0 -9999.0 -9999.0 1.2475637302788527 0.6857354050623324 0.7347686130627118 18.69364297690518 39.00117579685209 -0.3541902934875781 -2.111890421979247 
Pedestrain_sitting 5 0 -9999.0 -9999.0 -9999.0 -9999.0 1.3109368650095947 0.8496196389723055 0.6764020858934455 19.681642052065698 38.82859239387652 -0.30697323393198267 -0.9839253515545252 
Pedestrain_sitting 4 0 -9999.0 -9999.0 -9999.0 -9999.0 1.3687839801749015 0.7526261376981421 0.7243135486847805 19.31410162484973 38.008317279295674 -0.2720125704369727 1.0162987116706095 
Pedestrain_sitting 3 0 -9999.0 -9999.0 -9999.0 -9999.0 1.3502151152661026 0.6578119412370274 0.6799273164439734 18.67959473142819 38.3551291450336 -0.29351526048027554 2.6173976735190134 
Pedestrain_sitting 1 0 -9999.0 -9999.0 -9999.0 -9999.0 1.2091754961307237 0.7885544709746932 0.8521504108363065 16.018998678810796 36.95923215914809 -0.3719383337945786 2.6111568997126575 
Pedestrain_sitting 6 0 -9999.0 -9999.0 -9999.0 -9999.0 1.3307229368220954 0.7913340703921866 0.6938363578556178 12.447891514174142 28.318137863174137 -0.43553876689768434 0.7394118791071369 
Pedestrain_sitting 11 0 -9999.0 -9999.0 -9999.0 -9999.0 1.260405726630066 0.9014986128371726 0.8521504108363065 19.22935249823007 6.056709482049562 -0.5162224575597102 1.4188357448115045 
Pedestrain_sitting 12 0 -9999.0 -9999.0 -9999.0 -9999.0 1.2091754961307237 0.9014986128371726 0.8521504108363065 20.06751172026517 6.7434521117777315 -0.5382281673601134 0.19477525386406214 
Pedestrain_sitting 13 0 -9999.0 -9999.0 -9999.0 -9999.0 1.2091754961307237 0.7960792780339185 0.8521504108363065 17.331524205332705 6.0957939196212 -0.5338580256979514 2.9652754782960464 
Pedestrain_sitting 14 0 -9999.0 -9999.0 -9999.0 -9999.0 1.2091754961307237 0.8090077022213464 0.8521504108363065 16.277145450403285 5.562778098721633 -0.48970520848556603 -0.5304357538771356 
Pedestrain_sitting 15 0 -9999.0 -9999.0 -9999.0 -9999.0 1.2091754961307237 0.8090077022213464 0.8521504108363065 15.639246681382279 4.974588382588347 -0.47309125762656823 2.6111569764522695 
Pedestrain_sitting 26 0 -9999.0 -9999.0 -9999.0 -9999.0 1.58302797994914 0.9968533286638513 0.9250563818017415 26.729146596039087 42.24827907877565 -0.005237415396040765 -2.102374573200388 
Pedestrian 1000 0 -9999.0 -9999.0 -9999.0 -9999.0 1.7721879053550873 0.9304902401156249 0.9503861776210242 12.938532329441518 29.90038787663205 -0.1819830811285832 0.9914370167643067 
Pedestrian 24 0 -9999.0 -9999.0 -9999.0 -9999.0 1.831453168807585 0.8955500936377147 0.8950465018648374 18.08709983067967 19.263699877287504 -0.11264672369440092 1.9636251097890103 
Pedestrian 25 0 -9999.0 -9999.0 -9999.0 -9999.0 1.795503394754761 0.9948603576618652 0.8072579577039214 17.22159750470576 19.56211949147178 -0.1554505885946435 1.9534322391899117 
Pedestrian 11 0 -9999.0 -9999.0 -9999.0 -9999.0 1.7748460571832148 0.8834140282918007 0.7728667798471431 -2.167892129678349 51.39009762553245 -0.19192001362528138 -2.026577109877975 
Pedestrain_sitting 27 0 -9999.0 -9999.0 -9999.0 -9999.0 1.5320100210657197 0.6772563289767681 0.7232530638305581 12.230528743640562 27.622786004277877 -0.3226857057036533 0.03721006373623581 
Pedestrian 3 0 -9999.0 -9999.0 -9999.0 -9999.0 1.9152136027999718 0.8834140282918007 0.7728667798471431 28.996603039804757 39.07978582409283 0.07979588016552061 -0.42892775432217967 
Pedestrian 4 0 -9999.0 -9999.0 -9999.0 -9999.0 1.812297132894393 0.8834140282918007 0.7728667798471431 28.94581495981774 39.657290343720234 0.025144033635923088 -0.4289263988002716 
Pedestrian 5 0 -9999.0 -9999.0 -9999.0 -9999.0 1.7410523663752264 0.8834140282918007 0.7728667798471431 28.726477052497756 40.38600384238498 -0.007496333734020616 -0.42892985512058956 
Pedestrain_sitting 30 0 -9999.0 -9999.0 -9999.0 -9999.0 1.2475637302788527 0.7265426537264068 0.6149657186432584 20.022028345305934 38.298934776877324 -0.3271947468021181 0.11088092054281873 
Pedestrian 3001 0 -9999.0 -9999.0 -9999.0 -9999.0 1.597156557078506 0.4832705133889085 0.6185723783949237 -1.9978838106817534 38.583660794479286 -0.4408167158430037 0.6464107882770573 
Pedestrian 3000 0 -9999.0 -9999.0 -9999.0 -9999.0 1.597156557078506 0.4832705133889085 0.5339219876061678 -0.48067636955234605 38.674543385519726 -0.42150056792099316 -2.998193003560484 
Pedestrain_sitting 3003 0 -9999.0 -9999.0 -9999.0 -9999.0 1.3172656411111348 0.4832705133889085 0.5339219876061678 0.18590494904399765 37.8222754861099 -0.5811616165263641 -2.9981930034025748 
