motocycle 1 -1 -1 -10 -99999.00 -99999.00 -99999.00 -99999.00 1.52 0.51 0.5 0.7237289959388796 2.1925348333036743 -0.10053529324237487 -0.1
motocycle 2 -1 -1 -10 -99999.00 -99999.00 -99999.00 -99999.00 1.58 0.62 0.5 3.0383504123593 3.8306232140691914 -0.11023866631217033 -0.21
motocycle 3 -1 -1 -10 -99999.00 -99999.00 -99999.00 -99999.00 1.74 0.61 0.62 4.552374816506563 -0.48411448988962724 -0.020413003594295463 -0.68
motocycle 4 -1 -1 -10 -99999.00 -99999.00 -99999.00 -99999.00 1.7 0.42 0.59 7.022158431280003 -6.245527241107779 0.021919091765128827 -0.24
motocycle 5 -1 -1 -10 -99999.00 -99999.00 -99999.00 -99999.00 1.3 0.62 0.58 2.1279721845862234 0.9074296044064379 -0.07215188614382193 -1.39
motocycle 6 -1 -1 -10 -99999.00 -99999.00 -99999.00 -99999.00 1.55 0.56 0.42 -4.918335986341759 -2.127161150120838 0.4056557245648383 -0.65
motocycle 7 -1 -1 -10 -99999.00 -99999.00 -99999.00 -99999.00 0.77 1.45 1.59 -3.2141481160787526 8.678811879531633 -0.4921140595512165 -0.52
motocycle 9 -1 -1 -10 -99999.00 -99999.00 -99999.00 -99999.00 1.65 0.42 0.62 -4.94922316487725 -1.3472706216902186 0.2652393940817873 -0.51
motocycle 11 -1 -1 -10 -99999.00 -99999.00 -99999.00 -99999.00 1.49 0.63 0.65 3.051045815143326 3.1706621415292022 -0.1400750447790382 -1.04
motocycle 12 -1 -1 -10 -99999.00 -99999.00 -99999.00 -99999.00 1.18 1.54 1.9 -2.113844913719376 -4.617407001816841 -0.017670888929054114 0.18
