pedestrian 1 -1 -1 -10 -99999.00 -99999.00 -99999.00 -99999.00 1.702 0.43 0.49 0.4351081268529347 1.8415246767130329 -0.11431440418202206 -1.67
pedestrian 2 -1 -1 -10 -99999.00 -99999.00 -99999.00 -99999.00 1.65 0.51 0.54 2.1285123810725266 3.4674489145245335 -0.032141387393794046 -0.92
pedestrian 3 -1 -1 -10 -99999.00 -99999.00 -99999.00 -99999.00 1.83 0.87 0.43 12.25300961151455 0.7628259063784043 1.180488075623816 2.61
pedestrian 4 -1 -1 -10 -99999.00 -99999.00 -99999.00 -99999.00 1.73 0.43 0.6 1.7805529280690005 -3.2138019296531395 0.06331214182658146 -1.42
pedestrian 5 -1 -1 -10 -99999.00 -99999.00 -99999.00 -99999.00 1.702 0.32 0.22 -0.1938036615319475 -1.4706891745399966 -0.08254388328443077 0.18
pedestrian 6 -1 -1 -10 -99999.00 -99999.00 -99999.00 -99999.00 1.66 0.5 0.54 -2.7868731397083226 -0.7197345918855054 -0.06648473821623933 0.92
pedestrian 8 -1 -1 -10 -99999.00 -99999.00 -99999.00 -99999.00 1.9 3.97 1.97 6.205518323699889 8.311731159314078 0.46126724305154215 -1.55
pedestrian 9 -1 -1 -10 -99999.00 -99999.00 -99999.00 -99999.00 1.702 0.6 0.38 -1.9188987918499436 0.10329727912512737 -0.1251283291751781 -2.08
pedestrian 10 -1 -1 -10 -99999.00 -99999.00 -99999.00 -99999.00 1.4 0.32 0.43 0.8746838737616033 2.2530580654754253 -0.18856689682319652 -0.51
pedestrian 11 -1 -1 -10 -99999.00 -99999.00 -99999.00 -99999.00 1.58 0.49 0.64 1.4918434161775975 3.0152176391727843 -0.1704869790595586 -1.04
