pedestrian 1 -1 -1 -10 -99999.00 -99999.00 -99999.00 -99999.00 1.702 0.43 0.57 1.1583840457565233 0.7740444645381581 -0.07484363336038946 0.22
pedestrian 8 -1 -1 -10 -99999.00 -99999.00 -99999.00 -99999.00 1.81 4.01 4.12 -7.038285395084076 10.055538935798113 0.9579537608853333 -0.84
pedestrian 9 -1 -1 -10 -99999.00 -99999.00 -99999.00 -99999.00 1.55 0.39 0.67 -4.589212547375026 -1.2460145964149592 0.2399496208300541 0.34
pedestrian 11 -1 -1 -10 -99999.00 -99999.00 -99999.00 -99999.00 1.58 0.47 0.43 5.471847446518317 -3.5709540782784983 -0.6784338529710412 -0.17
pedestrian 13 -1 -1 -10 -99999.00 -99999.00 -99999.00 -99999.00 1.51 0.51 0.55 -7.312757952884479 -3.145532560251744 0.23429902885181902 0.32
pedestrian 14 -1 -1 -10 -99999.00 -99999.00 -99999.00 -99999.00 1.702 0.72 0.49 -4.545593136587504 -6.625912006585567 -0.1295110713174822 -2.97
pedestrian 16 -1 -1 -10 -99999.00 -99999.00 -99999.00 -99999.00 1.702 0.51 0.54 -2.2419846209696046 0.7321764324966638 -0.05935175677465591 2.43
pedestrian 20 -1 -1 -10 -99999.00 -99999.00 -99999.00 -99999.00 1.42 0.23 0.43 2.6492422068110097 1.1692431591333796 -0.23534265331835724 1.6
pedestrian 21 -1 -1 -10 -99999.00 -99999.00 -99999.00 -99999.00 1.47 0.56 0.43 -9.531238329663958 1.4867597381669113 0.3952738090367539 -0.18
pedestrian 22 -1 -1 -10 -99999.00 -99999.00 -99999.00 -99999.00 1.58 0.41 0.64 1.5323719546640242 2.5253602504770765 -0.07994872024939617 -1.61
pedestrian 23 -1 -1 -10 -99999.00 -99999.00 -99999.00 -99999.00 1.59 0.74 0.48 5.7912910798062915 6.390241876502575 -0.23421440764590654 -1.23
