car 1 -1 -1 -10 -99999.00 -99999.00 -99999.00 -99999.00 0.87 0.61 0.37 0.909009095826987 0.7131721672248847 -0.10811070067095353 -1.35
car 2 -1 -1 -10 -99999.00 -99999.00 -99999.00 -99999.00 1.44 0.26 0.5 7.988377571949839 -2.432129614544679 0.06457016357058173 -0.17
car 6 -1 -1 -10 -99999.00 -99999.00 -99999.00 -99999.00 1.64 0.43 0.52 -4.177310043332782 -7.2446515948239165 -0.5947302510267584 0.32
car 8 -1 -1 -10 -99999.00 -99999.00 -99999.00 -99999.00 1.64 4.79 2.32 -12.423380792816463 5.466647447131498 -0.5226618079118336 -0.84
car 9 -1 -1 -10 -99999.00 -99999.00 -99999.00 -99999.00 1.73 0.44 0.73 -3.374549291310891 -3.261813508185427 -0.33420011719363363 0.34
car 10 -1 -1 -10 -99999.00 -99999.00 -99999.00 -99999.00 1.16 0.59 0.48 1.0566655132458664 1.3436919267615763 -0.09617691548709881 -0.38
car 11 -1 -1 -10 -99999.00 -99999.00 -99999.00 -99999.00 1.37 0.55 0.71 7.100195731139997 -2.7452344056781435 0.0029389423843327227 -0.17
car 14 -1 -1 -10 -99999.00 -99999.00 -99999.00 -99999.00 1.21 0.6 0.36 -4.423421498319014 -8.165518652722891 -0.6479563104436394 -2.97
car 16 -1 -1 -10 -99999.00 -99999.00 -99999.00 -99999.00 1.59 0.51 0.6 -5.957977285662503 -1.6208294412013504 -0.5280327509393554 2.43
car 17 -1 -1 -10 -99999.00 -99999.00 -99999.00 -99999.00 1.43 0.55 0.54 -6.1910801226715755 -1.101635459044801 -0.43107566625367494 2.76
car 18 -1 -1 -10 -99999.00 -99999.00 -99999.00 -99999.00 1.46 0.36 0.89 -1.6282987563158966 5.354347396267246 -0.04131731194384796 2.96
car 20 -1 -1 -10 -99999.00 -99999.00 -99999.00 -99999.00 1.54 0.52 0.41 -0.6313390911471405 3.3378154476995814 -0.028266395022131855 2.69
car 21 -1 -1 -10 -99999.00 -99999.00 -99999.00 -99999.00 1.59 0.89 0.69 -7.7996661897577955 -3.5472754490224716 -0.6621512041154494 -0.18
car 22 -1 -1 -10 -99999.00 -99999.00 -99999.00 -99999.00 1.34 0.76 0.5 0.9630699599872523 2.263372163179373 -0.06739957800221434 -0.04
car 23 -1 -1 -10 -99999.00 -99999.00 -99999.00 -99999.00 1.47 0.5 0.38 2.1633421344233636 7.4375992604967225 0.068323127030095 -0.68
car 25 -1 -1 -10 -99999.00 -99999.00 -99999.00 -99999.00 3.12 8.14 2.38 2.3912481722687917 17.818513404380848 1.2814102530107827 -1.61
