car 1 -1 -1 -10 -99999.00 -99999.00 -99999.00 -99999.00 0.84 0.58 0.36 0.8985649858010977 0.8031367123999337 -0.09824656476284148 -1.35
car 2 -1 -1 -10 -99999.00 -99999.00 -99999.00 -99999.00 1.32 0.46 0.49 8.165280702293764 -2.111503246839446 0.21689880436629372 -0.17
car 6 -1 -1 -10 -99999.00 -99999.00 -99999.00 -99999.00 1.66 0.7 0.5 -3.8165315792792334 -7.513393315382039 -0.5800065454258682 0.32
car 8 -1 -1 -10 -99999.00 -99999.00 -99999.00 -99999.00 1.64 4.8 2.22 -12.860966976941508 4.785115703301503 -0.5283901248484472 -0.84
car 9 -1 -1 -10 -99999.00 -99999.00 -99999.00 -99999.00 1.81 0.41 0.75 -3.1935535757215923 -3.4011843380027775 -0.3718341806779424 0.34
car 10 -1 -1 -10 -99999.00 -99999.00 -99999.00 -99999.00 1.14 0.44 0.43 0.9363711113815711 1.3932727439746388 -0.08775079867112989 -0.38
car 11 -1 -1 -10 -99999.00 -99999.00 -99999.00 -99999.00 1.49 0.5 0.59 7.409015436975526 -2.5641534003610214 0.046985040974303095 -0.17
car 16 -1 -1 -10 -99999.00 -99999.00 -99999.00 -99999.00 1.42 0.53 0.75 -6.175697024694485 -1.9315954958866144 -0.620890569625782 2.43
car 17 -1 -1 -10 -99999.00 -99999.00 -99999.00 -99999.00 1.74 0.39 0.64 -6.527811520364009 -1.5428195998954046 -0.5654948600840779 2.76
car 18 -1 -1 -10 -99999.00 -99999.00 -99999.00 -99999.00 1.56 0.44 0.49 -2.4290194078235077 5.541553717590047 -0.04179846265905506 2.96
car 20 -1 -1 -10 -99999.00 -99999.00 -99999.00 -99999.00 1.54 0.7 0.49 -1.0303860827901872 3.4864182732821605 -0.14349963106758803 2.69
car 21 -1 -1 -10 -99999.00 -99999.00 -99999.00 -99999.00 1.59 0.49 0.56 -7.478543738036923 -3.876156430096671 -0.6579474809503828 -0.18
car 22 -1 -1 -10 -99999.00 -99999.00 -99999.00 -99999.00 1.42 0.51 0.35 1.1030571439612329 2.413859940526173 -0.10557047257196366 -0.04
car 23 -1 -1 -10 -99999.00 -99999.00 -99999.00 -99999.00 1.45 0.62 0.54 2.0039327403268303 7.347041304581086 0.04623463015598456 -0.68
car 25 -1 -1 -10 -99999.00 -99999.00 -99999.00 -99999.00 2.77 1.93 1.6 1.8843063097245583 14.726717090982362 1.1047594549494713 -1.61
