pedestrian 1 -1 -1 -10 -99999.00 -99999.00 -99999.00 -99999.00 1.48 -0.44 0.47 1.7260630111004354 1.4260301758223994 -0.06741230863006041 2.54
pedestrian 3 -1 -1 -10 -99999.00 -99999.00 -99999.00 -99999.00 1.55 -0.49 0.59 -5.58535748084195 -10.35955446613511 0.07689651736558878 0.57
pedestrian 5 -1 -1 -10 -99999.00 -99999.00 -99999.00 -99999.00 1.5 0.3 0.7 1.4157060888078072 7.864978652228155 -0.23148881205773517 1.36
pedestrian 7 -1 -1 -10 -99999.00 -99999.00 -99999.00 -99999.00 0.53 0.72 1.65 -7.207778507612561 9.434879489281393 -0.4443849771715461 -1.54
pedestrian 8 -1 -1 -10 -99999.00 -99999.00 -99999.00 -99999.00 1.69 4.67 3.14 -4.725258494077367 10.133567007589173 -0.041855308503352964 -1.02
pedestrian 9 -1 -1 -10 -99999.00 -99999.00 -99999.00 -99999.00 1.66 0.55 0.63 -5.707748348187047 -0.7399272330945366 -0.014713378031568232 0.34
pedestrian 10 -1 -1 -10 -99999.00 -99999.00 -99999.00 -99999.00 1.47 0.4 0.37 1.9243954745019467 1.936725199010917 -0.07481685126059669 -1.09
pedestrian 12 -1 -1 -10 -99999.00 -99999.00 -99999.00 -99999.00 1.702 1.76 0.61 -9.018342589361753 -3.3215005384736007 -0.06805228742313446 -0.16
pedestrian 13 -1 -1 -10 -99999.00 -99999.00 -99999.00 -99999.00 1.42 0.36 0.58 -4.772412484761216 -10.396726794795091 -0.13248029923379098 -1.92
pedestrian 14 -1 -1 -10 -99999.00 -99999.00 -99999.00 -99999.00 1.52 0.62 0.41 0.9076755361763772 -4.896863467763624 -0.03812216033940837 3.02
pedestrian 15 -1 -1 -10 -99999.00 -99999.00 -99999.00 -99999.00 1.61 1.68 0.61 -8.297677846780743 5.8910613396160665 -0.278637118713596 2.05
pedestrian 16 -1 -1 -10 -99999.00 -99999.00 -99999.00 -99999.00 1.5 0.62 0.45 3.000658446197265 0.08047152778171653 -0.050726940391585526 2.46
pedestrian 17 -1 -1 -10 -99999.00 -99999.00 -99999.00 -99999.00 1.55 0.61 0.61 3.088739211754437 0.5907825793145597 -0.03957304321139704 2.37
pedestrian 20 -1 -1 -10 -99999.00 -99999.00 -99999.00 -99999.00 1.47 0.38 0.65 6.326165364941557 -0.8979334781009533 -0.18720909251259193 2.32
