pedestrian 1 -1 -1 -10 -99999.00 -99999.00 -99999.00 -99999.00 1.702 0.33 0.62 0.6064362971064625 1.382120889931037 -0.09206988198124295 0.22
pedestrian 6 -1 -1 -10 -99999.00 -99999.00 -99999.00 -99999.00 1.63 0.66 0.64 -3.1010577776575494 -5.430857811920722 -0.020593356435714683 0.99
pedestrian 8 -1 -1 -10 -99999.00 -99999.00 -99999.00 -99999.00 1.37 5.07 1.95 -16.613275293600196 0.04201967075891286 0.12254944439957069 -0.84
pedestrian 9 -1 -1 -10 -99999.00 -99999.00 -99999.00 -99999.00 1.61 0.49 0.69 -2.259835503757112 -3.0479052579922405 0.020421416750369188 1.14
pedestrian 10 -1 -1 -10 -99999.00 -99999.00 -99999.00 -99999.00 1.702 0.44 0.41 0.4646603462571951 1.9316288479446904 -0.10392668764090805 -0.38
pedestrian 11 -1 -1 -10 -99999.00 -99999.00 -99999.00 -99999.00 1.702 0.48 0.6 9.503892771930541 -0.3568364355419128 -0.13560950525730864 -0.17
pedestrian 20 -1 -1 -10 -99999.00 -99999.00 -99999.00 -99999.00 1.41 0.57 -0.65 -8.470837705831668 3.8604453898160123 -0.26090219184355384 2.65
pedestrian 22 -1 -1 -10 -99999.00 -99999.00 -99999.00 -99999.00 1.42 0.94 0.53 6.211987036173467 0.3016752394327207 -0.1887037687117143 -0.91
pedestrian 23 -1 -1 -10 -99999.00 -99999.00 -99999.00 -99999.00 1.53 0.37 0.35 0.6738462511836416 5.062377722224923 -0.11118915093904459 -0.23
pedestrian 25 -1 -1 -10 -99999.00 -99999.00 -99999.00 -99999.00 3.0 2.21 2.78 -6.816272943670237 13.726319426727706 0.5908283615625397 -1.32
pedestrian 26 -1 -1 -10 -99999.00 -99999.00 -99999.00 -99999.00 1.54 0.59 0.77 -6.952880206685073 7.275765311594369 -0.24103103967542194 -0.1
pedestrian 27 -1 -1 -10 -99999.00 -99999.00 -99999.00 -99999.00 1.45 0.83 0.62 -6.970129711172449 6.525700067822722 -0.25125770485618365 -0.1
