pedestrian 1 -1 -1 -10 -99999.00 -99999.00 -99999.00 -99999.00 1.48 0.65 -0.43 1.0435425810079866 2.313651110675481 -0.11635041767567608 -0.13
pedestrian 3 -1 -1 -10 -99999.00 -99999.00 -99999.00 -99999.00 1.72 0.59 0.72 1.8509043198837327 -3.053558558828827 -0.005772905590294545 -2.25
pedestrian 5 -1 -1 -10 -99999.00 -99999.00 -99999.00 -99999.00 1.54 0.54 0.54 2.2613887570111757 2.8279065983075267 -0.08040622433744232 1.76
pedestrian 6 -1 -1 -10 -99999.00 -99999.00 -99999.00 -99999.00 1.44 0.4 0.57 -6.126244075990502 -2.2113843509458824 0.2598322031291328 0.92
pedestrian 7 -1 -1 -10 -99999.00 -99999.00 -99999.00 -99999.00 1.702 1.45 1.7 -4.905712149172895 8.60291310510386 -0.3642449937743766 -0.52
pedestrian 8 -1 -1 -10 -99999.00 -99999.00 -99999.00 -99999.00 1.72 4.54 2.0 -2.634534133535875 9.540866124452316 0.07552148378184322 -1.02
pedestrian 9 -1 -1 -10 -99999.00 -99999.00 -99999.00 -99999.00 1.53 0.57 0.55 -5.899965017208461 -1.4505861313004602 0.34280121265118213 1.06
pedestrian 10 -1 -1 -10 -99999.00 -99999.00 -99999.00 -99999.00 1.53 0.47 0.46 1.0108577316476783 2.9335426138808542 -0.07677485860095687 0.48
pedestrian 11 -1 -1 -10 -99999.00 -99999.00 -99999.00 -99999.00 1.49 0.48 0.64 3.930013856424543 3.033734767702508 -0.01855929804971167 0.45
pedestrian 12 -1 -1 -10 -99999.00 -99999.00 -99999.00 -99999.00 1.702 1.72 1.79 -3.522834157965786 -4.612328881235727 -0.10612156608470652 0.48
pedestrian 13 -1 -1 -10 -99999.00 -99999.00 -99999.00 -99999.00 1.5 0.52 0.67 2.940394203679044 -2.819755150024941 -0.02151327214773186 -1.82
