pedestrian 1 -1 -1 -10 -99999.00 -99999.00 -99999.00 -99999.00 1.702 0.53 0.43 0.8589264097460053 0.6629979392712341 -0.08876460534996054 -1.35
pedestrian 2 -1 -1 -10 -99999.00 -99999.00 -99999.00 -99999.00 1.41 0.47 0.58 7.03424236911294 -3.26547558325926 -0.16793899997904288 -0.17
pedestrian 6 -1 -1 -10 -99999.00 -99999.00 -99999.00 -99999.00 1.702 0.54 0.55 -6.044922971477277 -5.621154136974034 -0.4591649347304565 0.32
pedestrian 8 -1 -1 -10 -99999.00 -99999.00 -99999.00 -99999.00 1.75 3.13 4.43 -10.287408940093815 7.824138030670038 -0.06466356238712427 -2.41
pedestrian 9 -1 -1 -10 -99999.00 -99999.00 -99999.00 -99999.00 1.65 0.51 0.68 -4.107998872127063 -2.4443666794391525 -0.29379721416376975 0.34
pedestrian 10 -1 -1 -10 -99999.00 -99999.00 -99999.00 -99999.00 1.702 0.36 0.51 1.166742662503616 1.244076507651472 -0.07473421307333271 -0.38
pedestrian 11 -1 -1 -10 -99999.00 -99999.00 -99999.00 -99999.00 1.57 0.41 0.59 6.264478796093441 -3.4281624100742287 -0.1480131867426613 -0.17
pedestrian 14 -1 -1 -10 -99999.00 -99999.00 -99999.00 -99999.00 1.43 0.57 0.41 -4.717766700121985 -7.6265342314980975 -0.4617932210501075 -2.97
pedestrian 16 -1 -1 -10 -99999.00 -99999.00 -99999.00 -99999.00 1.51 0.46 0.64 -4.455690069143581 -0.19556720869030012 -0.3083495980544645 2.43
pedestrian 17 -1 -1 -10 -99999.00 -99999.00 -99999.00 -99999.00 1.55 0.46 0.49 -4.817480766350755 0.2131736589399134 -0.28308312732253726 2.76
pedestrian 18 -1 -1 -10 -99999.00 -99999.00 -99999.00 -99999.00 1.65 0.61 0.45 0.8039738120523083 4.422835406007917 0.0505280209078486 2.46
pedestrian 21 -1 -1 -10 -99999.00 -99999.00 -99999.00 -99999.00 1.73 0.23 0.64 -8.870869159952148 -1.4009886380583596 -0.3861491720064466 -0.18
pedestrian 22 -1 -1 -10 -99999.00 -99999.00 -99999.00 -99999.00 1.4 0.59 0.56 0.7840026873046597 1.962745673627296 -0.05974284021039133 -0.04
pedestrian 24 -1 -1 -10 -99999.00 -99999.00 -99999.00 -99999.00 1.702 0.59 0.44 4.089788898420791 5.584312642970462 0.08354083979891751 -0.68
