pedestrian 1 -1 -1 -10 -99999.00 -99999.00 -99999.00 -99999.00 1.702 0.5 0.43 0.3747122267017773 1.881314993934431 -0.09510331622865709 -0.1
pedestrian 2 -1 -1 -10 -99999.00 -99999.00 -99999.00 -99999.00 1.62 0.65 0.36 1.6577876327484844 3.6858069680440924 -0.03830351189893428 -0.92
pedestrian 3 -1 -1 -10 -99999.00 -99999.00 -99999.00 -99999.00 1.5 0.57 0.41 12.927720153674262 1.025197965331782 1.5193487947682922 2.61
pedestrian 4 -1 -1 -10 -99999.00 -99999.00 -99999.00 -99999.00 1.58 0.64 0.7 1.3681823011851075 -2.0752400420034998 -0.06209636695601804 -1.42
pedestrian 5 -1 -1 -10 -99999.00 -99999.00 -99999.00 -99999.00 1.702 0.47 0.42 -0.312815351160855 -1.7511063468540047 -0.084101831643151 1.75
pedestrian 6 -1 -1 -10 -99999.00 -99999.00 -99999.00 -99999.00 1.61 0.49 0.55 -2.4361198814602316 -0.7185128638901771 -0.12189826733191265 0.92
pedestrian 7 -1 -1 -10 -99999.00 -99999.00 -99999.00 -99999.00 1.702 0.64 0.95 4.4915316036553845 8.46572626410514 -0.05121205527325422 -1.55
pedestrian 8 -1 -1 -10 -99999.00 -99999.00 -99999.00 -99999.00 2.01 4.89 2.11 6.44279123074705 8.862565564865516 0.5243784563355761 -1.55
pedestrian 9 -1 -1 -10 -99999.00 -99999.00 -99999.00 -99999.00 1.702 0.59 0.41 -1.5287600622878514 0.054658937794175105 -0.12002113344264377 -2.08
pedestrian 10 -1 -1 -10 -99999.00 -99999.00 -99999.00 -99999.00 1.4 0.33 0.35 0.8044459725934558 2.3228132934124046 -0.18948636131602137 -0.51
