car 1 -1 -1 -10 -99999.00 -99999.00 -99999.00 -99999.00 0.88 0.44 0.61 0.8074213973351303 0.9828214571509658 -0.059436272502890644 0.22
car 9 -1 -1 -10 -99999.00 -99999.00 -99999.00 -99999.00 1.62 0.43 0.58 -2.4460658313708783 -3.598565130972918 -0.12202846694833287 1.15
car 8 -1 -1 -10 -99999.00 -99999.00 -99999.00 -99999.00 1.51 4.94 1.63 -15.089890373950823 1.527351350757735 0.24250021337064345 -0.84
car 10 -1 -1 -10 -99999.00 -99999.00 -99999.00 -99999.00 1.29 0.51 0.58 0.725334558025698 1.7325376357810907 -0.10051427528333419 -0.38
car 11 -1 -1 -10 -99999.00 -99999.00 -99999.00 -99999.00 1.49 0.58 0.66 8.87785112184997 -1.1390307939065802 -0.23381255056081146 -0.17
car 16 -1 -1 -10 -99999.00 -99999.00 -99999.00 -99999.00 1.32 0.59 0.58 -9.221665494964629 -5.342221268739534 -0.04071135966425676 -2.28
car 20 -1 -1 -10 -99999.00 -99999.00 -99999.00 -99999.00 1.57 0.47 -0.73 -5.0022644152888045 3.7025589859250143 -0.08548494183941148 2.65
car 21 -1 -1 -10 -99999.00 -99999.00 -99999.00 -99999.00 1.39 0.7 0.7 -4.740453538486544 -5.566581688237201 -0.042054222530805006 -1.01
car 22 -1 -1 -10 -99999.00 -99999.00 -99999.00 -99999.00 1.56 0.71 0.67 4.185558104802545 1.8146148632138102 -0.11522260856817705 -0.33
car 23 -1 -1 -10 -99999.00 -99999.00 -99999.00 -99999.00 1.36 0.47 0.37 0.7392936205077114 6.25261481793676 -0.08032982755028488 -0.68
car 24 -1 -1 -10 -99999.00 -99999.00 -99999.00 -99999.00 1.45 0.64 0.64 1.1333678230061734 5.563980375704822 -0.20518225202457574 -0.23
car 25 -1 -1 -10 -99999.00 -99999.00 -99999.00 -99999.00 2.87 2.52 2.8 -4.128832140190809 14.43570501439511 0.6160080320054668 -1.32
