pedestrian 1 -1 -1 -10 -99999.00 -99999.00 -99999.00 -99999.00 1.702 0.52 0.57 0.6864987630140148 1.3624002638910995 -0.09102180689093292 0.22
pedestrian 8 -1 -1 -10 -99999.00 -99999.00 -99999.00 -99999.00 1.58 5.05 1.98 -16.414079022183724 0.0427178010419576 0.18516220721902085 -0.84
pedestrian 9 -1 -1 -10 -99999.00 -99999.00 -99999.00 -99999.00 1.63 0.46 0.68 -2.249688089166276 -3.127869864090712 0.03055511048158421 1.14
pedestrian 10 -1 -1 -10 -99999.00 -99999.00 -99999.00 -99999.00 1.702 0.49 0.43 0.5247944544969257 1.8918385307232923 -0.10313948904279288 -0.38
pedestrian 11 -1 -1 -10 -99999.00 -99999.00 -99999.00 -99999.00 1.702 0.39 0.62 9.494199103146851 -0.40687103743895453 -0.14573725913053392 -0.17
pedestrian 20 -1 -1 -10 -99999.00 -99999.00 -99999.00 -99999.00 1.702 0.34 -0.76 -8.090654436964694 3.761772446588018 -0.24592446343276464 2.65
pedestrian 22 -1 -1 -10 -99999.00 -99999.00 -99999.00 -99999.00 1.702 0.38 0.57 5.961233381576456 0.5608009925699403 -0.20198717065969607 -0.33
pedestrian 23 -1 -1 -10 -99999.00 -99999.00 -99999.00 -99999.00 1.47 0.21 0.31 0.5929287263683815 5.702094571012691 -0.21225698734024492 -0.18
pedestrian 24 -1 -1 -10 -99999.00 -99999.00 -99999.00 -99999.00 1.53 0.54 0.42 0.7838099717317195 5.032761876650865 -0.09974879018608998 -0.23
pedestrian 25 -1 -1 -10 -99999.00 -99999.00 -99999.00 -99999.00 2.97 2.12 2.55 -6.6862761548834575 13.686773455105374 0.6025309695441482 -1.32
pedestrian 26 -1 -1 -10 -99999.00 -99999.00 -99999.00 -99999.00 1.56 0.57 0.71 -7.053054266017374 7.365415698142048 -0.2523432467430444 -0.1
pedestrian 27 -1 -1 -10 -99999.00 -99999.00 -99999.00 -99999.00 1.43 0.86 0.45 -7.080145802490193 6.495316278937313 -0.24269703758473976 -0.1
pedestrian 6 -1 -1 -10 -99999.00 -99999.00 -99999.00 -99999.00 1.61 0.72 0.48 -3.071226330064277 -5.420753153301687 -0.010201984597376201 -0.58
