pedestrian 1 -1 -1 -10 -99999.00 -99999.00 -99999.00 -99999.00 1.54 0.67 -0.5 0.9838535004366078 2.2634419762076776 -0.1271326473401538 -0.1
pedestrian 3 -1 -1 -10 -99999.00 -99999.00 -99999.00 -99999.00 1.65 0.69 0.64 2.3093525386757228 -2.5819557225786625 -0.00977234645770589 -2.25
pedestrian 5 -1 -1 -10 -99999.00 -99999.00 -99999.00 -99999.00 1.54 0.62 0.49 2.253239592374298 2.4478740068834144 -0.12051632993683688 1.76
pedestrian 6 -1 -1 -10 -99999.00 -99999.00 -99999.00 -99999.00 1.4 0.42 0.57 -5.956207305142698 -2.1507913057458268 0.24205639279499258 0.92
pedestrian 7 -1 -1 -10 -99999.00 -99999.00 -99999.00 -99999.00 1.702 1.51 1.65 -4.513740845262358 8.704273849921579 -0.5391292306874593 -0.52
pedestrian 8 -1 -1 -10 -99999.00 -99999.00 -99999.00 -99999.00 1.71 4.76 1.81 -2.345145386930147 9.671877621358243 0.0893106467888577 -1.02
pedestrian 9 -1 -1 -10 -99999.00 -99999.00 -99999.00 -99999.00 1.47 0.6 0.53 -5.659768870378556 -1.399748679577917 0.31594298206120836 1.06
pedestrian 10 -1 -1 -10 -99999.00 -99999.00 -99999.00 -99999.00 1.53 0.56 0.37 1.051185660036508 2.913682361784307 -0.09624865069512895 0.72
pedestrian 11 -1 -1 -10 -99999.00 -99999.00 -99999.00 -99999.00 1.63 0.64 0.49 3.7515662219338037 3.043106389524346 -0.14090558711925436 0.45
pedestrian 12 -1 -1 -10 -99999.00 -99999.00 -99999.00 -99999.00 1.702 1.8 1.62 -3.3031597596738083 -4.561561242541489 -0.093245013888221 0.48
pedestrian 13 -1 -1 -10 -99999.00 -99999.00 -99999.00 -99999.00 1.57 0.71 0.66 3.657745272673379 -2.0772463893392152 -0.012122632253023008 -1.53
