car 1 -1 -1 -10 -99999.00 -99999.00 -99999.00 -99999.00 1.14 0.42 0.54 0.4857841418671101 1.5717008542161905 -0.09364930521115691 0.31
car 6 -1 -1 -10 -99999.00 -99999.00 -99999.00 -99999.00 1.65 0.58 0.55 2.083659614042529 -9.502786226424378 -0.022727685479791898 0.33
car 8 -1 -1 -10 -99999.00 -99999.00 -99999.00 -99999.00 1.76 5.17 2.04 -17.830536703966697 -0.0022386802739717193 -0.08340165949743798 -0.84
car 9 -1 -1 -10 -99999.00 -99999.00 -99999.00 -99999.00 1.61 0.63 0.58 -2.591628860986304 -2.189062412373565 -0.07392970739872057 0.03
car 10 -1 -1 -10 -99999.00 -99999.00 -99999.00 -99999.00 1.51 0.43 0.44 0.39338405751904565 2.2613824918726952 -0.09485888857397233 -0.38
car 11 -1 -1 -10 -99999.00 -99999.00 -99999.00 -99999.00 1.46 0.43 0.64 10.124001677577201 -0.364672170741052 -0.1374926918093654 -0.42
car 21 -1 -1 -10 -99999.00 -99999.00 -99999.00 -99999.00 1.67 0.46 0.72 -2.42153020858436 -4.898487397899741 -0.12170727805193432 0.99
car 22 -1 -1 -10 -99999.00 -99999.00 -99999.00 -99999.00 1.61 0.56 0.57 7.686869470057977 -1.393183146005144 -0.0993905024526921 -0.05
car 25 -1 -1 -10 -99999.00 -99999.00 -99999.00 -99999.00 2.88 3.98 3.18 -8.350460674208518 14.510973917112066 0.6907550255990041 -1.35
car 26 -1 -1 -10 -99999.00 -99999.00 -99999.00 -99999.00 1.45 0.84 0.74 -6.511917098907052 7.02730272130262 -0.2452593731843141 -0.1
car 27 -1 -1 -10 -99999.00 -99999.00 -99999.00 -99999.00 1.34 0.82 0.64 -6.459085783566826 6.177482432364259 -0.2345669165843116 -0.1
car 28 -1 -1 -10 -99999.00 -99999.00 -99999.00 -99999.00 1.07 3.11 1.74 12.90556231787841 -3.8149819868168366 -0.0810783548175418 -2.71
