cyclist 1 -1 -1 -10 -99999.00 -99999.00 -99999.00 -99999.00 1.62 -0.73 0.47 1.8355294261158628 1.87641140592408 -0.14598616914211324 2.54
cyclist 3 -1 -1 -10 -99999.00 -99999.00 -99999.00 -99999.00 1.56 0.65 0.77 -1.896316243032063 -6.516662389569444 -0.08482928022689329 -2.25
cyclist 5 -1 -1 -10 -99999.00 -99999.00 -99999.00 -99999.00 1.48 0.55 0.65 2.795894347537834 4.839779304463907 -0.1934194444435615 1.36
cyclist 6 -1 -1 -10 -99999.00 -99999.00 -99999.00 -99999.00 1.47 0.49 0.51 -7.801317609135976 -0.6072235474802635 0.20790171901743865 0.92
cyclist 7 -1 -1 -10 -99999.00 -99999.00 -99999.00 -99999.00 1.22 4.09 1.83 -4.995696026834532 11.05261892675223 -0.255413522484739 -1.54
cyclist 8 -1 -1 -10 -99999.00 -99999.00 -99999.00 -99999.00 1.42 2.53 2.32 -2.210584830813265 8.962335731605194 -0.06894156780285994 -1.02
cyclist 9 -1 -1 -10 -99999.00 -99999.00 -99999.00 -99999.00 1.8 0.7 0.59 -6.7627131614966 -0.04359668172006824 0.17149351201621782 1.32
cyclist 10 -1 -1 -10 -99999.00 -99999.00 -99999.00 -99999.00 1.54 0.39 0.42 2.0828188827666025 2.497280291525716 -0.10274554563638034 -1.09
cyclist 11 -1 -1 -10 -99999.00 -99999.00 -99999.00 -99999.00 1.72 0.28 0.56 5.439029775257916 0.9789832950502958 -0.14881804954470945 0.23
cyclist 12 -1 -1 -10 -99999.00 -99999.00 -99999.00 -99999.00 1.16 1.87 0.62 -6.629678880603268 -3.29315800343806 0.04322388778034669 -0.16
cyclist 13 -1 -1 -10 -99999.00 -99999.00 -99999.00 -99999.00 1.58 0.38 0.69 -1.015568029140526 -6.713589397855606 -0.08330051133352924 -1.92
cyclist 14 -1 -1 -10 -99999.00 -99999.00 -99999.00 -99999.00 1.44 0.45 0.65 6.193062862292329 -3.20840809598858 -0.09894378853908166 3.02
cyclist 15 -1 -1 -10 -99999.00 -99999.00 -99999.00 -99999.00 1.75 1.44 1.02 -3.7013875434207355 -2.9829322224941177 0.11155989161036824 2.05
