pedestrian 1 -1 -1 -10 -99999.00 -99999.00 -99999.00 -99999.00 1.49 0.5 -0.51 1.092970787310401 2.3638253386291312 -0.08570079661796873 -0.13
pedestrian 3 -1 -1 -10 -99999.00 -99999.00 -99999.00 -99999.00 1.58 0.61 0.77 1.4328712728054098 -3.645021037941317 -0.0012444011440445539 -2.25
pedestrian 4 -1 -1 -10 -99999.00 -99999.00 -99999.00 -99999.00 1.7 0.37 0.64 8.68941449165265 -7.799723255704661 -0.10626818280551406 -0.66
pedestrian 5 -1 -1 -10 -99999.00 -99999.00 -99999.00 -99999.00 1.46 0.61 0.53 2.2001901067850653 3.2476946004388854 -0.10120907214885384 1.76
pedestrian 6 -1 -1 -10 -99999.00 -99999.00 -99999.00 -99999.00 1.47 0.44 0.57 -6.346389687335665 -2.202152355180654 0.26695119601120904 0.92
pedestrian 7 -1 -1 -10 -99999.00 -99999.00 -99999.00 -99999.00 1.702 1.23 1.65 -5.215037971585237 8.491831673322785 -0.38829600419793825 -0.52
pedestrian 8 -1 -1 -10 -99999.00 -99999.00 -99999.00 -99999.00 1.72 4.32 1.96 -2.974153898455883 9.43967991220536 0.0710756175228572 -1.02
pedestrian 9 -1 -1 -10 -99999.00 -99999.00 -99999.00 -99999.00 1.702 0.59 0.53 -6.158745658625429 -1.5314932132810415 0.2694075909037134 1.06
pedestrian 10 -1 -1 -10 -99999.00 -99999.00 -99999.00 -99999.00 1.56 0.57 0.38 1.080510991052968 2.9937865939393875 -0.06586219069038174 0.48
pedestrian 11 -1 -1 -10 -99999.00 -99999.00 -99999.00 -99999.00 1.702 0.47 0.53 4.14123373844271 3.054467682652861 -0.11580284630815822 0.45
pedestrian 12 -1 -1 -10 -99999.00 -99999.00 -99999.00 -99999.00 1.702 1.75 1.23 -3.934192706538337 -4.363761571401522 -0.07150311727384272 0.57
pedestrian 13 -1 -1 -10 -99999.00 -99999.00 -99999.00 -99999.00 1.43 0.64 0.76 2.6735691081960793 -3.310694640659369 -0.13501562875813597 -1.82
