pedestrian 1 -1 -1 -10 -99999.00 -99999.00 -99999.00 -99999.00 1.702 -0.53 0.5 1.5159077330055606 1.3252977482594233 -0.030159964728829806 2.54
pedestrian 5 -1 -1 -10 -99999.00 -99999.00 -99999.00 -99999.00 1.63 0.48 0.45 0.912689209959054 8.853227295101755 -0.2680762341006326 1.36
pedestrian 8 -1 -1 -10 -99999.00 -99999.00 -99999.00 -99999.00 1.69 4.3 3.37 -5.334888386174511 10.041438258536687 -0.04983580094725522 -1.02
pedestrian 9 -1 -1 -10 -99999.00 -99999.00 -99999.00 -99999.00 1.58 0.44 0.65 -5.317216961726271 -0.9385646605741574 0.0003998146590020546 0.34
pedestrian 12 -1 -1 -10 -99999.00 -99999.00 -99999.00 -99999.00 1.19 1.89 0.61 -9.878656359977112 -3.324502498690693 -0.04931184120545627 -0.16
pedestrian 16 -1 -1 -10 -99999.00 -99999.00 -99999.00 -99999.00 1.702 0.46 0.42 1.628951712740018 0.5256865937888657 -0.048681851567309926 2.43
pedestrian 17 -1 -1 -10 -99999.00 -99999.00 -99999.00 -99999.00 1.702 0.53 0.53 1.4976460263330174 0.8652307377085353 -0.04039988036203017 2.37
pedestrian 18 -1 -1 -10 -99999.00 -99999.00 -99999.00 -99999.00 1.55 0.48 0.53 5.654088859064259 -1.000271605314932 -0.005990776754782714 2.41
pedestrian 20 -1 -1 -10 -99999.00 -99999.00 -99999.00 -99999.00 1.58 0.55 0.52 5.144589528510818 -0.5320547009375347 -0.17267419710859247 -3.11
pedestrian 14 -1 -1 -10 -99999.00 -99999.00 -99999.00 -99999.00 1.46 0.42 0.5 -0.6383078142455587 -5.412270870362694 -0.21837389976026922 -1.4
