cyclist 1 -1 -1 -10 -99999.00 -99999.00 -99999.00 -99999.00 1.54 -0.55 0.47 1.845319056363185 1.786446860749031 -0.10585458867152493 2.54
cyclist 3 -1 -1 -10 -99999.00 -99999.00 -99999.00 -99999.00 1.61 0.53 0.87 -2.9938507047671976 -7.760494551621852 0.050816058608633245 -2.25
cyclist 5 -1 -1 -10 -99999.00 -99999.00 -99999.00 -99999.00 1.36 0.34 0.65 2.504123505123626 5.728761593368925 -0.29724750197184857 1.36
cyclist 7 -1 -1 -10 -99999.00 -99999.00 -99999.00 -99999.00 1.1 3.87 1.87 -5.756394225464072 10.969966519064036 -0.18536475300863106 -1.54
cyclist 8 -1 -1 -10 -99999.00 -99999.00 -99999.00 -99999.00 1.74 3.25 2.59 -2.923547659520504 9.339855054010343 0.05173637588416008 -1.02
cyclist 10 -1 -1 -10 -99999.00 -99999.00 -99999.00 -99999.00 1.67 0.39 0.43 2.083386057283419 2.297281509994158 -0.0927372641175791 -1.09
cyclist 11 -1 -1 -10 -99999.00 -99999.00 -99999.00 -99999.00 1.5 0.5 0.58 5.559158315705957 0.639404244616474 -0.06723862642657909 0.23
cyclist 12 -1 -1 -10 -99999.00 -99999.00 -99999.00 -99999.00 1.28 1.91 0.62 -7.389801124640287 -3.315810776666786 0.05327505612909582 -0.16
cyclist 13 -1 -1 -10 -99999.00 -99999.00 -99999.00 -99999.00 1.48 0.35 0.64 -2.1822495717672252 -7.787666941205254 -0.05856978214549886 -1.92
cyclist 14 -1 -1 -10 -99999.00 -99999.00 -99999.00 -99999.00 1.39 0.43 0.55 4.515869755958567 -3.6742695878887397 -0.2009063033720436 -1.69
cyclist 15 -1 -1 -10 -99999.00 -99999.00 -99999.00 -99999.00 1.79 1.65 0.56 -4.601253377475115 -0.136056265428964 0.09978000256245319 2.05
