pedestrian 1 -1 -1 -10 -99999.00 -99999.00 -99999.00 -99999.00 1.702 0.5 0.48 0.37565462183969245 1.6113166388668276 -0.09509097960052453 -1.67
pedestrian 2 -1 -1 -10 -99999.00 -99999.00 -99999.00 -99999.00 1.65 0.46 0.43 2.299439176288578 3.1980439701975185 -0.029903833075403174 -0.92
pedestrian 3 -1 -1 -10 -99999.00 -99999.00 -99999.00 -99999.00 1.66 0.71 0.66 11.334219696484402 0.5496157864682625 1.1384578863927652 2.61
pedestrian 4 -1 -1 -10 -99999.00 -99999.00 -99999.00 -99999.00 1.9 0.6 0.61 2.0111338074274343 -3.872995058881779 0.19634174925306544 -1.42
pedestrian 5 -1 -1 -10 -99999.00 -99999.00 -99999.00 -99999.00 1.702 0.19 0.27 -0.17537621731697747 -1.3206202753630236 -0.002295800444305108 0.18
pedestrian 6 -1 -1 -10 -99999.00 -99999.00 -99999.00 -99999.00 1.65 0.46 0.56 -3.247101438205264 -0.6813405352301967 -0.06250859986863395 0.92
pedestrian 8 -1 -1 -10 -99999.00 -99999.00 -99999.00 -99999.00 1.7 4.89 1.92 5.785295165677259 8.76026234416569 0.35575765260073333 -1.55
pedestrian 9 -1 -1 -10 -99999.00 -99999.00 -99999.00 -99999.00 1.58 0.41 0.6 -2.4290875986109457 0.131516864133097 -0.12180620970667211 -0.51
pedestrian 10 -1 -1 -10 -99999.00 -99999.00 -99999.00 -99999.00 1.702 0.27 0.28 0.7939581789682347 2.1627793616730067 -0.10961679967390234 -0.51
pedestrian 11 -1 -1 -10 -99999.00 -99999.00 -99999.00 -99999.00 1.63 0.66 0.4 1.6414718052602322 2.7057431255111535 -0.0585188113759157 -1.04
