pedestrian 1 -1 -1 -10 -99999.00 -99999.00 -99999.00 -99999.00 1.702 0.46 0.44 0.3644775378176469 1.9112799046500122 -0.08523643884762667 -0.1
pedestrian 2 -1 -1 -10 -99999.00 -99999.00 -99999.00 -99999.00 1.62 0.55 0.45 1.5375543197926498 3.7553876634103105 -0.03987745218301155 -0.92
pedestrian 3 -1 -1 -10 -99999.00 -99999.00 -99999.00 -99999.00 1.5 0.57 0.36 12.937649428984548 1.0452327499990899 1.5194787761022366 2.61
pedestrian 4 -1 -1 -10 -99999.00 -99999.00 -99999.00 -99999.00 1.42 0.47 0.65 1.1578438183017639 -1.935973931728606 -0.07485070532516118 1.72
pedestrian 5 -1 -1 -10 -99999.00 -99999.00 -99999.00 -99999.00 1.702 0.5 0.46 -0.39244150753884816 -1.7813854161969565 -0.10514590872417588 1.75
pedestrian 6 -1 -1 -10 -99999.00 -99999.00 -99999.00 -99999.00 1.61 0.49 0.53 -2.4261207991026943 -0.7184779573760248 -0.12176737217366217 0.92
pedestrian 7 -1 -1 -10 -99999.00 -99999.00 -99999.00 -99999.00 1.702 0.85 1.21 4.3613602972504735 8.555271931110362 -0.06291694781562816 -1.55
pedestrian 8 -1 -1 -10 -99999.00 -99999.00 -99999.00 -99999.00 2.01 4.98 2.11 6.442651616652544 8.902565321171828 0.5243766286869639 -1.55
pedestrian 9 -1 -1 -10 -99999.00 -99999.00 -99999.00 -99999.00 1.702 0.59 0.46 -1.4388381281172673 0.07497297457470106 -0.1188439908426955 -2.08
pedestrian 10 -1 -1 -10 -99999.00 -99999.00 -99999.00 -99999.00 1.4 0.41 0.35 0.7442071537828459 2.3926034278635373 -0.1902749306505957 -0.51
