pedestrian 1 -1 -1 -10 -99999.00 -99999.00 -99999.00 -99999.00 1.702 0.58 0.42 0.8783661180830564 0.823066777524785 -0.0885101256279085 -1.35
pedestrian 2 -1 -1 -10 -99999.00 -99999.00 -99999.00 -99999.00 1.56 0.38 0.52 8.355795630985535 -1.8508416070795277 0.1093833566239327 -0.17
pedestrian 6 -1 -1 -10 -99999.00 -99999.00 -99999.00 -99999.00 1.66 0.44 0.44 -3.215818760307205 -7.731297584217619 -0.5721427838634715 0.32
pedestrian 7 -1 -1 -10 -99999.00 -99999.00 -99999.00 -99999.00 0.75 1.76 1.35 -13.942262055587774 1.4012965788614251 -1.0625896062867508 -1.39
pedestrian 8 -1 -1 -10 -99999.00 -99999.00 -99999.00 -99999.00 1.64 4.95 1.91 -13.26897475627746 4.223687947932898 -0.5337312392561459 -0.84
pedestrian 9 -1 -1 -10 -99999.00 -99999.00 -99999.00 -99999.00 1.73 0.54 0.75 -3.0736955143553133 -3.5507645459816195 -0.3202608687179403 0.34
pedestrian 10 -1 -1 -10 -99999.00 -99999.00 -99999.00 -99999.00 1.702 0.39 0.47 0.8962351678569156 1.4331328742243417 -0.08827620695274407 -0.38
pedestrian 11 -1 -1 -10 -99999.00 -99999.00 -99999.00 -99999.00 1.702 0.43 0.55 7.627154018291026 -2.373386614594692 0.13984834260656637 -0.17
pedestrian 14 -1 -1 -10 -99999.00 -99999.00 -99999.00 -99999.00 1.6 0.66 0.73 -4.470214380198031 -8.445691479437832 -0.8185834283821876 -2.59
pedestrian 16 -1 -1 -10 -99999.00 -99999.00 -99999.00 -99999.00 1.702 0.59 0.54 -6.51467983901888 -2.402779453966952 -0.5753238137564045 2.43
pedestrian 17 -1 -1 -10 -99999.00 -99999.00 -99999.00 -99999.00 1.62 0.36 0.52 -6.847075429130797 -2.083933318483483 -0.47966654241016776 2.76
pedestrian 18 -1 -1 -10 -99999.00 -99999.00 -99999.00 -99999.00 1.41 0.53 0.62 -3.0506466941690618 5.609389087248654 0.06007341517748403 2.96
pedestrian 20 -1 -1 -10 -99999.00 -99999.00 -99999.00 -99999.00 1.45 0.41 0.67 -1.4515605089318069 3.494952138764344 -0.05900539514460097 2.69
pedestrian 21 -1 -1 -10 -99999.00 -99999.00 -99999.00 -99999.00 1.59 0.57 0.66 -7.017015291027009 -4.324547988891673 -0.6519057426239727 -0.18
pedestrian 23 -1 -1 -10 -99999.00 -99999.00 -99999.00 -99999.00 1.702 0.45 0.45 1.6344902459523425 7.1957506774087845 0.04139836298301236 -0.68
pedestrian 24 -1 -1 -10 -99999.00 -99999.00 -99999.00 -99999.00 1.702 0.49 0.41 2.4883562516074473 5.618727357012416 0.17258636286336793 -0.23
