pedestrian 1 -1 -1 -10 -99999.00 -99999.00 -99999.00 -99999.00 1.702 0.48 0.63 1.3773603735759712 1.024810884763955 -0.061976219406965107 0.22
pedestrian 6 -1 -1 -10 -99999.00 -99999.00 -99999.00 -99999.00 1.76 0.47 0.57 -7.319206665332695 -2.6855353627291603 0.6042463120951609 0.32
pedestrian 8 -1 -1 -10 -99999.00 -99999.00 -99999.00 -99999.00 1.66 4.07 3.58 -6.507696986633609 10.137388493660806 0.8948935460452042 -0.84
pedestrian 9 -1 -1 -10 -99999.00 -99999.00 -99999.00 -99999.00 1.56 0.66 0.81 -4.789482171822036 -1.2767125439277376 0.2673305182287237 0.34
pedestrian 10 -1 -1 -10 -99999.00 -99999.00 -99999.00 -99999.00 1.702 0.31 0.44 1.6466288705550725 1.5657500707812722 -0.1484590128721277 -0.98
pedestrian 11 -1 -1 -10 -99999.00 -99999.00 -99999.00 -99999.00 1.702 0.51 0.48 5.710403189674692 -2.7501213176594566 -0.785320412002721 -0.17
pedestrian 14 -1 -1 -10 -99999.00 -99999.00 -99999.00 -99999.00 1.702 0.44 0.61 -3.428078163194075 -6.3520041219329135 -0.004872574188419305 -1.4
pedestrian 16 -1 -1 -10 -99999.00 -99999.00 -99999.00 -99999.00 1.702 0.47 0.5 -0.8914540229234839 0.7368888119072158 -0.09167662678954033 2.43
pedestrian 18 -1 -1 -10 -99999.00 -99999.00 -99999.00 -99999.00 1.61 0.66 0.5 4.169861977443059 1.444547304352123 -0.3454477884770365 2.42
pedestrian 20 -1 -1 -10 -99999.00 -99999.00 -99999.00 -99999.00 1.4 0.46 0.5 3.262633054226392 0.671375502667771 -0.35732406564204544 1.6
pedestrian 22 -1 -1 -10 -99999.00 -99999.00 -99999.00 -99999.00 1.55 0.52 0.6 2.1727146934892656 2.7875926833738447 -0.17157474259474512 -1.61
