pedestrian 1 -1 -1 -10 -99999.00 -99999.00 -99999.00 -99999.00 1.702 0.42 0.46 0.375410297174307 1.6813162124028729 -0.09509417798559593 -1.67
pedestrian 2 -1 -1 -10 -99999.00 -99999.00 -99999.00 -99999.00 1.65 0.47 0.53 2.2290965645495513 3.2977990153642316 -0.03082466830468717 -0.92
pedestrian 3 -1 -1 -10 -99999.00 -99999.00 -99999.00 -99999.00 1.36 0.68 0.7 11.726513881214826 0.6709764094391346 0.9335753058281562 2.61
pedestrian 4 -1 -1 -10 -99999.00 -99999.00 -99999.00 -99999.00 1.82 0.4 0.61 1.9810318807523992 -3.693100875045834 0.15594426625659866 -1.42
pedestrian 5 -1 -1 -10 -99999.00 -99999.00 -99999.00 -99999.00 1.702 0.23 0.32 -0.2049895256296984 -1.4307243247478372 -0.002683459885372933 0.18
pedestrian 6 -1 -1 -10 -99999.00 -99999.00 -99999.00 -99999.00 1.63 0.51 0.56 -3.0865838185230183 -0.7207817873100725 -0.09040987951523412 0.92
pedestrian 8 -1 -1 -10 -99999.00 -99999.00 -99999.00 -99999.00 1.9 4.89 1.92 5.883977029695498 8.760611409307213 0.4570580369406389 -1.55
pedestrian 9 -1 -1 -10 -99999.00 -99999.00 -99999.00 -99999.00 1.43 0.4 0.58 -2.2391661227261954 0.11218020974883368 -0.10931914459986665 -0.51
pedestrian 10 -1 -1 -10 -99999.00 -99999.00 -99999.00 -99999.00 1.702 0.28 0.31 0.8239554260408469 2.1628840812154633 -0.10922411419915087 -0.51
pedestrian 11 -1 -1 -10 -99999.00 -99999.00 -99999.00 -99999.00 1.62 0.55 0.43 1.5510612217588775 2.825428235802718 -0.05970235074600679 -1.04
