pedestrian 1 -1 -1 -10 -99999.00 -99999.00 -99999.00 -99999.00 1.702 0.41 0.66 0.8480983609602247 0.8629618142886398 -0.07890549547553212 0.17
pedestrian 2 -1 -1 -10 -99999.00 -99999.00 -99999.00 -99999.00 1.702 0.32 0.51 8.892569764737177 -1.3889594577927233 0.23642039651929925 -0.17
pedestrian 6 -1 -1 -10 -99999.00 -99999.00 -99999.00 -99999.00 1.45 0.55 0.48 -2.3060158183547963 -8.258117862488394 -0.41021995898246394 0.32
pedestrian 8 -1 -1 -10 -99999.00 -99999.00 -99999.00 -99999.00 1.65 4.95 1.88 -14.025344856040402 3.201041267046382 -0.5436326662435711 -0.84
pedestrian 9 -1 -1 -10 -99999.00 -99999.00 -99999.00 -99999.00 1.7 0.41 0.65 -2.8459767549027073 -3.53996175707954 -0.1472653013027509 0.34
pedestrian 10 -1 -1 -10 -99999.00 -99999.00 -99999.00 -99999.00 1.702 0.61 0.47 0.8763504628199692 1.5130625738086603 -0.11853908239368972 0.09
pedestrian 11 -1 -1 -10 -99999.00 -99999.00 -99999.00 -99999.00 1.54 0.45 0.76 8.016620893733878 -2.0420272710156837 0.09494245929858414 -0.17
pedestrian 16 -1 -1 -10 -99999.00 -99999.00 -99999.00 -99999.00 1.53 0.61 0.51 -7.511132594965145 -3.24626498781472 -0.6283715220635567 2.43
pedestrian 18 -1 -1 -10 -99999.00 -99999.00 -99999.00 -99999.00 1.71 0.4 0.49 -5.038064272516836 5.8524411678468065 -0.21596472601169134 2.96
pedestrian 20 -1 -1 -10 -99999.00 -99999.00 -99999.00 -99999.00 1.6 0.79 -0.41 -2.6212087581613877 3.720866675369824 -0.154323783845349 -0.49
pedestrian 21 -1 -1 -10 -99999.00 -99999.00 -99999.00 -99999.00 1.55 0.9 0.51 -6.105371087555819 -4.891368023468761 -0.6199699526789738 -0.18
pedestrian 23 -1 -1 -10 -99999.00 -99999.00 -99999.00 -99999.00 1.702 0.48 0.54 1.2656323933407128 6.91446084224097 0.026568892392289854 -0.68
pedestrian 24 -1 -1 -10 -99999.00 -99999.00 -99999.00 -99999.00 1.55 0.56 0.51 1.8199710488434164 5.69638813317684 0.02382472610299974 -0.23
