car 1 -1 -1 -10 -99999.00 -99999.00 -99999.00 -99999.00 0.93 0.31 0.61 0.8482554423007721 0.8929616315183736 -0.09890515276347144 0.22
car 2 -1 -1 -10 -99999.00 -99999.00 -99999.00 -99999.00 1.28 0.24 0.44 8.95273880746899 -1.2887506279420309 0.19720462524431132 -0.17
car 6 -1 -1 -10 -99999.00 -99999.00 -99999.00 -99999.00 1.73 0.63 0.49 -2.0774157217042792 -8.387314220658407 -0.26721542462435194 0.32
car 8 -1 -1 -10 -99999.00 -99999.00 -99999.00 -99999.00 1.65 5.0 2.16 -14.284989460314607 2.880135647227931 -0.4870264595147455 -0.84
car 9 -1 -1 -10 -99999.00 -99999.00 -99999.00 -99999.00 1.52 0.4 0.4 -2.8875001831705434 -3.44010199237037 -0.0578011615756228 0.34
car 10 -1 -1 -10 -99999.00 -99999.00 -99999.00 -99999.00 1.2 0.62 0.5 0.9058503114545616 1.5431671105808509 -0.08815033782817723 -0.38
car 11 -1 -1 -10 -99999.00 -99999.00 -99999.00 -99999.00 1.51 0.56 0.62 8.22736956269886 -1.9612947216058638 0.017694456118699384 -0.17
car 16 -1 -1 -10 -99999.00 -99999.00 -99999.00 -99999.00 1.7 0.67 0.73 -7.853867708405897 -3.4674504689806094 -0.36283503693172414 2.43
car 18 -1 -1 -10 -99999.00 -99999.00 -99999.00 -99999.00 1.5 0.4 0.41 -5.586800804087892 5.990520456640524 -0.35315921907023196 2.96
car 20 -1 -1 -10 -99999.00 -99999.00 -99999.00 -99999.00 1.54 0.47 -0.72 -2.98096627092252 3.8096094925495443 -0.1990366948547044 2.65
car 21 -1 -1 -10 -99999.00 -99999.00 -99999.00 -99999.00 1.55 0.6 0.59 -6.038763369624022 -4.971123190482318 -0.33907401955327393 -0.18
car 23 -1 -1 -10 -99999.00 -99999.00 -99999.00 -99999.00 1.51 0.74 0.4 1.1879434599451308 6.704182869519617 -0.09445839302738067 -0.68
car 24 -1 -1 -10 -99999.00 -99999.00 -99999.00 -99999.00 1.3 0.45 0.46 1.7115955160414849 5.646004466138274 -0.0876034121101311 -0.23
car 25 -1 -1 -10 -99999.00 -99999.00 -99999.00 -99999.00 2.88 2.99 1.54 -2.3605303179462487 14.881880786769484 0.6391563708810688 -1.32
