pedestrian 1 -1 -1 -10 -99999.00 -99999.00 -99999.00 -99999.00 1.702 0.37 0.6 0.6869874123447857 1.2224011168190088 -0.0910154101207901 0.22
pedestrian 8 -1 -1 -10 -99999.00 -99999.00 -99999.00 -99999.00 1.51 5.08 2.17 -16.114804652898588 0.09376469184941423 0.2290833505087305 -0.84
pedestrian 9 -1 -1 -10 -99999.00 -99999.00 -99999.00 -99999.00 1.69 0.73 0.57 -2.218853157526628 -3.3677636823861246 0.03095876184800907 1.14
pedestrian 10 -1 -1 -10 -99999.00 -99999.00 -99999.00 -99999.00 1.702 0.45 0.6 0.5652358115954272 1.8019787050907004 -0.11261093947615347 -0.38
pedestrian 11 -1 -1 -10 -99999.00 -99999.00 -99999.00 -99999.00 1.702 0.47 0.61 9.365790502106217 -0.4473245784292452 -0.25742764457231876 -0.17
pedestrian 20 -1 -1 -10 -99999.00 -99999.00 -99999.00 -99999.00 1.48 0.43 -0.72 -7.2124281187868835 3.724844463527103 -0.09441585599774843 2.65
pedestrian 22 -1 -1 -10 -99999.00 -99999.00 -99999.00 -99999.00 1.42 0.62 0.67 5.370144486277779 1.1487379137530545 -0.2797309457436858 -0.33
pedestrian 24 -1 -1 -10 -99999.00 -99999.00 -99999.00 -99999.00 1.702 0.71 0.51 0.73449525607589 5.212586247458505 -0.20040292315349817 -0.23
pedestrian 25 -1 -1 -10 -99999.00 -99999.00 -99999.00 -99999.00 2.97 2.47 2.84 -6.107201966236949 13.938796509840651 0.6101114659188501 -1.32
pedestrian 26 -1 -1 -10 -99999.00 -99999.00 -99999.00 -99999.00 1.6 0.51 0.79 -7.244005411333332 7.604751012211025 -0.24484207736573702 -0.1
pedestrian 27 -1 -1 -10 -99999.00 -99999.00 -99999.00 -99999.00 1.46 0.57 0.54 -7.100615180258455 6.5552461003684765 -0.22296328282267897 -0.1
