car 1 -1 -1 -10 -99999.00 -99999.00 -99999.00 -99999.00 1.14 0.48 0.64 0.4054773512941723 1.6614210537921739 -0.09470057868653835 -0.0
car 6 -1 -1 -10 -99999.00 -99999.00 -99999.00 -99999.00 1.73 0.78 0.36 2.37440959806969 -9.761772353504988 -0.008920702898808154 0.33
car 8 -1 -1 -10 -99999.00 -99999.00 -99999.00 -99999.00 1.41 5.09 1.98 -18.373131255772826 -0.03412344926792625 0.11951338148403624 -0.84
car 9 -1 -1 -10 -99999.00 -99999.00 -99999.00 -99999.00 1.61 0.52 0.65 -2.743220658436184 -1.7295888125632646 -0.07591415273151857 0.03
car 10 -1 -1 -10 -99999.00 -99999.00 -99999.00 -99999.00 1.4 0.32 0.43 0.34391222955421225 2.261207959301934 -0.13550993746818504 -0.23
car 11 -1 -1 -10 -99999.00 -99999.00 -99999.00 -99999.00 1.52 0.48 0.55 10.314054049417667 -0.3840088251253153 -0.1350047699783 -0.42
car 21 -1 -1 -10 -99999.00 -99999.00 -99999.00 -99999.00 1.87 0.58 0.75 -2.012623655772912 -4.557058302215851 -0.12635525485260835 0.99
car 22 -1 -1 -10 -99999.00 -99999.00 -99999.00 -99999.00 1.58 0.46 0.54 8.450359981546091 -1.9605267782945146 -0.20940614574181152 0.23
car 25 -1 -1 -10 -99999.00 -99999.00 -99999.00 -99999.00 2.93 4.83 3.54 -9.171799035717688 14.838109572478654 0.7000048310728932 -1.35
car 26 -1 -1 -10 -99999.00 -99999.00 -99999.00 -99999.00 1.36 0.32 0.61 -6.09165025728509 6.828770013365456 -0.2097552084675122 -0.1
car 27 -1 -1 -10 -99999.00 -99999.00 -99999.00 -99999.00 1.6 0.65 0.81 -6.220687307561738 6.068320858861556 -0.08143325761651522 -0.1
car 28 -1 -1 -10 -99999.00 -99999.00 -99999.00 -99999.00 1.42 3.54 1.88 11.449623079443978 -4.270075596329069 -0.28015306583854677 -2.71
