pedestrian 1 -1 -1 -10 -99999.00 -99999.00 -99999.00 -99999.00 1.48 -0.49 0.54 1.8557456991430326 1.6264827420379366 -0.09571723964308543 2.54
pedestrian 3 -1 -1 -10 -99999.00 -99999.00 -99999.00 -99999.00 1.6 -0.63 0.64 -4.157949231803255 -8.824572155894922 -0.12443653463029085 0.61
pedestrian 5 -1 -1 -10 -99999.00 -99999.00 -99999.00 -99999.00 1.702 0.53 0.65 2.059748508232087 6.61722028456166 -0.2030561213590915 1.36
pedestrian 7 -1 -1 -10 -99999.00 -99999.00 -99999.00 -99999.00 0.55 1.38 1.85 -6.368928880673045 9.707809991537783 -0.42340297723089765 -1.54
pedestrian 8 -1 -1 -10 -99999.00 -99999.00 -99999.00 -99999.00 1.76 4.77 3.32 -3.7657828972833323 10.186917728330677 -0.009293371320591234 -1.02
pedestrian 9 -1 -1 -10 -99999.00 -99999.00 -99999.00 -99999.00 1.53 0.56 0.65 -6.100513653065287 -0.3512909631599356 0.09015446725583424 0.34
pedestrian 10 -1 -1 -10 -99999.00 -99999.00 -99999.00 -99999.00 1.4 0.39 0.62 2.1244033380059855 2.117422232672364 -0.12220288889304232 -1.09
pedestrian 11 -1 -1 -10 -99999.00 -99999.00 -99999.00 -99999.00 1.702 0.49 0.43 5.721508416831277 0.2999648202392611 -0.15512105836302792 0.23
pedestrian 12 -1 -1 -10 -99999.00 -99999.00 -99999.00 -99999.00 1.702 1.85 0.63 -8.048536311251503 -3.2881147893711 -0.05535682780929629 -0.16
pedestrian 13 -1 -1 -10 -99999.00 -99999.00 -99999.00 -99999.00 1.56 0.38 0.65 -3.307713099699934 -8.911604553881181 -0.11330633396962181 -1.92
pedestrian 14 -1 -1 -10 -99999.00 -99999.00 -99999.00 -99999.00 1.702 0.46 0.61 3.0067848536920776 -4.23953705981409 -0.13065359570563545 -1.69
pedestrian 15 -1 -1 -10 -99999.00 -99999.00 -99999.00 -99999.00 1.52 1.7 0.56 -6.099763942531856 2.5987259709446984 0.010157427123011981 2.05
pedestrian 16 -1 -1 -10 -99999.00 -99999.00 -99999.00 -99999.00 1.51 0.52 0.5 4.935045108532092 -0.5827874331176213 -0.19541899742256758 2.16
pedestrian 17 -1 -1 -10 -99999.00 -99999.00 -99999.00 -99999.00 1.68 0.5 0.47 4.952198558650467 -0.142720300719889 -0.09518587848340046 2.37
pedestrian 18 -1 -1 -10 -99999.00 -99999.00 -99999.00 -99999.00 1.702 0.45 0.42 7.843775321237875 -3.4126472417615967 -0.08733563554827695 1.8
