pedestrian 1 -1 -1 -10 -99999.00 -99999.00 -99999.00 -99999.00 1.53 -0.55 0.5 1.9054880990949983 1.8866556905997232 -0.14507035994651288 2.54
pedestrian 3 -1 -1 -10 -99999.00 -99999.00 -99999.00 -99999.00 1.702 0.71 0.73 -1.3386363600456888 -5.864711584799356 -0.07752885065481473 -2.25
pedestrian 5 -1 -1 -10 -99999.00 -99999.00 -99999.00 -99999.00 1.5 0.63 0.67 2.8978659538211256 4.3101315985468 -0.20208541979268457 1.36
pedestrian 6 -1 -1 -10 -99999.00 -99999.00 -99999.00 -99999.00 1.702 0.58 0.48 -7.66416654549373 -0.6567345516650218 0.4397168311357324 0.92
pedestrian 7 -1 -1 -10 -99999.00 -99999.00 -99999.00 -99999.00 1.22 4.31 1.81 -4.796098318443674 11.16331638687763 -0.25280064535341285 -1.54
pedestrian 8 -1 -1 -10 -99999.00 -99999.00 -99999.00 -99999.00 1.65 2.58 1.71 -2.3019728058815305 8.912021877594933 0.04987237964253179 -1.02
pedestrian 9 -1 -1 -10 -99999.00 -99999.00 -99999.00 -99999.00 1.8 0.62 0.49 -6.721887834669751 -0.0934567510463488 0.12202366083128471 1.32
pedestrian 10 -1 -1 -10 -99999.00 -99999.00 -99999.00 -99999.00 1.54 0.43 0.46 2.112676515744709 2.537384767374484 -0.10235468781024111 -1.09
pedestrian 11 -1 -1 -10 -99999.00 -99999.00 -99999.00 -99999.00 1.72 0.42 0.54 5.428742746572573 1.0989476574550787 -0.15895357092453674 0.23
pedestrian 12 -1 -1 -10 -99999.00 -99999.00 -99999.00 -99999.00 1.702 1.87 0.7 -6.41202029241666 -3.302389999203289 0.22608861713733175 -0.16
pedestrian 14 -1 -1 -10 -99999.00 -99999.00 -99999.00 -99999.00 1.46 0.45 0.58 6.654408166450687 -3.1168029446483763 -0.22291558605355766 3.02
pedestrian 15 -1 -1 -10 -99999.00 -99999.00 -99999.00 -99999.00 1.67 1.51 0.86 -3.548373388672506 -3.6624044819891313 0.06355867263183317 2.05
pedestrian 13 -1 -1 -10 -99999.00 -99999.00 -99999.00 -99999.00 1.63 0.47 0.6 -0.7257778145919525 -6.322579484958653 -0.16951466079989497 -1.92
