pedestrian 1 -1 -1 -10 -99999.00 -99999.00 -99999.00 -99999.00 1.702 0.5 0.39 0.4550364845207566 1.8615943678944933 -0.1140535276898272 -0.1
pedestrian 2 -1 -1 -10 -99999.00 -99999.00 -99999.00 -99999.00 1.65 0.58 0.38 1.9684572563046745 3.4868902884512534 -0.034236623750107976 -0.92
pedestrian 3 -1 -1 -10 -99999.00 -99999.00 -99999.00 -99999.00 1.44 0.81 0.45 12.54055706563304 0.783838073441975 1.3642677003520953 2.61
pedestrian 4 -1 -1 -10 -99999.00 -99999.00 -99999.00 -99999.00 1.61 0.7 0.65 1.6996004377932006 -2.8640833140861304 0.04225070208374038 -1.42
pedestrian 5 -1 -1 -10 -99999.00 -99999.00 -99999.00 -99999.00 1.702 0.3 0.23 -0.2136709302913089 -1.4707589875683011 -0.09280481687667182 1.75
pedestrian 6 -1 -1 -10 -99999.00 -99999.00 -99999.00 -99999.00 1.66 0.48 0.55 -2.6361975210430675 -0.7292109332497997 -0.1145165703090293 0.92
pedestrian 8 -1 -1 -10 -99999.00 -99999.00 -99999.00 -99999.00 2.01 3.89 2.04 6.244589663301252 8.351870541676998 0.5217838556903723 -1.55
pedestrian 9 -1 -1 -10 -99999.00 -99999.00 -99999.00 -99999.00 1.702 0.58 0.44 -1.8088739823934055 0.09368131170422409 -0.12368802552226968 -2.08
pedestrian 10 -1 -1 -10 -99999.00 -99999.00 -99999.00 -99999.00 1.4 0.35 0.47 0.9045066032160831 2.303162480400771 -0.18817649590921035 -0.51
pedestrian 11 -1 -1 -10 -99999.00 -99999.00 -99999.00 -99999.00 1.58 0.31 0.6 1.4313253691779755 3.16500728623654 -0.1712792036913574 -1.04
