pedestrian 1 -1 -1 -10 -99999.00 -99999.00 -99999.00 -99999.00 1.52 -0.44 0.68 1.8343950151453172 1.9764107966898588 -0.08599587860920338 -2.18
pedestrian 3 -1 -1 -10 -99999.00 -99999.00 -99999.00 -99999.00 1.47 0.33 0.44 -0.42957480054366426 -4.641542524668997 -0.3256508597059352 -0.93
pedestrian 4 -1 -1 -10 -99999.00 -99999.00 -99999.00 -99999.00 1.81 0.84 0.6 7.168638556199559 -10.295048782437853 -0.15617880071894752 -0.66
pedestrian 6 -1 -1 -10 -99999.00 -99999.00 -99999.00 -99999.00 1.53 0.5 0.48 -7.141439293415423 -0.7749186818480401 0.2665442833472732 0.92
pedestrian 7 -1 -1 -10 -99999.00 -99999.00 -99999.00 -99999.00 1.3 4.2 2.02 -3.955582009540423 11.146248655913265 -0.281801111339026 -1.54
pedestrian 8 -1 -1 -10 -99999.00 -99999.00 -99999.00 -99999.00 1.72 3.02 1.45 -1.5834786697147707 9.214533318911231 0.08928055349919542 -1.02
pedestrian 9 -1 -1 -10 -99999.00 -99999.00 -99999.00 -99999.00 1.71 0.65 0.44 -6.822105546632925 -0.10380575526444909 0.14071345271241303 1.32
pedestrian 10 -1 -1 -10 -99999.00 -99999.00 -99999.00 -99999.00 1.62 0.45 0.44 1.9311223128089303 2.686755536268412 -0.02472450813512521 0.48
pedestrian 11 -1 -1 -10 -99999.00 -99999.00 -99999.00 -99999.00 1.43 0.71 0.56 5.185885182839805 1.698106245710099 -0.10212760979729153 0.23
pedestrian 12 -1 -1 -10 -99999.00 -99999.00 -99999.00 -99999.00 1.702 1.89 0.76 -5.337659299527105 -3.338654758495311 -0.08987550138067608 -0.16
pedestrian 14 -1 -1 -10 -99999.00 -99999.00 -99999.00 -99999.00 1.702 0.27 0.57 9.091103971534984 -2.4882895324474004 -0.12101149306374759 3.02
pedestrian 13 -1 -1 -10 -99999.00 -99999.00 -99999.00 -99999.00 1.6 0.49 0.67 0.8888292496778893 -4.926933098021662 -0.11837572612537074 -2.25
