pedestrian 1 -1 -1 -10 -99999.00 -99999.00 -99999.00 -99999.00 1.42 -0.59 0.52 1.776171882566251 1.5062042210057838 -0.09675891796325264 2.54
pedestrian 3 -1 -1 -10 -99999.00 -99999.00 -99999.00 -99999.00 1.38 -0.55 0.68 -4.697960891892563 -9.446453330406971 0.03850889106525359 0.57
pedestrian 5 -1 -1 -10 -99999.00 -99999.00 -99999.00 -99999.00 1.702 0.53 0.66 1.8684919803107372 7.056554380162195 -0.22556152005206548 1.36
pedestrian 7 -1 -1 -10 -99999.00 -99999.00 -99999.00 -99999.00 0.87 1.3 1.73 -6.6808202514299895 9.656728194216173 -0.26747215016405634 -1.54
pedestrian 8 -1 -1 -10 -99999.00 -99999.00 -99999.00 -99999.00 1.84 5.01 3.29 -4.09648562004668 10.24576544782312 0.02638092008718459 -1.02
pedestrian 9 -1 -1 -10 -99999.00 -99999.00 -99999.00 -99999.00 1.53 0.46 0.67 -5.910435126808446 -0.49062688646313374 0.12264530185995653 0.34
pedestrian 10 -1 -1 -10 -99999.00 -99999.00 -99999.00 -99999.00 1.52 0.4 0.39 2.0240983517495166 2.057073533071374 -0.08351252589966857 -1.09
pedestrian 12 -1 -1 -10 -99999.00 -99999.00 -99999.00 -99999.00 1.702 1.82 0.59 -8.400799232059693 -3.2693366392132726 0.11004636351521169 -0.16
pedestrian 13 -1 -1 -10 -99999.00 -99999.00 -99999.00 -99999.00 1.34 0.26 0.62 -3.887677467556973 -9.583625049832731 0.05911693892942603 -1.92
pedestrian 14 -1 -1 -10 -99999.00 -99999.00 -99999.00 -99999.00 1.52 0.57 0.56 2.1084555982913984 -4.472677244849083 -0.20241851062309948 -1.69
pedestrian 15 -1 -1 -10 -99999.00 -99999.00 -99999.00 -99999.00 1.49 1.41 0.58 -6.876604336582565 3.8260306757740583 0.2000051652576996 2.05
pedestrian 16 -1 -1 -10 -99999.00 -99999.00 -99999.00 -99999.00 1.46 0.72 0.49 4.083290626698336 -0.28575631452322425 -0.14656393358401043 2.46
pedestrian 17 -1 -1 -10 -99999.00 -99999.00 -99999.00 -99999.00 1.56 0.64 0.62 4.2500638096974654 0.18483423281652522 -0.024370471456065006 2.37
