pedestrian 1 -1 -1 -10 -99999.00 -99999.00 -99999.00 -99999.00 1.702 0.57 0.36 0.8791950845112996 0.6230679959932269 -0.09850013066058741 -1.35
pedestrian 2 -1 -1 -10 -99999.00 -99999.00 -99999.00 -99999.00 1.45 0.3 0.43 7.311441705637629 -3.1444989319440624 0.01570516046945537 -0.17
pedestrian 6 -1 -1 -10 -99999.00 -99999.00 -99999.00 -99999.00 1.702 0.32 0.51 -5.44319795032008 -6.129056639030374 -0.45128792271562124 0.32
pedestrian 7 -1 -1 -10 -99999.00 -99999.00 -99999.00 -99999.00 1.19 2.35 1.88 -12.81586696241106 5.325286946007471 -0.29778002697143824 -1.59
pedestrian 8 -1 -1 -10 -99999.00 -99999.00 -99999.00 -99999.00 1.75 4.5 2.98 -10.934801336109016 7.091873554659955 -0.07313839308623278 -0.84
pedestrian 9 -1 -1 -10 -99999.00 -99999.00 -99999.00 -99999.00 1.68 0.39 0.68 -3.856686730183571 -2.7134923716529498 -0.3205099284065952 0.34
pedestrian 10 -1 -1 -10 -99999.00 -99999.00 -99999.00 -99999.00 1.702 0.53 0.56 1.1872382256567104 1.2141465034500425 -0.10446848184759276 -0.38
pedestrian 11 -1 -1 -10 -99999.00 -99999.00 -99999.00 -99999.00 1.51 0.57 0.76 6.493436739024386 -3.247360656870325 -0.11501339269443492 -0.17
pedestrian 14 -1 -1 -10 -99999.00 -99999.00 -99999.00 -99999.00 1.702 0.49 0.48 -4.4748567036826365 -7.865695012996313 -0.6186270637722635 -2.97
pedestrian 16 -1 -1 -10 -99999.00 -99999.00 -99999.00 -99999.00 1.45 0.51 0.45 -4.833473682050664 -0.5968912192912013 -0.37330019723630115 2.43
pedestrian 17 -1 -1 -10 -99999.00 -99999.00 -99999.00 -99999.00 1.62 0.5 0.5 -5.216606407053673 -0.17822022561271436 -0.24830454097562724 2.76
pedestrian 20 -1 -1 -10 -99999.00 -99999.00 -99999.00 -99999.00 1.702 0.36 0.49 0.5907479094293512 2.862076966750415 -0.052271827035185764 1.34
pedestrian 21 -1 -1 -10 -99999.00 -99999.00 -99999.00 -99999.00 1.702 0.55 0.62 -8.70622408246936 -2.060426112886065 -0.5640092722356582 -0.18
pedestrian 22 -1 -1 -10 -99999.00 -99999.00 -99999.00 -99999.00 1.4 0.8 0.55 0.6837675390639 2.0323961820218184 -0.061054990177967616 -0.04
pedestrian 24 -1 -1 -10 -99999.00 -99999.00 -99999.00 -99999.00 1.52 0.65 0.46 3.7280766644627494 5.633055703843871 0.19881604885001547 -0.68
