car 1 -1 -1 -10 -99999.00 -99999.00 -99999.00 -99999.00 0.89 0.31 0.66 0.7781222517035042 0.9327170422256197 -0.0998232465198371 0.22
car 9 -1 -1 -10 -99999.00 -99999.00 -99999.00 -99999.00 1.69 0.45 0.62 -2.4379603813017896 -3.618530102611921 0.028090491170324777 1.15
car 8 -1 -1 -10 -99999.00 -99999.00 -99999.00 -99999.00 1.53 5.01 1.65 -14.920734940300928 1.727943543029881 0.2547154360935807 -0.84
car 10 -1 -1 -10 -99999.00 -99999.00 -99999.00 -99999.00 1.28 0.48 0.65 0.7759058934374506 1.6427127166626507 -0.11985397383418436 -0.38
car 11 -1 -1 -10 -99999.00 -99999.00 -99999.00 -99999.00 1.51 0.36 0.71 8.788810524877297 -1.2993439777591969 -0.26498072621783714 -0.17
car 16 -1 -1 -10 -99999.00 -99999.00 -99999.00 -99999.00 1.25 0.53 0.93 -9.103072647619237 -4.941804827506592 -0.03915889425137323 -2.28
car 20 -1 -1 -10 -99999.00 -99999.00 -99999.00 -99999.00 1.53 0.44 -0.78 -4.591935536147464 3.6739903357755215 -0.10011515616616241 2.65
car 21 -1 -1 -10 -99999.00 -99999.00 -99999.00 -99999.00 1.64 0.57 0.64 -4.828883246374612 -5.526896090558259 -0.17322296918829255 0.56
car 22 -1 -1 -10 -99999.00 -99999.00 -99999.00 -99999.00 1.47 0.35 0.54 3.9547938658133592 1.963811099536977 -0.098241764338754 -0.33
car 23 -1 -1 -10 -99999.00 -99999.00 -99999.00 -99999.00 1.42 0.38 0.4 0.7691338172082328 6.372718806398152 -0.09994091157285026 -0.68
car 24 -1 -1 -10 -99999.00 -99999.00 -99999.00 -99999.00 1.51 0.77 0.61 1.2030472677962971 5.654224172993089 -0.20427009812619984 -0.23
car 25 -1 -1 -10 -99999.00 -99999.00 -99999.00 -99999.00 2.91 2.48 2.8 -3.7391384382970685 14.477066124753359 0.6311102588043638 -1.32
