pedestrian 1 -1 -1 -10 -99999.00 -99999.00 -99999.00 -99999.00 1.702 0.42 0.62 0.7069332062901926 1.1624712953878455 -0.07075259177989064 0.22
pedestrian 8 -1 -1 -10 -99999.00 -99999.00 -99999.00 -99999.00 1.51 5.12 2.14 -15.776511221876389 0.5749485890063297 0.23351185410590028 -0.84
pedestrian 9 -1 -1 -10 -99999.00 -99999.00 -99999.00 -99999.00 1.81 0.56 0.46 -2.1780016762834014 -3.53762302063134 0.01149182343613288 -0.43
pedestrian 10 -1 -1 -10 -99999.00 -99999.00 -99999.00 -99999.00 1.702 0.5 0.39 0.5549138484180025 1.7819439204233922 -0.08274349098287764 -0.38
pedestrian 11 -1 -1 -10 -99999.00 -99999.00 -99999.00 -99999.00 1.702 0.4 0.66 9.176584532971582 -0.7079862181891633 -0.24990362958735848 -0.33
pedestrian 20 -1 -1 -10 -99999.00 -99999.00 -99999.00 -99999.00 1.702 0.43 -0.74 -6.312126767848623 3.6179867199584477 -0.08263026572152084 2.65
pedestrian 22 -1 -1 -10 -99999.00 -99999.00 -99999.00 -99999.00 1.6 0.77 0.51 4.9174981469324415 1.6171642572153655 -0.20564955653023095 -0.33
pedestrian 24 -1 -1 -10 -99999.00 -99999.00 -99999.00 -99999.00 1.65 0.49 0.43 0.9728065197245965 5.35342315087025 -0.10727554664396863 -0.23
pedestrian 25 -1 -1 -10 -99999.00 -99999.00 -99999.00 -99999.00 2.91 2.47 2.82 -5.407501776767465 14.121238869209709 0.5892684727504091 -1.32
pedestrian 26 -1 -1 -10 -99999.00 -99999.00 -99999.00 -99999.00 1.56 0.36 0.77 -7.355880138510532 7.994364664541889 -0.2063031705775014 -0.1
pedestrian 27 -1 -1 -10 -99999.00 -99999.00 -99999.00 -99999.00 1.56 0.74 0.63 -7.27170774398539 6.984650069920739 -0.255205577562739 -0.1
