pedestrian 1 -1 -1 -10 -99999.00 -99999.00 -99999.00 -99999.00 1.54 -0.53 0.48 1.8656924416993586 1.7165171002412898 -0.11558874324569263 2.54
pedestrian 3 -1 -1 -10 -99999.00 -99999.00 -99999.00 -99999.00 1.52 -0.43 0.81 -3.848858984949049 -8.533491820735442 -0.13039117845270445 0.89
pedestrian 4 -1 -1 -10 -99999.00 -99999.00 -99999.00 -99999.00 1.11 0.42 0.44 8.109033021645736 -13.181784869752708 -0.1738709332166385 -0.59
pedestrian 5 -1 -1 -10 -99999.00 -99999.00 -99999.00 -99999.00 1.702 0.48 0.64 2.200267932230801 6.42771013330481 -0.19121576453693648 1.36
pedestrian 7 -1 -1 -10 -99999.00 -99999.00 -99999.00 -99999.00 1.07 3.41 1.76 -6.185613074703233 10.718467062041043 -0.18098267873383556 -1.54
pedestrian 8 -1 -1 -10 -99999.00 -99999.00 -99999.00 -99999.00 1.61 4.2 3.14 -3.504017896206703 9.937826820784187 -0.07587267733243258 -1.02
pedestrian 9 -1 -1 -10 -99999.00 -99999.00 -99999.00 -99999.00 1.57 0.46 0.67 -6.128399097600443 -0.281396109166347 -0.09022599556730991 0.34
pedestrian 10 -1 -1 -10 -99999.00 -99999.00 -99999.00 -99999.00 1.49 0.36 0.42 2.0133662644273667 2.1170382610166896 -0.04364958942787713 -1.09
pedestrian 11 -1 -1 -10 -99999.00 -99999.00 -99999.00 -99999.00 1.52 0.48 0.43 5.649917934443578 0.4197197435591303 -0.06605051793495739 0.23
pedestrian 12 -1 -1 -10 -99999.00 -99999.00 -99999.00 -99999.00 1.702 1.85 0.66 -7.888524808146069 -3.25755646791493 -0.06326301928948772 -0.16
pedestrian 13 -1 -1 -10 -99999.00 -99999.00 -99999.00 -99999.00 1.5 0.42 0.65 -3.0285066712086692 -8.690628511800204 -0.10965132160597542 -1.92
pedestrian 14 -1 -1 -10 -99999.00 -99999.00 -99999.00 -99999.00 1.45 0.48 0.76 3.456385806406204 -4.0979671196051495 -0.13476885363024635 -1.69
pedestrian 15 -1 -1 -10 -99999.00 -99999.00 -99999.00 -99999.00 1.64 1.71 0.55 -5.676154987875175 1.9301961264083727 -0.08430579587361331 2.05
pedestrian 16 -1 -1 -10 -99999.00 -99999.00 -99999.00 -99999.00 1.64 0.51 0.58 5.335278912883809 -0.6213909288578434 -0.2001805067196759 2.16
pedestrian 17 -1 -1 -10 -99999.00 -99999.00 -99999.00 -99999.00 1.45 0.63 0.53 5.312436033572033 -0.18146342251672007 -0.10047096841351073 2.37
pedestrian 18 -1 -1 -10 -99999.00 -99999.00 -99999.00 -99999.00 1.7 0.86 0.53 8.06717580229292 -3.7918769833602077 -0.24442487181679107 1.8
pedestrian 6 -1 -1 -10 -99999.00 -99999.00 -99999.00 -99999.00 1.78 0.47 0.55 -7.908148606822637 -0.83760611789723 0.026487802292882345 -0.4
