car 1 -1 -1 -10 -99999.00 -99999.00 -99999.00 -99999.00 1.14 0.41 0.6 0.48564452777260414 1.6117006105225022 -0.09365113285976914 0.13
car 6 -1 -1 -10 -99999.00 -99999.00 -99999.00 -99999.00 1.65 0.54 0.47 2.1338993504956023 -9.572611267389663 -0.022070011303468046 0.33
car 8 -1 -1 -10 -99999.00 -99999.00 -99999.00 -99999.00 1.76 5.08 2.01 -17.96031535347293 -0.06269209941741823 -0.08510055508177604 -0.84
car 9 -1 -1 -10 -99999.00 -99999.00 -99999.00 -99999.00 1.61 0.59 0.59 -2.6122203856030293 -2.0191332611000443 -0.07419926522182353 0.03
car 10 -1 -1 -10 -99999.00 -99999.00 -99999.00 -99999.00 1.45 0.29 0.4 0.32374826535979745 2.2711380853502083 -0.12577304142109902 -0.23
car 11 -1 -1 -10 -99999.00 -99999.00 -99999.00 -99999.00 1.52 0.57 0.57 10.183996171722427 -0.36446273165613857 -0.13670732085986245 -0.42
car 21 -1 -1 -10 -99999.00 -99999.00 -99999.00 -99999.00 1.67 0.46 0.72 -2.42153020858436 -4.898487397899741 -0.12170727805193432 0.99
car 22 -1 -1 -10 -99999.00 -99999.00 -99999.00 -99999.00 1.46 0.42 0.67 7.998516454212623 -1.5720999474448272 -0.17531767433409248 -0.05
car 25 -1 -1 -10 -99999.00 -99999.00 -99999.00 -99999.00 2.93 3.65 2.9 -8.37012727093337 14.340905139781938 0.7104992893405853 -1.35
car 26 -1 -1 -10 -99999.00 -99999.00 -99999.00 -99999.00 1.41 0.49 0.72 -6.361948330790031 6.957826745478859 -0.22329446087400523 -0.1
car 27 -1 -1 -10 -99999.00 -99999.00 -99999.00 -99999.00 1.6 0.49 0.59 -6.301063905181929 6.178040936590695 -0.08248544491620277 -0.1
car 28 -1 -1 -10 -99999.00 -99999.00 -99999.00 -99999.00 1.07 2.87 1.65 12.146365032701722 -4.0276336025005435 -0.09101679168936469 -2.71
