pedestrian 1 -1 -1 -10 -99999.00 -99999.00 -99999.00 -99999.00 1.702 0.55 0.39 0.918990710938483 0.6432075002029918 -0.0879783205761515 0.22
pedestrian 2 -1 -1 -10 -99999.00 -99999.00 -99999.00 -99999.00 1.47 0.37 0.55 6.809717390461755 -3.6662759961478772 -0.48090475368062385 -0.17
pedestrian 6 -1 -1 -10 -99999.00 -99999.00 -99999.00 -99999.00 1.56 0.43 0.55 -6.418396931220222 -5.142448602321928 -0.3240419815087104 0.32
pedestrian 8 -1 -1 -10 -99999.00 -99999.00 -99999.00 -99999.00 1.89 3.41 4.25 -9.527104686503943 8.44682205500759 0.5153382029618577 -0.84
pedestrian 9 -1 -1 -10 -99999.00 -99999.00 -99999.00 -99999.00 1.55 0.42 0.72 -4.201341506455325 -2.2346821174583864 -0.09500200022843695 0.34
pedestrian 10 -1 -1 -10 -99999.00 -99999.00 -99999.00 -99999.00 1.702 0.39 0.46 1.2268767707433466 1.2042861904300737 -0.07394701447521754 -0.38
pedestrian 11 -1 -1 -10 -99999.00 -99999.00 -99999.00 -99999.00 1.45 0.61 0.62 5.96957633314806 -3.569208752570886 -0.5019036593709356 -0.17
pedestrian 14 -1 -1 -10 -99999.00 -99999.00 -99999.00 -99999.00 1.41 0.54 0.5 -4.748601631761633 -7.386640413202685 -0.46219687241653234 -2.97
pedestrian 16 -1 -1 -10 -99999.00 -99999.00 -99999.00 -99999.00 1.53 0.54 0.67 -4.127692477850883 -0.0044164512682961085 -0.2040473064057058 2.43
pedestrian 17 -1 -1 -10 -99999.00 -99999.00 -99999.00 -99999.00 1.55 0.46 0.5 -4.351843400148127 0.5148124374024058 -0.026966180355854304 2.76
pedestrian 20 -1 -1 -10 -99999.00 -99999.00 -99999.00 -99999.00 1.702 0.53 0.62 1.4722290973170447 2.4551512378561178 -0.05073346298660748 2.44
pedestrian 21 -1 -1 -10 -99999.00 -99999.00 -99999.00 -99999.00 1.4 0.31 0.61 -9.08889550779359 -0.8217252084140382 0.07103611944945903 -0.18
pedestrian 22 -1 -1 -10 -99999.00 -99999.00 -99999.00 -99999.00 1.42 0.8 0.69 0.7835925631599344 2.042745186239919 -0.04974735223187571 -0.04
pedestrian 24 -1 -1 -10 -99999.00 -99999.00 -99999.00 -99999.00 1.63 0.74 0.52 4.440978497166897 5.685533761731569 -0.031872118092726824 -0.68
