pedestrian 1 -1 -1 -10 -99999.00 -99999.00 -99999.00 -99999.00 1.4 -0.58 0.64 1.8064134852727052 1.5863084531608638 -0.13636646088868593 2.54
pedestrian 3 -1 -1 -10 -99999.00 -99999.00 -99999.00 -99999.00 1.45 -0.54 0.48 -4.408161959205197 -9.09544317381633 -0.03770428747675984 0.61
pedestrian 5 -1 -1 -10 -99999.00 -99999.00 -99999.00 -99999.00 1.702 0.34 0.67 1.9687096613054555 6.916904298231628 -0.20424788514793765 1.36
pedestrian 7 -1 -1 -10 -99999.00 -99999.00 -99999.00 -99999.00 0.55 1.31 1.77 -6.518775501941602 9.667286637519187 -0.42536457695604274 -1.54
pedestrian 8 -1 -1 -10 -99999.00 -99999.00 -99999.00 -99999.00 1.84 4.83 3.25 -3.956428659993903 10.226254260868098 0.02821436612699754 -1.02
pedestrian 9 -1 -1 -10 -99999.00 -99999.00 -99999.00 -99999.00 1.56 0.42 0.61 -5.990375414899077 -0.4309065041168842 0.10159711256955412 0.34
pedestrian 10 -1 -1 -10 -99999.00 -99999.00 -99999.00 -99999.00 1.57 0.44 0.59 2.124246256665438 2.0874224154426306 -0.102203231605103 -1.09
pedestrian 12 -1 -1 -10 -99999.00 -99999.00 -99999.00 -99999.00 1.702 1.89 0.63 -8.251432572951574 -3.2788129805775665 0.16200596417982246 -0.16
pedestrian 13 -1 -1 -10 -99999.00 -99999.00 -99999.00 -99999.00 1.702 0.39 0.74 -3.6287222465849607 -9.252719490937702 0.05250599166714774 -1.92
pedestrian 14 -1 -1 -10 -99999.00 -99999.00 -99999.00 -99999.00 1.52 0.57 0.53 2.4280073914490785 -4.351560967477278 -0.19823534850492056 -1.69
pedestrian 15 -1 -1 -10 -99999.00 -99999.00 -99999.00 -99999.00 1.63 1.67 0.58 -6.522360633066456 3.2772557545576015 0.02462704700156366 2.05
pedestrian 16 -1 -1 -10 -99999.00 -99999.00 -99999.00 -99999.00 1.62 0.37 0.5 4.513844527974095 -0.45425429871650247 -0.14092767427263744 2.16
pedestrian 17 -1 -1 -10 -99999.00 -99999.00 -99999.00 -99999.00 1.49 0.37 0.5 4.571369559112176 0.06595197235046198 -0.09017034637639317 2.37
pedestrian 19 -1 -1 -10 -99999.00 -99999.00 -99999.00 -99999.00 1.66 0.29 0.33 7.595142156348658 -3.2735207575433125 -0.23060241713504295 -1.49
