pedestrian 1 -1 -1 -10 -99999.00 -99999.00 -99999.00 -99999.00 1.702 0.63 0.36 0.8582719609358946 0.8129970254199027 -0.07877231575651635 -1.35
pedestrian 2 -1 -1 -10 -99999.00 -99999.00 -99999.00 -99999.00 1.57 0.58 0.48 8.651431160832443 -1.4697967267450003 0.34327314405165277 -0.17
pedestrian 6 -1 -1 -10 -99999.00 -99999.00 -99999.00 -99999.00 1.57 0.43 0.57 -2.5172705729281337 -8.1188517522135 -0.3529802944214266 0.32
pedestrian 8 -1 -1 -10 -99999.00 -99999.00 -99999.00 -99999.00 1.48 4.95 1.94 -13.791386681407513 3.411842837480019 -0.9006008306856665 -0.84
pedestrian 9 -1 -1 -10 -99999.00 -99999.00 -99999.00 -99999.00 1.7 0.41 0.67 -2.8540211160633358 -3.499996907287381 -0.30738431652145476 0.34
pedestrian 10 -1 -1 -10 -99999.00 -99999.00 -99999.00 -99999.00 1.702 0.59 0.55 0.906426235078627 1.4531676588916498 -0.10814451217027983 -0.38
pedestrian 11 -1 -1 -10 -99999.00 -99999.00 -99999.00 -99999.00 1.46 0.53 0.74 7.9042922968757106 -2.122410755283982 0.29348913336985466 -0.17
pedestrian 16 -1 -1 -10 -99999.00 -99999.00 -99999.00 -99999.00 1.46 0.5 0.43 -7.142004232303295 -3.0049749089532174 -0.623539367099962 2.43
pedestrian 17 -1 -1 -10 -99999.00 -99999.00 -99999.00 -99999.00 1.49 0.33 0.43 -7.532779943429456 -2.736337907937551 -0.6386557581756037 2.76
pedestrian 18 -1 -1 -10 -99999.00 -99999.00 -99999.00 -99999.00 1.61 0.35 0.65 -4.377810705206728 5.764745546091653 -0.2073215333577816 2.96
pedestrian 20 -1 -1 -10 -99999.00 -99999.00 -99999.00 -99999.00 1.5 0.77 -0.43 -2.249977404006244 3.6221588256276775 -0.21947009679873086 -0.49
pedestrian 21 -1 -1 -10 -99999.00 -99999.00 -99999.00 -99999.00 1.55 0.32 0.61 -6.425856557712622 -4.782485702079275 -0.614164480500933 -0.18
pedestrian 23 -1 -1 -10 -99999.00 -99999.00 -99999.00 -99999.00 1.702 0.56 0.46 1.2852902409583151 6.974530289728742 0.036827084511612554 -0.68
pedestrian 24 -1 -1 -10 -99999.00 -99999.00 -99999.00 -99999.00 1.57 0.54 0.47 2.0497492400638104 5.717190861155496 0.03683354419419493 -0.23
