cyclist 1 -1 -1 -10 -99999.00 -99999.00 -99999.00 -99999.00 1.54 -0.63 0.56 1.7950967871561538 1.92627147525036 -0.1265137477844003 2.54
cyclist 3 -1 -1 -10 -99999.00 -99999.00 -99999.00 -99999.00 1.49 0.84 0.68 -1.1207857250579938 -5.553945530114091 0.005329824755871771 -2.25
cyclist 5 -1 -1 -10 -99999.00 -99999.00 -99999.00 -99999.00 1.51 0.4 0.53 2.939136308316327 4.170272077531318 -0.2615503020439802 1.36
cyclist 6 -1 -1 -10 -99999.00 -99999.00 -99999.00 -99999.00 1.39 0.54 0.51 -7.543933232537896 -0.7263152470312402 0.44129077141980966 0.92
cyclist 7 -1 -1 -10 -99999.00 -99999.00 -99999.00 -99999.00 1.41 4.31 2.1 -4.3583028370506955 11.184852151653486 -0.08705587980285637 -1.54
cyclist 8 -1 -1 -10 -99999.00 -99999.00 -99999.00 -99999.00 1.8 2.68 1.79 -1.8521537138868525 8.953592427038094 0.05576083411519154 -1.02
cyclist 9 -1 -1 -10 -99999.00 -99999.00 -99999.00 -99999.00 1.73 0.72 0.61 -6.815736616543282 0.036228298321793806 0.3808173897182824 1.32
cyclist 10 -1 -1 -10 -99999.00 -99999.00 -99999.00 -99999.00 1.54 0.37 0.58 2.1524634240330998 2.59752402789056 -0.1018338486501575 -1.09
cyclist 11 -1 -1 -10 -99999.00 -99999.00 -99999.00 -99999.00 1.47 0.41 0.55 5.449709584715767 1.309016191091519 -0.2886902383478709 0.23
cyclist 12 -1 -1 -10 -99999.00 -99999.00 -99999.00 -99999.00 1.29 1.84 0.66 -5.99101166575438 -3.300923925608895 0.1515930675779317 -0.16
cyclist 14 -1 -1 -10 -99999.00 -99999.00 -99999.00 -99999.00 1.34 0.38 0.53 7.466262404191752 -2.9539764917767988 -0.40230411106877834 3.02
cyclist 15 -1 -1 -10 -99999.00 -99999.00 -99999.00 -99999.00 1.72 1.81 0.74 -2.8627901047028055 -5.09002212697742 0.022529165452053336 2.05
