pedestrian 1 -1 -1 -10 -99999.00 -99999.00 -99999.00 -99999.00 1.702 0.6 0.3 0.8584377604152345 0.8029970863433248 -0.08877100212010336 -1.35
pedestrian 2 -1 -1 -10 -99999.00 -99999.00 -99999.00 -99999.00 1.59 0.56 0.48 8.56232947495131 -1.6501097887507727 0.32210502549467324 -0.17
pedestrian 7 -1 -1 -10 -99999.00 -99999.00 -99999.00 -99999.00 0.55 2.03 1.55 -14.228936983552515 0.8302877625860696 -1.1663509546406914 -1.39
pedestrian 8 -1 -1 -10 -99999.00 -99999.00 -99999.00 -99999.00 1.64 4.95 1.92 -13.526961396726723 3.6527838511999997 -0.5371084693779343 -0.84
pedestrian 9 -1 -1 -10 -99999.00 -99999.00 -99999.00 -99999.00 1.73 0.47 0.75 -2.913640389587462 -3.5702059199083394 -0.31816563236162637 0.34
pedestrian 10 -1 -1 -10 -99999.00 -99999.00 -99999.00 -99999.00 1.702 0.51 0.52 0.896601670339222 1.4031330569946079 -0.10827312276776503 -0.38
pedestrian 11 -1 -1 -10 -99999.00 -99999.00 -99999.00 -99999.00 1.46 0.36 0.69 7.764549468535571 -2.1928990200181584 0.2916597995394192 -0.17
pedestrian 14 -1 -1 -10 -99999.00 -99999.00 -99999.00 -99999.00 1.6 0.38 0.66 -4.4099144724789605 -8.49548173573581 -0.8277949161476593 -2.59
pedestrian 16 -1 -1 -10 -99999.00 -99999.00 -99999.00 -99999.00 1.702 0.55 0.42 -6.753078407929337 -2.7436151389102545 -0.6084471923684325 2.43
pedestrian 17 -1 -1 -10 -99999.00 -99999.00 -99999.00 -99999.00 1.42 0.32 0.49 -7.164192600868046 -2.4150483164634258 -0.6138289719577534 2.76
pedestrian 18 -1 -1 -10 -99999.00 -99999.00 -99999.00 -99999.00 1.51 0.44 0.59 -3.7678492451193595 5.686875330842316 -0.1793349868557972 2.96
pedestrian 20 -1 -1 -10 -99999.00 -99999.00 -99999.00 -99999.00 1.51 -0.36 0.78 -1.8819922633591022 3.5534507931152652 -0.04463834187081018 -0.45
pedestrian 21 -1 -1 -10 -99999.00 -99999.00 -99999.00 -99999.00 1.63 0.78 0.66 -6.766156925859119 -4.613673559258627 -0.6386209699395318 -0.18
pedestrian 23 -1 -1 -10 -99999.00 -99999.00 -99999.00 -99999.00 1.63 0.52 0.61 1.4530494407577794 7.1251227866179985 0.1690343111041959 -0.68
pedestrian 24 -1 -1 -10 -99999.00 -99999.00 -99999.00 -99999.00 1.702 0.49 0.58 2.2282492453242173 5.767818873793126 0.13917880523933912 -0.23
