car 1 -1 -1 -10 -99999.00 -99999.00 -99999.00 -99999.00 0.76 0.68 0.38 0.8787325895969064 0.6430678741463828 -0.06850361465767331 -1.35
car 2 -1 -1 -10 -99999.00 -99999.00 -99999.00 -99999.00 1.54 0.56 0.54 7.6899670726165725 -2.693175225960272 0.010659472160346245 -0.17
car 6 -1 -1 -10 -99999.00 -99999.00 -99999.00 -99999.00 1.52 0.46 0.53 -4.689095725010267 -6.946433654748343 -0.5414247518076845 0.32
car 8 -1 -1 -10 -99999.00 -99999.00 -99999.00 -99999.00 1.55 4.7 2.5 -11.975891549734422 5.988215072250401 -0.46679956884382034 -0.84
car 9 -1 -1 -10 -99999.00 -99999.00 -99999.00 -99999.00 1.73 0.46 0.69 -3.555161037171841 -3.082442922061765 -0.3365644544608975 0.34
car 10 -1 -1 -10 -99999.00 -99999.00 -99999.00 -99999.00 1.18 0.48 0.49 1.0868285597978184 1.333796707227455 -0.10578291637593434 -0.38
car 11 -1 -1 -10 -99999.00 -99999.00 -99999.00 -99999.00 1.58 0.44 0.67 6.841476147663033 -2.9561406956542373 -0.04045130967792604 -0.17
car 14 -1 -1 -10 -99999.00 -99999.00 -99999.00 -99999.00 1.21 0.63 0.4 -4.423735630031652 -8.07551920103369 -0.647960422653017 -2.97
car 16 -1 -1 -10 -99999.00 -99999.00 -99999.00 -99999.00 1.42 0.53 0.36 -5.599729342556103 -1.2395751217819093 -0.4933404580769338 2.43
car 17 -1 -1 -10 -99999.00 -99999.00 -99999.00 -99999.00 1.55 0.45 0.43 -5.8708738187668725 -0.8305200955243258 -0.5168916472994525 2.76
car 18 -1 -1 -10 -99999.00 -99999.00 -99999.00 -99999.00 1.6 0.47 0.94 -1.1188778890115905 5.246128298646653 0.03535737009079108 2.96
car 20 -1 -1 -10 -99999.00 -99999.00 -99999.00 -99999.00 0.6 0.23 0.24 -0.412362856233062 3.1385846094793726 0.10461129928706096 2.69
car 21 -1 -1 -10 -99999.00 -99999.00 -99999.00 -99999.00 1.65 0.28 0.63 -8.070679770012852 -3.138220422764888 -0.695701536613708 -0.18
car 22 -1 -1 -10 -99999.00 -99999.00 -99999.00 -99999.00 1.36 0.66 0.52 0.8634543570329769 2.1930235245018057 -0.07870447447538789 -0.04
car 24 -1 -1 -10 -99999.00 -99999.00 -99999.00 -99999.00 1.52 0.49 0.47 3.248993330360071 5.531380800398784 0.15254107727256233 -0.68
car 25 -1 -1 -10 -99999.00 -99999.00 -99999.00 -99999.00 3.12 8.49 2.69 2.9907044643902663 17.960606942302075 1.2892575657356693 -1.61
