pedestrian 1 -1 -1 -10 -99999.00 -99999.00 -99999.00 -99999.00 1.47 0.55 -0.45 1.063715263341194 2.2637212283208954 -0.11608634279840982 -0.19
pedestrian 3 -1 -1 -10 -99999.00 -99999.00 -99999.00 -99999.00 1.61 0.72 0.67 2.090891076540337 -2.7927223864981476 -0.07263730443844284 -2.25
pedestrian 5 -1 -1 -10 -99999.00 -99999.00 -99999.00 -99999.00 1.58 0.65 0.68 2.2123881111310717 2.6177333451286295 -0.10104939152496069 1.76
pedestrian 6 -1 -1 -10 -99999.00 -99999.00 -99999.00 -99999.00 1.4 0.38 0.55 -6.036234867526623 -2.141070618782467 0.24100877461683562 0.92
pedestrian 7 -1 -1 -10 -99999.00 -99999.00 -99999.00 -99999.00 1.702 1.51 1.7 -4.623695847671643 8.693889939189326 -0.5405686205160617 -0.52
pedestrian 8 -1 -1 -10 -99999.00 -99999.00 -99999.00 -99999.00 1.73 4.59 2.0 -2.344665455738169 9.571878230592464 0.07931607263464821 -1.02
pedestrian 9 -1 -1 -10 -99999.00 -99999.00 -99999.00 -99999.00 1.5 0.6 0.53 -5.799886919339793 -1.4002373707760483 0.3241095931214416 1.06
pedestrian 10 -1 -1 -10 -99999.00 -99999.00 -99999.00 -99999.00 1.53 0.41 0.39 1.0111195235591053 2.9335426138808542 -0.09677314515243701 0.48
pedestrian 11 -1 -1 -10 -99999.00 -99999.00 -99999.00 -99999.00 1.63 0.39 0.65 3.9216204290591934 3.023699922111778 -0.13867945560468992 0.45
pedestrian 12 -1 -1 -10 -99999.00 -99999.00 -99999.00 -99999.00 1.702 1.74 1.86 -3.4232796439199706 -4.561980120711316 -0.0848166125114868 0.48
pedestrian 13 -1 -1 -10 -99999.00 -99999.00 -99999.00 -99999.00 1.49 0.58 0.76 3.159475242069371 -2.598988547028878 -0.008644487457848337 -1.53
