pedestrian 1 -1 -1 -10 -99999.00 -99999.00 -99999.00 -99999.00 1.54 -0.44 0.68 1.814004162563102 1.9763409836615542 -0.05626023909848415 -2.18
pedestrian 3 -1 -1 -10 -99999.00 -99999.00 -99999.00 -99999.00 1.61 0.4 0.7 -0.48112352752232773 -4.721716569852382 -0.1863136743396022 -0.93
pedestrian 4 -1 -1 -10 -99999.00 -99999.00 -99999.00 -99999.00 1.44 0.33 0.65 7.24677245532658 -10.474768433703035 0.03486030720487279 -0.66
pedestrian 6 -1 -1 -10 -99999.00 -99999.00 -99999.00 -99999.00 1.42 0.47 0.46 -7.2601193221487375 -0.775337560017867 0.16498210869086666 0.92
pedestrian 7 -1 -1 -10 -99999.00 -99999.00 -99999.00 -99999.00 1.28 4.2 1.92 -4.0057083172838235 11.146074123342503 -0.2724564438545384 -1.54
pedestrian 8 -1 -1 -10 -99999.00 -99999.00 -99999.00 -99999.00 1.72 2.41 1.6 -1.492439822788139 8.914849305241264 0.09047231728804156 -1.02
pedestrian 9 -1 -1 -10 -99999.00 -99999.00 -99999.00 -99999.00 1.71 0.73 0.51 -6.862276393681207 -0.053945685938168515 0.14018758751864577 1.32
pedestrian 10 -1 -1 -10 -99999.00 -99999.00 -99999.00 -99999.00 1.62 0.53 0.47 2.001395117500704 2.6070003692548545 -0.023804586730147327 0.48
pedestrian 11 -1 -1 -10 -99999.00 -99999.00 -99999.00 -99999.00 1.47 0.42 0.61 5.2460018238334944 1.5883163549526556 -0.0813389262626248 0.23
pedestrian 12 -1 -1 -10 -99999.00 -99999.00 -99999.00 -99999.00 1.702 1.85 0.76 -5.508010202087547 -3.3092483520061653 -0.07210380325591341 -0.16
pedestrian 13 -1 -1 -10 -99999.00 -99999.00 -99999.00 -99999.00 1.702 0.27 0.55 0.7596352419345194 -5.117385725160622 -0.13006782512745907 -2.25
pedestrian 14 -1 -1 -10 -99999.00 -99999.00 -99999.00 -99999.00 1.702 0.46 0.57 8.77098497289203 -2.559406114436317 -0.0951995099154716 3.02
