pedestrian 1 -1 -1 -10 -99999.00 -99999.00 -99999.00 -99999.00 1.52 0.63 -0.43 0.9930759561671135 2.3734762125641873 -0.09700934838836672 -0.13
pedestrian 3 -1 -1 -10 -99999.00 -99999.00 -99999.00 -99999.00 1.53 0.77 0.76 1.722007007575416 -3.254011125044364 -0.037462834231709936 -2.25
pedestrian 5 -1 -1 -10 -99999.00 -99999.00 -99999.00 -99999.00 1.46 0.72 0.63 2.2109396303848006 3.107730359880947 -0.12107006677194067 1.76
pedestrian 6 -1 -1 -10 -99999.00 -99999.00 -99999.00 -99999.00 1.43 0.45 0.51 -6.186194948473308 -2.261593485413685 0.2690482600161352 0.92
pedestrian 7 -1 -1 -10 -99999.00 -99999.00 -99999.00 -99999.00 1.702 0.9 1.54 -4.9352207469147364 8.462809238489315 -0.36463128247898524 -0.52
pedestrian 8 -1 -1 -10 -99999.00 -99999.00 -99999.00 -99999.00 1.72 4.43 1.98 -2.8943706607373425 9.499958798778048 0.07212003731594276 -1.02
pedestrian 9 -1 -1 -10 -99999.00 -99999.00 -99999.00 -99999.00 1.57 0.59 0.53 -6.009797872769282 -1.5709693718750697 0.3613651354077436 1.06
pedestrian 10 -1 -1 -10 -99999.00 -99999.00 -99999.00 -99999.00 1.56 0.51 0.43 1.0404797580991918 3.003646906959356 -0.06638622823553675 0.48
pedestrian 11 -1 -1 -10 -99999.00 -99999.00 -99999.00 -99999.00 1.702 0.47 0.55 3.9713453307966606 3.063874210988851 -0.12802766418630965 0.45
pedestrian 12 -1 -1 -10 -99999.00 -99999.00 -99999.00 -99999.00 1.702 1.78 1.22 -3.784206471175275 -4.363237973689238 -0.0695396899000854 0.48
pedestrian 13 -1 -1 -10 -99999.00 -99999.00 -99999.00 -99999.00 1.5 0.45 0.71 2.8311721752659147 -3.04013778136533 -0.022943066821119955 -1.82
pedestrian 4 -1 -1 -10 -99999.00 -99999.00 -99999.00 -99999.00 1.69 0.57 0.68 8.579031928821054 -7.650108141211667 -0.11771402650430539 -0.66
