pedestrian 1 -1 -1 -10 -99999.00 -99999.00 -99999.00 -99999.00 1.702 0.49 0.48 0.4252835621135297 1.791490074815991 -0.11444301477950726 -1.67
pedestrian 2 -1 -1 -10 -99999.00 -99999.00 -99999.00 -99999.00 1.65 0.5 0.61 2.2287475293132863 3.397798406130011 -0.030829237426217754 -0.92
pedestrian 3 -1 -1 -10 -99999.00 -99999.00 -99999.00 -99999.00 1.41 0.82 0.72 11.936503328861905 0.6317096899300199 0.9463250750757687 -2.1
pedestrian 4 -1 -1 -10 -99999.00 -99999.00 -99999.00 -99999.00 1.77 0.69 0.73 1.8708762372770606 -3.3834867353275935 0.08449625230891798 -1.42
pedestrian 5 -1 -1 -10 -99999.00 -99999.00 -99999.00 -99999.00 1.702 0.21 0.31 -0.19495553974853452 -1.4406893573102628 -0.0025521078149693868 0.18
pedestrian 6 -1 -1 -10 -99999.00 -99999.00 -99999.00 -99999.00 1.71 0.5 0.57 -2.9271569881488997 -0.7102233440070588 -0.04831944079241909 0.92
pedestrian 8 -1 -1 -10 -99999.00 -99999.00 -99999.00 -99999.00 1.9 3.97 2.01 6.075530253051902 8.3112773746301 0.4595656059942858 -1.55
pedestrian 9 -1 -1 -10 -99999.00 -99999.00 -99999.00 -99999.00 1.41 0.63 0.45 -2.109047156122495 0.11263399443281276 -0.11761665081835036 -0.51
pedestrian 10 -1 -1 -10 -99999.00 -99999.00 -99999.00 -99999.00 1.702 0.28 0.48 0.8438750655698763 2.222953528703235 -0.11896420863130833 -0.51
pedestrian 11 -1 -1 -10 -99999.00 -99999.00 -99999.00 -99999.00 1.7 0.67 0.59 1.5311677985831385 2.9453576916933484 -0.09996619711130474 -1.04
