car 1 -1 -1 -10 -99999.00 -99999.00 -99999.00 -99999.00 0.93 0.43 0.59 0.7877199280551089 0.9727517050460833 -0.07969589245871869 0.22
car 6 -1 -1 -10 -99999.00 -99999.00 -99999.00 -99999.00 1.83 0.66 0.48 -1.2763460349604032 -8.674519932746986 -0.26672970478761426 -0.43
car 9 -1 -1 -10 -99999.00 -99999.00 -99999.00 -99999.00 1.69 0.51 0.48 -2.5076747296155397 -3.69877396082361 0.027177880359795827 1.15
car 8 -1 -1 -10 -99999.00 -99999.00 -99999.00 -99999.00 1.43 4.97 1.68 -14.58176956225412 2.279127013722842 0.18914673837549859 -0.84
car 10 -1 -1 -10 -99999.00 -99999.00 -99999.00 -99999.00 1.2 0.46 0.43 0.7757226267120692 1.5827130822031834 -0.0898538025340458 -0.38
car 11 -1 -1 -10 -99999.00 -99999.00 -99999.00 -99999.00 1.26 0.37 0.71 8.548178006580919 -1.6001799063961877 -0.13811964006663624 -0.17
car 16 -1 -1 -10 -99999.00 -99999.00 -99999.00 -99999.00 1.44 0.46 0.52 -8.3230568255642 -4.289086079425153 -0.2089633501611052 -2.28
car 20 -1 -1 -10 -99999.00 -99999.00 -99999.00 -99999.00 1.57 0.37 -0.76 -3.8230882657864154 3.6866780764418223 -0.010043539687107311 2.65
car 21 -1 -1 -10 -99999.00 -99999.00 -99999.00 -99999.00 1.45 0.55 0.66 -5.301676144605235 -5.278538219808968 -0.02939931529379091 -0.18
car 22 -1 -1 -10 -99999.00 -99999.00 -99999.00 -99999.00 1.23 0.34 0.6 3.4231408844080575 2.1119601404355772 -0.015193771926665137 -0.33
car 23 -1 -1 -10 -99999.00 -99999.00 -99999.00 -99999.00 1.47 0.44 0.45 0.9285257750271813 6.543276274926411 -0.09785435654744444 -0.68
car 24 -1 -1 -10 -99999.00 -99999.00 -99999.00 -99999.00 1.51 0.71 0.45 1.3030293732328793 5.694572994440923 -0.21296211746804727 -0.23
car 25 -1 -1 -10 -99999.00 -99999.00 -99999.00 -99999.00 2.88 2.9 2.6 -2.9700904029961412 14.76975215956384 0.6311767922614726 -1.32
