car 1 -1 -1 -10 -99999.00 -99999.00 -99999.00 -99999.00 1.08 0.38 0.59 0.5662305465345538 1.4419808983338958 -0.09259620408716325 -0.02
car 6 -1 -1 -10 -99999.00 -99999.00 -99999.00 -99999.00 1.68 0.6 0.39 1.613659152544308 -9.304428051057975 -0.07888461253932637 0.33
car 8 -1 -1 -10 -99999.00 -99999.00 -99999.00 -99999.00 1.64 5.04 1.99 -17.230783747378627 -0.020144167577993286 -0.05554874962662246 -0.84
car 9 -1 -1 -10 -99999.00 -99999.00 -99999.00 -99999.00 1.65 0.65 0.71 -2.470313569766505 -2.718640305262367 -0.03233817605264234 1.14
car 10 -1 -1 -10 -99999.00 -99999.00 -99999.00 -99999.00 1.38 0.46 0.5 0.4340522720368911 2.0315235191680125 -0.08432565568570995 -0.38
car 20 -1 -1 -10 -99999.00 -99999.00 -99999.00 -99999.00 1.61 0.5 -0.75 -9.701667230946686 4.126150243642891 -0.2770146329364965 2.65
car 21 -1 -1 -10 -99999.00 -99999.00 -99999.00 -99999.00 1.53 0.37 0.65 -2.722113568395088 -5.0995333748558656 -0.025633561798987112 0.99
car 22 -1 -1 -10 -99999.00 -99999.00 -99999.00 -99999.00 1.48 0.73 0.63 6.944581403239648 -0.6457707973090668 -0.12910929912618774 -0.91
car 25 -1 -1 -10 -99999.00 -99999.00 -99999.00 -99999.00 2.82 2.14 2.81 -7.407012927606475 13.614260612550368 0.6731028627411051 -1.32
car 26 -1 -1 -10 -99999.00 -99999.00 -99999.00 -99999.00 1.44 0.53 0.76 -6.53276169729641 7.157232116269829 -0.21552967353158461 -0.1
car 27 -1 -1 -10 -99999.00 -99999.00 -99999.00 -99999.00 1.38 0.81 0.67 -6.709516588312406 6.306608977505967 -0.2378452353985636 -0.1
car 28 -1 -1 -10 -99999.00 -99999.00 -99999.00 -99999.00 1.35 3.82 1.89 15.393684703092905 -2.9962951995901195 -0.13851475977922859 -2.71
