pedestrian 1 -1 -1 -10 -99999.00 -99999.00 -99999.00 -99999.00 1.702 0.56 0.57 0.42592054367759896 1.571491415131277 -0.10443381943639991 -1.67
pedestrian 2 -1 -1 -10 -99999.00 -99999.00 -99999.00 -99999.00 1.72 0.77 0.52 2.4080677518946874 3.1384283073937254 0.09152847444715138 -0.92
pedestrian 3 -1 -1 -10 -99999.00 -99999.00 -99999.00 -99999.00 1.71 0.76 0.43 11.034910392707184 0.3585697485887152 1.1345397129761587 2.61
pedestrian 4 -1 -1 -10 -99999.00 -99999.00 -99999.00 -99999.00 1.57 0.6 0.65 2.141994466166083 -4.122539751112248 0.19805480911414824 -1.42
pedestrian 5 -1 -1 -10 -99999.00 -99999.00 -99999.00 -99999.00 1.702 0.15 0.34 -0.13503085265056292 -1.4204800400721935 -0.001767650689772573 1.75
pedestrian 6 -1 -1 -10 -99999.00 -99999.00 -99999.00 -99999.00 1.72 0.55 0.53 -3.406589357487843 -0.7118988566863662 -0.0945989814914028 0.92
pedestrian 8 -1 -1 -10 -99999.00 -99999.00 -99999.00 -99999.00 1.73 4.89 1.95 5.572862316534044 8.749529368291915 0.5429930334286874 -1.55
pedestrian 9 -1 -1 -10 -99999.00 -99999.00 -99999.00 -99999.00 1.61 0.45 0.6 -2.5791349228824676 0.1109933882676576 -0.11376957998038326 -0.51
pedestrian 10 -1 -1 -10 -99999.00 -99999.00 -99999.00 -99999.00 1.702 0.29 0.3 0.794342117728126 2.052780031830649 -0.1096117736402187 -0.51
pedestrian 11 -1 -1 -10 -99999.00 -99999.00 -99999.00 -99999.00 1.63 0.72 0.62 1.821525094743159 2.6863715646127377 -0.05616178470310079 0.53
