cyclist 1 -1 -1 -10 -99999.00 -99999.00 -99999.00 -99999.00 1.53 -0.71 0.58 1.785708531946308 1.8262371779704292 -0.1466383603726004 2.54
cyclist 3 -1 -1 -10 -99999.00 -99999.00 -99999.00 -99999.00 1.55 0.58 0.87 -2.744562967194043 -7.449623777394131 0.024076843460930447 -2.25
cyclist 5 -1 -1 -10 -99999.00 -99999.00 -99999.00 -99999.00 1.36 0.61 0.67 2.575199090858809 5.419007827594076 -0.2963170715873503 1.36
cyclist 6 -1 -1 -10 -99999.00 -99999.00 -99999.00 -99999.00 1.47 0.49 0.34 -7.881240460949023 -0.6275026777466373 0.20685547157574086 -0.65
cyclist 7 -1 -1 -10 -99999.00 -99999.00 -99999.00 -99999.00 1.1 3.87 1.77 -5.526450234764338 10.980769307966117 -0.1823546212810229 -1.54
cyclist 8 -1 -1 -10 -99999.00 -99999.00 -99999.00 -99999.00 1.42 3.25 2.38 -2.8815617053698186 9.369994497296688 -0.10772770663113827 -1.02
cyclist 9 -1 -1 -10 -99999.00 -99999.00 -99999.00 -99999.00 1.64 0.7 0.39 -6.5020302006208475 -0.1326885640413112 0.14490346851288782 -1.54
cyclist 10 -1 -1 -10 -99999.00 -99999.00 -99999.00 -99999.00 1.57 0.39 0.54 2.1037245700644225 2.387350774711663 -0.142475302389156 -1.09
cyclist 11 -1 -1 -10 -99999.00 -99999.00 -99999.00 -99999.00 1.5 0.51 0.62 5.549019619253914 0.6793690944086334 -0.0673713492334418 0.23
cyclist 12 -1 -1 -10 -99999.00 -99999.00 -99999.00 -99999.00 1.19 1.85 0.66 -7.149753341012135 -3.334972898480288 0.05641745375141366 -0.16
cyclist 13 -1 -1 -10 -99999.00 -99999.00 -99999.00 -99999.00 1.52 0.3 0.69 -1.9245509705511354 -7.546760833999426 0.05481310211048122 -1.92
cyclist 14 -1 -1 -10 -99999.00 -99999.00 -99999.00 -99999.00 1.48 0.64 0.52 5.015867526466314 -3.572524871415349 -0.22436354440826994 3.02
cyclist 15 -1 -1 -10 -99999.00 -99999.00 -99999.00 -99999.00 1.72 1.61 0.8 -4.358238763370257 -0.8552141226029194 0.0629578109325248 2.05
