pedestrian 1 -1 -1 -10 -99999.00 -99999.00 -99999.00 -99999.00 1.702 0.52 0.57 0.6967421700369377 1.2924355968692063 -0.09088771334761103 0.22
pedestrian 8 -1 -1 -10 -99999.00 -99999.00 -99999.00 -99999.00 1.51 5.03 1.99 -16.224759655307874 0.08338078111716173 0.22764396068012818 -0.84
pedestrian 9 -1 -1 -10 -99999.00 -99999.00 -99999.00 -99999.00 1.69 0.46 0.68 -2.229375792738563 -3.217799502751608 0.030821013007462705 1.14
pedestrian 10 -1 -1 -10 -99999.00 -99999.00 -99999.00 -99999.00 1.702 0.53 0.59 0.5348982474253426 1.861873620007711 -0.10300722314808322 -0.38
pedestrian 11 -1 -1 -10 -99999.00 -99999.00 -99999.00 -99999.00 1.702 0.35 0.64 9.444238594882789 -0.4170455090862937 -0.1463912780096333 -0.17
pedestrian 20 -1 -1 -10 -99999.00 -99999.00 -99999.00 -99999.00 1.702 0.58 -0.72 -7.5804569120649 3.693553105273737 -0.23924561197691832 2.65
pedestrian 22 -1 -1 -10 -99999.00 -99999.00 -99999.00 -99999.00 1.702 0.65 0.71 5.700166512909268 0.9098912908822088 -0.21540557997530585 -0.33
pedestrian 23 -1 -1 -10 -99999.00 -99999.00 -99999.00 -99999.00 1.56 0.38 0.47 0.8139293966212526 5.072866352499633 -0.11935621891143089 -0.23
pedestrian 25 -1 -1 -10 -99999.00 -99999.00 -99999.00 -99999.00 2.97 2.25 2.82 -6.366549844107645 13.757890037094288 0.6067164162230925 -1.32
pedestrian 26 -1 -1 -10 -99999.00 -99999.00 -99999.00 -99999.00 1.58 0.77 0.73 -7.143429945995101 7.475100869357035 -0.2535263292009825 -0.1
pedestrian 27 -1 -1 -10 -99999.00 -99999.00 -99999.00 -99999.00 1.46 0.95 0.54 -7.120473730879024 6.515176531033861 -0.22322324549056768 -0.1
