pedestrian 1 -1 -1 -10 -99999.00 -99999.00 -99999.00 -99999.00 1.48 0.42 -0.55 1.7440716749688006 1.9960965162156443 -0.06717656230628374 -0.13
pedestrian 3 -1 -1 -10 -99999.00 -99999.00 -99999.00 -99999.00 1.6 0.61 0.68 1.2378460189149918 -4.615713258652419 -0.12380770313908852 -2.25
pedestrian 4 -1 -1 -10 -99999.00 -99999.00 -99999.00 -99999.00 1.38 0.35 0.58 7.184884421798277 -10.0449804924951 0.06405271886000856 -0.66
pedestrian 6 -1 -1 -10 -99999.00 -99999.00 -99999.00 -99999.00 1.51 0.46 0.49 -6.991374532866316 -0.8343947185952242 0.27850959546968895 0.92
pedestrian 8 -1 -1 -10 -99999.00 -99999.00 -99999.00 -99999.00 1.65 3.08 1.32 -1.6530446548267659 9.204289034235588 0.058367314476374846 -1.02
pedestrian 9 -1 -1 -10 -99999.00 -99999.00 -99999.00 -99999.00 1.71 0.69 0.42 -6.711766605463748 -0.2034211743745535 0.14215786857469898 1.32
pedestrian 10 -1 -1 -10 -99999.00 -99999.00 -99999.00 -99999.00 1.62 0.47 0.44 1.8810919974976166 2.696580942774229 -0.02537944083853071 0.48
pedestrian 11 -1 -1 -10 -99999.00 -99999.00 -99999.00 -99999.00 1.43 0.43 0.73 5.065241745739246 1.8476864536889408 -0.09370606210285318 -1.34
pedestrian 12 -1 -1 -10 -99999.00 -99999.00 -99999.00 -99999.00 1.702 1.83 1.07 -5.117391572301934 -3.6078851702515653 -0.03698775489233242 -0.16
pedestrian 14 -1 -1 -10 -99999.00 -99999.00 -99999.00 -99999.00 1.48 0.49 0.5 9.60116191330873 -2.366510031306701 -0.1543378960417697 3.02
