pedestrian 1 -1 -1 -10 -99999.00 -99999.00 -99999.00 -99999.00 1.45 0.69 0.51 0.7441547520447214 2.1826047072554013 -0.13027047584094106 -0.1
pedestrian 2 -1 -1 -10 -99999.00 -99999.00 -99999.00 -99999.00 1.46 0.42 0.57 3.2672297991357415 3.9214255155838944 -0.047237330227346205 -0.21
pedestrian 3 -1 -1 -10 -99999.00 -99999.00 -99999.00 -99999.00 1.67 0.55 0.98 4.25332730464077 -0.6751605277691745 -0.04432946356238214 -2.25
pedestrian 4 -1 -1 -10 -99999.00 -99999.00 -99999.00 -99999.00 1.73 0.87 0.6 7.132575897635226 -6.405142294677351 0.03336539237607322 -0.24
pedestrian 5 -1 -1 -10 -99999.00 -99999.00 -99999.00 -99999.00 1.45 0.58 0.57 2.187696199649685 1.0976378859463316 -0.10137262635244731 -1.39
pedestrian 6 -1 -1 -10 -99999.00 -99999.00 -99999.00 -99999.00 1.41 0.57 0.45 -5.077439935895991 -2.1177197152706966 0.333566942190497 0.92
pedestrian 7 -1 -1 -10 -99999.00 -99999.00 -99999.00 -99999.00 1.702 1.38 1.56 -3.3340323937983225 8.648393184132074 -0.4936834307137632 -0.52
pedestrian 9 -1 -1 -10 -99999.00 -99999.00 -99999.00 -99999.00 1.68 0.41 0.62 -5.069412856170666 -1.3276896217068896 0.27366688163421543 -0.51
pedestrian 11 -1 -1 -10 -99999.00 -99999.00 -99999.00 -99999.00 1.49 0.58 0.43 3.14096774931391 3.1909761783097284 -0.13889790217908993 -1.04
pedestrian 12 -1 -1 -10 -99999.00 -99999.00 -99999.00 -99999.00 1.702 1.49 1.89 -2.2538320667249 -4.6178956930149715 -0.019503421144560953 0.18
pedestrian 13 -1 -1 -10 -99999.00 -99999.00 -99999.00 -99999.00 1.74 0.53 0.59 5.012699138404048 -0.36250952131968944 -0.07439216891505013 -1.53
