pedestrian 1 -1 -1 -10 -99999.00 -99999.00 -99999.00 -99999.00 1.54 0.83 -0.52 1.0237800228195046 2.283581480417442 -0.12660998053145797 -0.1
pedestrian 3 -1 -1 -10 -99999.00 -99999.00 -99999.00 -99999.00 1.81 0.72 0.72 2.618530059823223 -2.2408756920362944 -0.035727561392364944 -2.25
pedestrian 5 -1 -1 -10 -99999.00 -99999.00 -99999.00 -99999.00 1.46 0.61 0.64 2.2541034623261678 2.2378752862752784 -0.13050587805736275 1.68
pedestrian 6 -1 -1 -10 -99999.00 -99999.00 -99999.00 -99999.00 1.61 0.47 0.51 -5.867733944623754 -2.090477512658989 0.3432231405037293 0.92
pedestrian 7 -1 -1 -10 -99999.00 -99999.00 -99999.00 -99999.00 1.702 1.46 1.53 -4.283796854562624 8.715076638823657 -0.5361190989598512 -0.52
pedestrian 8 -1 -1 -10 -99999.00 -99999.00 -99999.00 -99999.00 1.71 4.73 1.56 -2.304773836878899 9.602017673878807 0.07983828253119099 -1.02
pedestrian 9 -1 -1 -10 -99999.00 -99999.00 -99999.00 -99999.00 1.47 0.63 0.5 -5.590124329112058 -1.2995049432130725 0.3168546790474312 1.06
pedestrian 10 -1 -1 -10 -99999.00 -99999.00 -99999.00 -99999.00 1.58 0.78 0.38 1.0415443620224842 2.923647394346733 -0.12637743259275272 0.42
pedestrian 12 -1 -1 -10 -99999.00 -99999.00 -99999.00 -99999.00 1.702 1.82 1.67 -3.153923996521401 -4.571037583905783 -0.03128626994787019 0.3
pedestrian 13 -1 -1 -10 -99999.00 -99999.00 -99999.00 -99999.00 1.57 0.71 0.66 3.657745272673379 -2.0772463893392152 -0.012122632253023008 -1.53
