cyclist 1 -1 -1 -10 -99999.00 -99999.00 -99999.00 -99999.00 1.54 -0.58 0.58 1.885123431897617 1.9165856948011524 -0.12533523444799285 2.54
cyclist 3 -1 -1 -10 -99999.00 -99999.00 -99999.00 -99999.00 1.58 0.73 0.85 -0.9211268967902195 -5.273249105686865 -0.042060781998104445 -2.25
cyclist 6 -1 -1 -10 -99999.00 -99999.00 -99999.00 -99999.00 1.39 0.55 0.49 -7.423839533676567 -0.7558961860911471 0.44286288405527474 0.92
cyclist 7 -1 -1 -10 -99999.00 -99999.00 -99999.00 -99999.00 1.41 4.31 2.1 -4.3583028370506955 11.184852151653486 -0.08705587980285637 -1.54
cyclist 8 -1 -1 -10 -99999.00 -99999.00 -99999.00 -99999.00 1.8 2.68 1.62 -1.7822997514785963 8.993836528943472 0.056675272574332726 -1.02
cyclist 9 -1 -1 -10 -99999.00 -99999.00 -99999.00 -99999.00 1.48 0.72 0.47 -6.784037722046395 0.036333017864250514 0.25122121260841296 1.32
cyclist 10 -1 -1 -10 -99999.00 -99999.00 -99999.00 -99999.00 1.54 0.37 0.71 2.1524634240330998 2.59752402789056 -0.1018338486501575 -1.09
cyclist 11 -1 -1 -10 -99999.00 -99999.00 -99999.00 -99999.00 1.47 0.53 0.59 5.479349078413322 1.4491200577060663 -0.2983030929190023 0.23
cyclist 12 -1 -1 -10 -99999.00 -99999.00 -99999.00 -99999.00 1.22 1.81 0.66 -5.820433874806137 -3.3203303930214627 0.11382262598953584 -0.16
cyclist 14 -1 -1 -10 -99999.00 -99999.00 -99999.00 -99999.00 1.34 0.44 0.55 7.975395356136709 -2.792197234329788 -0.3756374820409722 3.02
cyclist 15 -1 -1 -10 -99999.00 -99999.00 -99999.00 -99999.00 1.63 1.81 0.66 -2.3796666180613344 -5.808342227811721 -0.021150685655603376 2.05
