car 1 -1 -1 -10 -99999.00 -99999.00 -99999.00 -99999.00 1.16 0.49 0.52 0.4452729777213556 1.6815605580019386 -0.08417876860210242 -0.04
car 6 -1 -1 -10 -99999.00 -99999.00 -99999.00 -99999.00 1.73 0.51 0.35 2.6145620922687214 -9.810934292548225 -0.005776934540031136 0.33
car 8 -1 -1 -10 -99999.00 -99999.00 -99999.00 -99999.00 1.42 5.05 1.99 -18.563209812998124 -0.04478661211339666 0.12702597366517013 -0.84
car 9 -1 -1 -10 -99999.00 -99999.00 -99999.00 -99999.00 1.61 0.48 0.75 -2.8136679807460903 -1.5998339501668177 -0.07683635869726174 0.03
car 10 -1 -1 -10 -99999.00 -99999.00 -99999.00 -99999.00 1.31 0.3 0.42 0.3147701652631336 2.241103361606322 -0.19589656877307082 -0.23
car 11 -1 -1 -10 -99999.00 -99999.00 -99999.00 -99999.00 1.52 0.5 0.57 10.35391076475331 -0.34386944276239473 -0.13448301699391027 -0.42
car 21 -1 -1 -10 -99999.00 -99999.00 -99999.00 -99999.00 1.78 0.76 0.78 -2.083053541805234 -4.507302952432027 -0.10727551896964692 0.99
car 22 -1 -1 -10 -99999.00 -99999.00 -99999.00 -99999.00 1.5 0.36 0.68 8.651074633661455 -2.019828282470937 -0.24678207420684364 -0.31
car 25 -1 -1 -10 -99999.00 -99999.00 -99999.00 -99999.00 2.93 4.76 3.16 -9.171903746288567 14.868109389708389 0.7000034603364341 -1.35
car 26 -1 -1 -10 -99999.00 -99999.00 -99999.00 -99999.00 1.65 0.44 0.54 -6.083134683071275 6.72880552911383 -0.06963173832737014 -0.1
car 27 -1 -1 -10 -99999.00 -99999.00 -99999.00 -99999.00 1.56 0.62 0.81 -6.100567423315575 6.068739737031383 -0.08986165899324942 -0.34
car 28 -1 -1 -10 -99999.00 -99999.00 -99999.00 -99999.00 1.39 3.6 1.76 11.109706619088916 -4.3612618694994465 -0.2646011024582057 -2.71
