pedestrian 1 -1 -1 -10 -99999.00 -99999.00 -99999.00 -99999.00 1.702 0.34 0.61 0.7773805286000991 1.0327164329913987 -0.06983038581414747 0.36
pedestrian 9 -1 -1 -10 -99999.00 -99999.00 -99999.00 -99999.00 1.74 0.34 0.46 -2.507090025915769 -3.528774996521786 -0.06282217662846679 0.04
pedestrian 8 -1 -1 -10 -99999.00 -99999.00 -99999.00 -99999.00 1.51 5.09 2.33 -15.548068082692593 1.015748758201259 0.23650233861092698 -0.6
pedestrian 10 -1 -1 -10 -99999.00 -99999.00 -99999.00 -99999.00 1.702 0.61 0.51 0.694935904947153 1.7724326725449455 -0.08091050185521774 0.29
pedestrian 11 -1 -1 -10 -99999.00 -99999.00 -99999.00 -99999.00 1.53 0.56 0.61 8.93751404800497 -0.9688223905198424 -0.2530332336693907 -0.02
pedestrian 16 -1 -1 -10 -99999.00 -99999.00 -99999.00 -99999.00 1.34 0.31 0.62 -9.470525641147017 -5.663091982043833 -0.043969117431621116 -2.28
pedestrian 20 -1 -1 -10 -99999.00 -99999.00 -99999.00 -99999.00 1.702 0.46 -0.69 -5.412357687903553 3.7011278188447725 -0.08085250005194143 2.65
pedestrian 21 -1 -1 -10 -99999.00 -99999.00 -99999.00 -99999.00 1.6 0.45 0.54 -4.362565276945494 -5.495255667163372 0.10290460095800312 0.24
pedestrian 22 -1 -1 -10 -99999.00 -99999.00 -99999.00 -99999.00 1.59 0.64 0.7 4.405668781655625 1.6653837203764907 -0.08233863157715024 -0.46
pedestrian 23 -1 -1 -10 -99999.00 -99999.00 -99999.00 -99999.00 1.702 0.36 0.32 0.6697101681496747 6.172370959725071 -0.09124158163655392 -0.65
pedestrian 24 -1 -1 -10 -99999.00 -99999.00 -99999.00 -99999.00 1.65 0.56 0.68 1.0924115692551544 5.463841358882434 -0.1057098307786464 -0.5
pedestrian 25 -1 -1 -10 -99999.00 -99999.00 -99999.00 -99999.00 2.87 2.52 2.79 -4.568372921638939 14.314169858853477 0.610254127988282 -1.32
pedestrian 26 -1 -1 -10 -99999.00 -99999.00 -99999.00 -99999.00 1.61 0.49 0.76 -7.627844863010752 8.563418716024719 -0.2098633838429889 -0.13
pedestrian 27 -1 -1 -10 -99999.00 -99999.00 -99999.00 -99999.00 1.21 0.6 0.89 -7.4057011255854555 7.494193178142233 -0.08694508145222009 -0.13
