pedestrian 1 -1 -1 -10 -99999.00 -99999.00 -99999.00 -99999.00 1.702 0.59 0.29 0.98883592423949 0.5734522722660119 -0.05706142625610647 -1.35
pedestrian 8 -1 -1 -10 -99999.00 -99999.00 -99999.00 -99999.00 1.82 4.03 3.8 -8.219973495957328 9.50138841140221 0.46244348998642004 -0.84
pedestrian 9 -1 -1 -10 -99999.00 -99999.00 -99999.00 -99999.00 1.58 0.42 0.66 -4.473410941526425 -1.635628248745823 -0.09856358423038364 0.34
pedestrian 11 -1 -1 -10 -99999.00 -99999.00 -99999.00 -99999.00 1.702 0.62 0.57 5.5083880483933365 -3.930812258978694 -0.31792466557388666 -0.17
pedestrian 6 -1 -1 -10 -99999.00 -99999.00 -99999.00 -99999.00 1.55 0.31 0.63 -7.021954371883581 -4.0345497556709145 -0.3519446948042093 0.32
pedestrian 14 -1 -1 -10 -99999.00 -99999.00 -99999.00 -99999.00 1.702 0.41 0.59 -5.33084332291936 -6.768668768275685 -0.45981797687281023 -2.97
pedestrian 16 -1 -1 -10 -99999.00 -99999.00 -99999.00 -99999.00 1.53 0.48 0.56 -3.6702041524113063 0.5171860803647579 -0.148054172179442 2.43
pedestrian 17 -1 -1 -10 -99999.00 -99999.00 -99999.00 -99999.00 1.48 0.61 0.46 -3.9031499080798318 1.0663798797510413 -0.07109674478170087 2.76
pedestrian 18 -1 -1 -10 -99999.00 -99999.00 -99999.00 -99999.00 1.67 0.7 0.56 2.2479166966316613 3.4478679145412046 0.019425984708218273 1.61
pedestrian 20 -1 -1 -10 -99999.00 -99999.00 -99999.00 -99999.00 1.49 0.58 0.6 1.8443330395628508 2.106444911199524 -0.11586835313616287 2.46
pedestrian 21 -1 -1 -10 -99999.00 -99999.00 -99999.00 -99999.00 1.42 0.4 0.62 -9.343348935895007 0.4973940868404393 0.057704284813253064 -0.18
pedestrian 22 -1 -1 -10 -99999.00 -99999.00 -99999.00 -99999.00 1.5 0.69 0.52 0.9832600785980445 2.133442768212165 -0.04713356127624347 -0.04
