motocycle 1 -1 -1 -10 -99999.00 -99999.00 -99999.00 -99999.00 1.48 0.64 0.47 0.7542672631119308 2.1126400402335075 -0.12013723902187907 -0.1
motocycle 2 -1 -1 -10 -99999.00 -99999.00 -99999.00 -99999.00 1.58 0.43 0.55 2.9588464337982283 3.840343901032552 -0.15128285759328758 -0.21
motocycle 3 -1 -1 -10 -99999.00 -99999.00 -99999.00 -99999.00 1.63 0.75 0.7 5.153428107418346 -0.012022962441331487 -0.22256277776100133 -0.68
motocycle 4 -1 -1 -10 -99999.00 -99999.00 -99999.00 -99999.00 1.44 0.41 0.58 6.772626492915289 -5.8864020972047815 -0.11135859861326437 -0.24
motocycle 5 -1 -1 -10 -99999.00 -99999.00 -99999.00 -99999.00 1.29 0.6 0.46 2.079695794563483 0.5272573869257164 -0.10278642910047836 1.75
motocycle 6 -1 -1 -10 -99999.00 -99999.00 -99999.00 -99999.00 1.49 0.41 0.57 -4.618005731272122 -2.1161140156196936 0.37958469257297967 0.92
motocycle 7 -1 -1 -10 -99999.00 -99999.00 -99999.00 -99999.00 0.77 1.4 1.49 -2.8344622146813423 8.760137839682042 -0.4871436988349224 -0.52
motocycle 9 -1 -1 -10 -99999.00 -99999.00 -99999.00 -99999.00 1.58 0.41 0.67 -4.669414658345541 -1.336293300217378 0.278903144876388 -0.51
motocycle 11 -1 -1 -10 -99999.00 -99999.00 -99999.00 -99999.00 1.52 0.64 0.36 2.881550095364417 3.180068669865192 -0.18229729248440985 -1.04
motocycle 12 -1 -1 -10 -99999.00 -99999.00 -99999.00 -99999.00 1.29 1.22 1.89 -1.814945765055338 -4.496360537473338 0.03624619925132418 0.18
