pedestrian 1 -1 -1 -10 -99999.00 -99999.00 -99999.00 -99999.00 1.52 0.59 0.52 0.7636904218454029 2.2026743984368613 -0.10001216952152597 -0.1
pedestrian 2 -1 -1 -10 -99999.00 -99999.00 -99999.00 -99999.00 1.48 0.58 0.54 3.2871319714187295 3.9114953895356206 -0.03697593972295211 -1.78
pedestrian 3 -1 -1 -10 -99999.00 -99999.00 -99999.00 -99999.00 1.62 0.82 0.59 4.024526412081917 -0.9759615498920131 -0.057325488113291696 -2.25
pedestrian 4 -1 -1 -10 -99999.00 -99999.00 -99999.00 -99999.00 1.49 0.47 0.63 7.234887913921359 -6.54479237660792 -0.10530726513164007 -0.24
pedestrian 5 -1 -1 -10 -99999.00 -99999.00 -99999.00 -99999.00 1.45 0.72 0.57 2.177688430121812 1.2876018218871597 -0.15150791922030624 -1.39
pedestrian 6 -1 -1 -10 -99999.00 -99999.00 -99999.00 -99999.00 1.44 0.44 0.55 -5.227408704013011 -2.048243739446934 0.3116020298801881 0.92
pedestrian 7 -1 -1 -10 -99999.00 -99999.00 -99999.00 -99999.00 1.702 1.29 1.53 -3.4344246233796296 8.688043875296863 -0.4749959233934002 -0.52
pedestrian 8 -1 -1 -10 -99999.00 -99999.00 -99999.00 -99999.00 1.88 4.46 1.28 -1.6938960741330797 9.67414654477814 -0.0021726006822612577 -1.02
pedestrian 9 -1 -1 -10 -99999.00 -99999.00 -99999.00 -99999.00 1.56 0.46 0.65 -5.1588548281808135 -1.2980039631045264 0.22249173809480147 -0.51
pedestrian 11 -1 -1 -10 -99999.00 -99999.00 -99999.00 -99999.00 1.51 0.56 0.42 3.180763375741093 3.2111156825194933 -0.12837609209465403 -1.04
pedestrian 12 -1 -1 -10 -99999.00 -99999.00 -99999.00 -99999.00 1.702 1.52 1.87 -2.4028671268743405 -4.628419229803834 -0.0914603945363457 0.18
pedestrian 13 -1 -1 -10 -99999.00 -99999.00 -99999.00 -99999.00 1.6 0.65 0.53 4.743701213412079 -0.6434502913459812 -0.07791354464752767 -1.53
