pedestrian 1 -1 -1 -10 -99999.00 -99999.00 -99999.00 -99999.00 1.702 0.36 0.65 0.7474007487735281 1.1026112869849871 -0.09022455622545048 0.28
pedestrian 8 -1 -1 -10 -99999.00 -99999.00 -99999.00 -99999.00 1.51 5.09 2.08 -15.786894242993817 0.6849130123345344 0.23337593291396616 -0.67
pedestrian 10 -1 -1 -10 -99999.00 -99999.00 -99999.00 -99999.00 1.702 0.53 0.4 0.6550442860878828 1.7422932292586029 -0.08143271175176052 0.12
pedestrian 11 -1 -1 -10 -99999.00 -99999.00 -99999.00 -99999.00 1.53 0.37 0.6 9.117113591680754 -0.8581947434227453 -0.2506821468545655 -0.04
pedestrian 20 -1 -1 -10 -99999.00 -99999.00 -99999.00 -99999.00 1.702 0.35 -0.75 -5.882506543571986 3.6794873345264616 -0.06700537211392812 2.65
pedestrian 22 -1 -1 -10 -99999.00 -99999.00 -99999.00 -99999.00 1.702 0.41 0.57 4.716181354839724 1.586466309702587 -0.09827551292564077 -0.33
pedestrian 23 -1 -1 -10 -99999.00 -99999.00 -99999.00 -99999.00 1.702 0.27 0.42 0.6299581633849104 6.102231760132416 -0.09176196388448446 -0.68
pedestrian 24 -1 -1 -10 -99999.00 -99999.00 -99999.00 -99999.00 1.65 0.8 0.51 0.9427394656047312 5.37331830948095 -0.1076691459430262 -0.23
pedestrian 25 -1 -1 -10 -99999.00 -99999.00 -99999.00 -99999.00 2.91 2.47 2.74 -4.947962830604261 14.242843837779647 0.5952841670840948 -1.32
pedestrian 26 -1 -1 -10 -99999.00 -99999.00 -99999.00 -99999.00 1.59 0.33 0.75 -7.416686131837958 8.264153580524578 -0.21710002143087698 -0.1
pedestrian 27 -1 -1 -10 -99999.00 -99999.00 -99999.00 -99999.00 1.21 0.52 0.48 -7.314417953993439 7.124509590936221 -0.08575011927830255 -0.1
