pedestrian 1 -1 -1 -10 -99999.00 -99999.00 -99999.00 -99999.00 1.43 -0.47 0.51 1.6859445038533647 1.3858907934594786 -0.04793577506297 2.54
pedestrian 3 -1 -1 -10 -99999.00 -99999.00 -99999.00 -99999.00 1.62 -0.53 0.65 -5.874222674593281 -10.640565049189705 0.06311420804087019 0.57
pedestrian 5 -1 -1 -10 -99999.00 -99999.00 -99999.00 -99999.00 1.5 0.43 0.69 1.2847494376370718 8.104523405382045 -0.22320227173092483 1.36
pedestrian 8 -1 -1 -10 -99999.00 -99999.00 -99999.00 -99999.00 1.69 4.55 3.27 -4.875174922393175 10.113043531723735 -0.04381782205280417 -1.02
pedestrian 9 -1 -1 -10 -99999.00 -99999.00 -99999.00 -99999.00 1.66 0.52 0.66 -5.617512282303824 -0.8096126480032118 -0.013532123222242438 0.34
pedestrian 10 -1 -1 -10 -99999.00 -99999.00 -99999.00 -99999.00 1.55 0.43 0.32 1.914989783014516 1.916690414343609 -0.11494340569750135 -1.09
pedestrian 11 -1 -1 -10 -99999.00 -99999.00 -99999.00 -99999.00 1.46 0.47 0.45 6.154025695505827 -0.16853133625135422 -0.21946509461724364 -0.19
pedestrian 12 -1 -1 -10 -99999.00 -99999.00 -99999.00 -99999.00 1.702 1.73 0.62 -9.168293921201188 -3.332024075262462 -0.07001525788473874 -0.16
pedestrian 13 -1 -1 -10 -99999.00 -99999.00 -99999.00 -99999.00 1.44 0.29 0.67 -5.071416374964591 -10.637772528057527 -0.1463953313653723 -1.92
pedestrian 15 -1 -1 -10 -99999.00 -99999.00 -99999.00 -99999.00 1.61 0.91 0.61 -8.519158510162507 6.320290776597567 -0.28153645941768823 2.05
pedestrian 16 -1 -1 -10 -99999.00 -99999.00 -99999.00 -99999.00 1.43 0.49 0.45 2.6905560281263474 0.2293885119916657 -0.08478897380686676 2.46
pedestrian 17 -1 -1 -10 -99999.00 -99999.00 -99999.00 -99999.00 1.51 0.55 0.61 2.7584117405806445 0.7296298114196266 -0.053898123479546034 2.37
pedestrian 18 -1 -1 -10 -99999.00 -99999.00 -99999.00 -99999.00 1.79 0.48 0.44 6.457732750354614 -1.6874748804666284 -0.09547906991358332 -0.74
pedestrian 20 -1 -1 -10 -99999.00 -99999.00 -99999.00 -99999.00 1.702 0.34 0.61 5.95485545463191 -0.889225080048008 -0.09206123752261235 -0.19
