pedestrian 1 -1 -1 -10 -99999.00 -99999.00 -99999.00 -99999.00 1.52 0.61 0.43 0.8940624622217374 2.243127939427152 -0.13830893321584212 -0.1
pedestrian 2 -1 -1 -10 -99999.00 -99999.00 -99999.00 -99999.00 1.702 0.49 0.41 3.578597555101375 3.8225082267568347 -0.12316815740597106 -1.78
pedestrian 3 -1 -1 -10 -99999.00 -99999.00 -99999.00 -99999.00 1.71 0.88 0.62 3.515655190111473 -1.4377389796363609 -0.023983550122065652 -2.25
pedestrian 4 -1 -1 -10 -99999.00 -99999.00 -99999.00 -99999.00 1.48 0.49 0.57 7.426092102041498 -6.894127020519253 -0.10280426519952375 -0.24
pedestrian 5 -1 -1 -10 -99999.00 -99999.00 -99999.00 -99999.00 1.51 0.64 0.68 2.175663994783019 1.7175992021800093 -0.11153099333992748 1.75
pedestrian 6 -1 -1 -10 -99999.00 -99999.00 -99999.00 -99999.00 1.49 0.43 0.55 -5.517879490819616 -2.0192562111276158 0.3378021293816849 0.92
pedestrian 7 -1 -1 -10 -99999.00 -99999.00 -99999.00 -99999.00 1.702 1.46 1.54 -3.7941385144783424 8.726786997093694 -0.5097074065662502 -0.52
pedestrian 8 -1 -1 -10 -99999.00 -99999.00 -99999.00 -99999.00 1.73 4.66 1.31 -1.9547797689802546 9.633239219103869 0.07441909905775884 -1.02
pedestrian 9 -1 -1 -10 -99999.00 -99999.00 -99999.00 -99999.00 1.56 0.53 0.48 -5.2991561128989755 -1.2084932026134563 0.22065509366991712 1.06
pedestrian 11 -1 -1 -10 -99999.00 -99999.00 -99999.00 -99999.00 1.56 0.53 0.35 3.3702049204338653 3.2917784189010084 -0.10589445283363907 -1.04
pedestrian 12 -1 -1 -10 -99999.00 -99999.00 -99999.00 -99999.00 1.702 1.43 1.82 -2.7239285516236653 -4.579536542873815 -0.02565732123094614 0.18
pedestrian 13 -1 -1 -10 -99999.00 -99999.00 -99999.00 -99999.00 1.52 0.59 0.5 4.335632345167667 -1.2248779248677413 -0.07325460195518024 -1.53
pedestrian 10 -1 -1 -10 -99999.00 -99999.00 -99999.00 -99999.00 1.47 0.38 0.58 0.8209885955641391 2.862879816575916 -0.06925952494690467 0.42
