pedestrian 1 -1 -1 -10 -99999.00 -99999.00 -99999.00 -99999.00 1.702 0.3 0.68 1.0289980531489797 0.5635919592460431 -0.06653653198669152 0.22
pedestrian 8 -1 -1 -10 -99999.00 -99999.00 -99999.00 -99999.00 1.7 4.09 3.98 -7.666587056061576 9.883340861104697 0.869721987216234 -0.84
pedestrian 9 -1 -1 -10 -99999.00 -99999.00 -99999.00 -99999.00 1.66 0.51 0.67 -4.625604909922116 -1.4161531867733923 0.009453512361632542 0.34
pedestrian 11 -1 -1 -10 -99999.00 -99999.00 -99999.00 -99999.00 1.58 0.55 0.39 5.303328994432493 -3.9915449302353583 -0.6806398803508711 -0.17
pedestrian 6 -1 -1 -10 -99999.00 -99999.00 -99999.00 -99999.00 1.56 0.35 0.6 -7.167343069691613 -3.5750412493464623 -0.06382308998229475 0.32
pedestrian 14 -1 -1 -10 -99999.00 -99999.00 -99999.00 -99999.00 1.702 0.38 0.53 -5.181485350981575 -6.5881462671849995 -0.45786277391780794 -2.97
pedestrian 16 -1 -1 -10 -99999.00 -99999.00 -99999.00 -99999.00 1.702 0.57 0.47 -3.1917927343647805 0.6988604964224675 -0.07178542607199312 2.43
pedestrian 17 -1 -1 -10 -99999.00 -99999.00 -99999.00 -99999.00 1.54 0.55 0.54 -3.3943136825383835 1.0881599901259609 0.015571140670688469 2.76
pedestrian 18 -1 -1 -10 -99999.00 -99999.00 -99999.00 -99999.00 1.65 0.57 0.47 2.7192871756270214 3.119510531179289 0.005594848695562009 1.61
pedestrian 21 -1 -1 -10 -99999.00 -99999.00 -99999.00 -99999.00 1.44 0.42 0.57 -9.33501650453275 0.9374263127240192 0.06781421911250907 -0.18
pedestrian 22 -1 -1 -10 -99999.00 -99999.00 -99999.00 -99999.00 1.52 0.61 0.7 1.2025767235149647 2.3242095539784944 -0.04426254912564083 -1.61
pedestrian 23 -1 -1 -10 -99999.00 -99999.00 -99999.00 -99999.00 1.51 0.3 0.54 5.543032949727434 5.559374270292803 -0.14745657341180426 -1.23
pedestrian 20 -1 -1 -10 -99999.00 -99999.00 -99999.00 -99999.00 1.42 0.59 0.3 2.0864663784067115 1.8272843733949962 -0.20270636527952615 0.89
