cyclist 1 -1 -1 -10 -99999.00 -99999.00 -99999.00 -99999.00 1.53 -0.66 0.54 1.8958380519737257 1.786621393319792 -0.14519668598323276 2.54
cyclist 3 -1 -1 -10 -99999.00 -99999.00 -99999.00 -99999.00 1.45 0.51 0.84 -2.4655746779833287 -7.128648344547375 0.017728143427306185 -2.25
cyclist 5 -1 -1 -10 -99999.00 -99999.00 -99999.00 -99999.00 1.32 0.5 0.68 2.6855205647819442 5.249392834947925 -0.2748711707885128 1.36
cyclist 6 -1 -1 -10 -99999.00 -99999.00 -99999.00 -99999.00 1.47 0.6 0.48 -7.891030122164802 -0.6875372187202569 0.2067273178904087 0.92
cyclist 7 -1 -1 -10 -99999.00 -99999.00 -99999.00 -99999.00 1.18 3.93 1.84 -5.366046043791764 11.011327629422285 -0.22025824258843452 -1.54
cyclist 8 -1 -1 -10 -99999.00 -99999.00 -99999.00 -99999.00 1.42 2.26 2.37 -2.480132463076009 8.951393316646504 -0.10247270999069029 -1.02
cyclist 9 -1 -1 -10 -99999.00 -99999.00 -99999.00 -99999.00 1.71 0.68 0.53 -6.601968653426554 -0.07303799472336615 0.12359348890598446 1.32
cyclist 10 -1 -1 -10 -99999.00 -99999.00 -99999.00 -99999.00 1.54 0.42 0.62 2.133486210610442 2.4174553114838537 -0.13208484437512363 -1.09
cyclist 11 -1 -1 -10 -99999.00 -99999.00 -99999.00 -99999.00 1.5 0.55 0.56 5.568668748732724 0.7794382982027168 -0.0671141280384714 0.23
cyclist 12 -1 -1 -10 -99999.00 -99999.00 -99999.00 -99999.00 0.93 1.48 0.52 -6.808152700478841 -3.313786198845956 -0.06912188727699677 -0.16
cyclist 13 -1 -1 -10 -99999.00 -99999.00 -99999.00 -99999.00 1.62 0.38 0.74 -1.6341673961009118 -7.3257498854042975 -0.031393279849282536 -1.92
cyclist 14 -1 -1 -10 -99999.00 -99999.00 -99999.00 -99999.00 1.48 0.64 0.5 5.405220911262582 -3.4711641265976327 -0.1992649158065514 3.02
cyclist 15 -1 -1 -10 -99999.00 -99999.00 -99999.00 -99999.00 1.71 1.52 0.93 -4.095653575941088 -1.5643022276719925 0.056394382534164574 2.05
