pedestrian 1 -1 -1 -10 -99999.00 -99999.00 -99999.00 -99999.00 1.702 0.39 0.6 1.1587679845164147 0.6640451346958012 -0.07483860732670582 0.22
pedestrian 8 -1 -1 -10 -99999.00 -99999.00 -99999.00 -99999.00 1.67 3.78 3.85 -7.336914033697893 9.8944927151483 0.8940393570778272 -0.84
pedestrian 9 -1 -1 -10 -99999.00 -99999.00 -99999.00 -99999.00 1.55 0.44 0.67 -4.54907660385037 -1.285874726664662 0.2404750291116683 0.34
pedestrian 11 -1 -1 -10 -99999.00 -99999.00 -99999.00 -99999.00 1.58 0.58 0.83 5.382588679296637 -3.7812669575140045 -0.6796023142400813 -0.17
pedestrian 6 -1 -1 -10 -99999.00 -99999.00 -99999.00 -99999.00 1.48 0.52 0.52 -7.281835746951537 -3.3354266831642674 0.21470210910599843 0.32
pedestrian 14 -1 -1 -10 -99999.00 -99999.00 -99999.00 -99999.00 1.702 0.48 0.44 -4.855398890191824 -6.636994047600864 -0.14356750758683434 -2.97
pedestrian 16 -1 -1 -10 -99999.00 -99999.00 -99999.00 -99999.00 1.702 0.58 0.59 -2.7322189156464067 0.6604664397671588 -0.025765848040898147 2.43
pedestrian 17 -1 -1 -10 -99999.00 -99999.00 -99999.00 -99999.00 1.54 0.52 0.59 -2.9349580031005607 1.1497653242364312 0.05158700630451279 2.76
pedestrian 18 -1 -1 -10 -99999.00 -99999.00 -99999.00 -99999.00 1.5 0.52 0.34 2.981462300848377 2.790420111020176 -0.07097994529479493 1.61
pedestrian 21 -1 -1 -10 -99999.00 -99999.00 -99999.00 -99999.00 1.47 0.6 0.57 -9.530732244055603 1.2667610784821974 0.41528214765560134 -0.18
pedestrian 22 -1 -1 -10 -99999.00 -99999.00 -99999.00 -99999.00 1.52 0.57 0.65 1.3923411490276245 2.424872168513166 -0.051779253516152215 -1.61
pedestrian 23 -1 -1 -10 -99999.00 -99999.00 -99999.00 -99999.00 1.51 0.59 0.47 5.572602698314649 6.019476187357842 -0.2370771953777541 -1.23
