cyclist 1 -1 -1 -10 -99999.00 -99999.00 -99999.00 -99999.00 1.48 -0.48 0.51 1.854070299040505 1.9564807315650072 -0.055735744641176074 -0.61
cyclist 3 -1 -1 -10 -99999.00 -99999.00 -99999.00 -99999.00 1.47 0.63 0.54 -0.6914010144025801 -5.0124478398703385 -0.08905778945302308 -0.68
cyclist 6 -1 -1 -10 -99999.00 -99999.00 -99999.00 -99999.00 1.65 0.46 0.51 -7.352074502702276 -0.7756517186452372 0.31379120140271327 0.92
cyclist 7 -1 -1 -10 -99999.00 -99999.00 -99999.00 -99999.00 1.32 4.2 1.9 -4.108840643796321 11.14572505820098 -0.033785956819281565 -1.54
cyclist 8 -1 -1 -10 -99999.00 -99999.00 -99999.00 -99999.00 1.62 2.41 1.41 -1.6314583643024576 8.824361162353933 0.03864818090321189 -1.02
cyclist 9 -1 -1 -10 -99999.00 -99999.00 -99999.00 -99999.00 1.71 0.68 0.43 -6.8423829395370115 -0.023876055680130327 0.1404480070986876 1.32
cyclist 10 -1 -1 -10 -99999.00 -99999.00 -99999.00 -99999.00 1.51 0.5 0.43 2.002250300282238 2.587000491101699 -0.08379853256028164 -1.09
cyclist 11 -1 -1 -10 -99999.00 -99999.00 -99999.00 -99999.00 1.47 0.29 0.55 5.29637245624228 1.5184913139873712 -0.09068039536204103 0.23
cyclist 12 -1 -1 -10 -99999.00 -99999.00 -99999.00 -99999.00 1.24 1.87 0.76 -5.667838438467599 -3.2798070390028675 -0.09419778307586055 -0.16
cyclist 14 -1 -1 -10 -99999.00 -99999.00 -99999.00 -99999.00 1.29 0.46 0.64 8.401559945763585 -2.640697168072573 -0.12003726202499536 3.02
cyclist 15 -1 -1 -10 -99999.00 -99999.00 -99999.00 -99999.00 1.62 1.75 0.66 -1.8556741519621387 -6.476523007206524 -0.144302386896944 2.05
