car 1 -1 -1 -10 -99999.00 -99999.00 -99999.00 -99999.00 0.89 0.34 0.63 0.8180138705627744 0.9628564855119621 -0.09930103662329431 0.22
car 8 -1 -1 -10 -99999.00 -99999.00 -99999.00 -99999.00 1.69 5.04 1.86 -14.397658436207163 2.5597536251217634 -0.198476530070141 -0.84
car 10 -1 -1 -10 -99999.00 -99999.00 -99999.00 -99999.00 1.2 0.52 0.46 0.7957905984743969 1.5627830170783321 -0.08959109839323871 -0.38
car 11 -1 -1 -10 -99999.00 -99999.00 -99999.00 -99999.00 1.34 0.46 0.63 8.378132486625864 -1.7707722814386002 -0.0903413738715922 -0.17
car 16 -1 -1 -10 -99999.00 -99999.00 -99999.00 -99999.00 1.4 0.56 0.39 -8.10416774106959 -3.938320268433577 -0.21609879188069153 2.43
car 20 -1 -1 -10 -99999.00 -99999.00 -99999.00 -99999.00 1.52 -0.48 0.7 -3.361175756142784 3.728283532399137 -0.1640104824680382 -0.49
car 21 -1 -1 -10 -99999.00 -99999.00 -99999.00 -99999.00 1.76 0.58 0.58 -5.640440664806797 -5.099726137911742 -0.17384598095342355 -0.18
car 22 -1 -1 -10 -99999.00 -99999.00 -99999.00 -99999.00 1.54 0.39 0.6 3.1438996143300786 2.2009822097285157 -0.09885609477297691 -0.33
car 23 -1 -1 -10 -99999.00 -99999.00 -99999.00 -99999.00 1.53 0.52 0.53 1.0482180988510337 6.703694178321485 -0.11628921179436766 -0.68
car 24 -1 -1 -10 -99999.00 -99999.00 -99999.00 -99999.00 1.51 0.66 0.51 1.5029150279515406 5.685271185647389 -0.20034461411514437 -0.23
car 25 -1 -1 -10 -99999.00 -99999.00 -99999.00 -99999.00 2.88 2.95 2.16 -2.7102538757946735 14.81065948523811 0.6345782387273731 -1.32
