pedestrian 1 -1 -1 -10 -99999.00 -99999.00 -99999.00 -99999.00 1.52 0.65 -0.46 0.8639256010546191 2.2830229761910066 -0.13870344633920584 -0.1
pedestrian 2 -1 -1 -10 -99999.00 -99999.00 -99999.00 -99999.00 1.702 0.4 0.65 3.659113797784528 3.8227874788700524 -0.16211756924292742 -0.21
pedestrian 3 -1 -1 -10 -99999.00 -99999.00 -99999.00 -99999.00 1.73 0.64 0.65 3.177117465392343 -1.6989242171085621 -0.06841867888956302 -2.25
pedestrian 4 -1 -1 -10 -99999.00 -99999.00 -99999.00 -99999.00 1.57 0.35 0.59 7.596800757976998 -7.06353257408049 -0.11057042327840352 -0.24
pedestrian 5 -1 -1 -10 -99999.00 -99999.00 -99999.00 -99999.00 1.55 0.57 0.55 2.274834570068942 1.8779472925467784 -0.09023106580039138 1.75
pedestrian 6 -1 -1 -10 -99999.00 -99999.00 -99999.00 -99999.00 1.56 0.41 0.56 -5.637737583154351 -2.0196750892974427 0.326232244206939 0.92
pedestrian 7 -1 -1 -10 -99999.00 -99999.00 -99999.00 -99999.00 1.702 1.51 1.63 -3.994050354581838 8.706088988657495 -0.5123243959069539 -0.52
pedestrian 8 -1 -1 -10 -99999.00 -99999.00 -99999.00 -99999.00 1.73 4.74 1.4 -2.054700785508376 9.61289027580919 0.07311106129956008 -1.02
pedestrian 9 -1 -1 -10 -99999.00 -99999.00 -99999.00 -99999.00 1.78 0.54 0.5 -5.4202097360811745 -1.2789116543193286 0.3190789829133834 1.06
pedestrian 12 -1 -1 -10 -99999.00 -99999.00 -99999.00 -99999.00 1.702 1.42 1.82 -2.8838789658206374 -4.590094986176829 -0.027751186850800892 0.18
pedestrian 13 -1 -1 -10 -99999.00 -99999.00 -99999.00 -99999.00 1.46 0.56 0.56 3.997251670820628 -1.6060624312588778 -0.09768596122536076 -1.53
pedestrian 10 -1 -1 -10 -99999.00 -99999.00 -99999.00 -99999.00 1.47 0.49 0.49 0.8510905532076308 2.832984718888639 -0.06886546873569403 0.42
