pedestrian 1 -1 -1 -10 -99999.00 -99999.00 -99999.00 -99999.00 1.702 0.45 0.59 1.3968349854366489 1.174879783940928 -0.061721282772760004 0.22
pedestrian 8 -1 -1 -10 -99999.00 -99999.00 -99999.00 -99999.00 1.84 3.18 1.69 -6.754784452140399 9.106487199405324 0.1815981613049116 -1.02
pedestrian 9 -1 -1 -10 -99999.00 -99999.00 -99999.00 -99999.00 1.67 0.52 0.69 -4.917244980254437 -1.1271672424630481 0.05564001869863003 0.34
pedestrian 11 -1 -1 -10 -99999.00 -99999.00 -99999.00 -99999.00 1.48 0.51 0.44 5.92022561163836 -2.0893573952939652 -0.18252227817890793 -0.17
pedestrian 14 -1 -1 -10 -99999.00 -99999.00 -99999.00 -99999.00 1.45 0.42 0.63 -2.577789598384174 -6.07903871316237 -0.09375025512266107 -1.4
pedestrian 16 -1 -1 -10 -99999.00 -99999.00 -99999.00 -99999.00 1.702 0.2 0.48 -0.21078341764632583 0.6792628204101006 -0.12276958765854905 -2.28
pedestrian 17 -1 -1 -10 -99999.00 -99999.00 -99999.00 -99999.00 1.702 0.47 0.43 -0.5518691305586461 0.9980740493794173 -0.12723464422796352 -2.34
pedestrian 18 -1 -1 -10 -99999.00 -99999.00 -99999.00 -99999.00 1.58 0.46 0.67 4.5691706680921635 0.8459472203235385 -0.130202558627292 2.42
pedestrian 20 -1 -1 -10 -99999.00 -99999.00 -99999.00 -99999.00 1.43 0.48 0.44 3.791563344009633 0.25322810670156765 -0.16038370970527976 1.6
pedestrian 21 -1 -1 -10 -99999.00 -99999.00 -99999.00 -99999.00 1.47 0.58 0.58 -7.544420903412248 -2.4763394919465256 0.18126211071910256 0.32
pedestrian 22 -1 -1 -10 -99999.00 -99999.00 -99999.00 -99999.00 1.56 0.56 0.69 2.3599659414269922 3.008254566827451 -0.01911063751925207 -1.61
