pedestrian 1 -1 -1 -10 -99999.00 -99999.00 -99999.00 -99999.00 1.4 -0.51 0.47 1.5762949150179255 1.3255071873443367 -0.059372023606547086 2.54
pedestrian 5 -1 -1 -10 -99999.00 -99999.00 -99999.00 -99999.00 1.63 0.38 0.66 1.0535838545788667 8.593717570308861 -0.26623182216914626 1.36
pedestrian 8 -1 -1 -10 -99999.00 -99999.00 -99999.00 -99999.00 1.69 4.38 3.31 -5.2149692049313146 10.061857014859669 -0.048265972872555477 -1.02
pedestrian 9 -1 -1 -10 -99999.00 -99999.00 -99999.00 -99999.00 1.58 0.49 0.66 -5.437380467634853 -0.8889838433610947 -0.0011732118007691022 0.34
pedestrian 10 -1 -1 -10 -99999.00 -99999.00 -99999.00 -99999.00 1.5 0.36 0.4 1.8747665651965657 1.9065508492104224 -0.09546824286687008 -1.09
pedestrian 12 -1 -1 -10 -99999.00 -99999.00 -99999.00 -99999.00 1.19 1.57 0.65 -9.478291659669683 -3.3631059944309154 -0.06407249377830465 -0.16
pedestrian 16 -1 -1 -10 -99999.00 -99999.00 -99999.00 -99999.00 1.702 0.58 0.54 2.0499515902950485 0.4171533375409027 -0.09317494526580611 2.46
pedestrian 17 -1 -1 -10 -99999.00 -99999.00 -99999.00 -99999.00 1.702 0.56 0.51 1.9478403389487948 0.8368017136156523 -0.0445073707800391 2.37
pedestrian 18 -1 -1 -10 -99999.00 -99999.00 -99999.00 -99999.00 1.71 0.28 0.42 5.905741349073677 -1.1793978458395284 -0.08270331958568601 2.41
pedestrian 20 -1 -1 -10 -99999.00 -99999.00 -99999.00 -99999.00 1.47 0.46 0.51 5.284183962680746 -0.6815650958880719 -0.10084080828060928 -3.11
pedestrian 21 -1 -1 -10 -99999.00 -99999.00 -99999.00 -99999.00 1.31 0.53 0.5 -10.890668130999222 3.1920020343370283 -0.11256408497474892 4.04
