pedestrian 1 -1 -1 -10 -99999.00 -99999.00 -99999.00 -99999.00 1.702 0.4 0.63 0.6868652345278647 1.182401360512697 -0.07101529592069773 0.22
pedestrian 8 -1 -1 -10 -99999.00 -99999.00 -99999.00 -99999.00 1.42 5.08 2.34 -15.994545123589466 0.20418289986159804 0.18065334999535237 -0.84
pedestrian 9 -1 -1 -10 -99999.00 -99999.00 -99999.00 -99999.00 1.73 0.71 0.62 -2.21876591420179 -3.4677630731519034 0.0509616175210198 -0.43
pedestrian 10 -1 -1 -10 -99999.00 -99999.00 -99999.00 -99999.00 1.702 0.43 0.42 0.5449496695840916 1.771909074832662 -0.08287392922897507 -0.38
pedestrian 11 -1 -1 -10 -99999.00 -99999.00 -99999.00 -99999.00 1.58 0.38 0.63 9.265982914287768 -0.5376730952599686 -0.24873334066970607 -0.17
pedestrian 17 -1 -1 -10 -99999.00 -99999.00 -99999.00 -99999.00 1.54 0.57 0.56 -10.547555728684895 -6.526856646157975 -0.0480673568017708 -2.77
pedestrian 20 -1 -1 -10 -99999.00 -99999.00 -99999.00 -99999.00 1.702 0.46 -0.72 -6.722089144507658 3.616555552878206 -0.08799696720979086 2.65
pedestrian 22 -1 -1 -10 -99999.00 -99999.00 -99999.00 -99999.00 1.45 0.45 0.68 5.169700375181092 1.318038747771834 -0.2923557596910376 -0.33
pedestrian 24 -1 -1 -10 -99999.00 -99999.00 -99999.00 -99999.00 1.42 0.61 0.5 0.8442059338197898 5.292969731726804 -0.19896673170996726 -0.23
pedestrian 25 -1 -1 -10 -99999.00 -99999.00 -99999.00 -99999.00 2.91 2.47 2.82 -5.797116953475161 14.019878124391992 0.5841681307001706 -1.32
pedestrian 26 -1 -1 -10 -99999.00 -99999.00 -99999.00 -99999.00 1.56 0.52 0.79 -7.295187573892777 7.794575322095245 -0.20550866138493729 -0.1
pedestrian 27 -1 -1 -10 -99999.00 -99999.00 -99999.00 -99999.00 1.46 0.7 0.59 -7.251020257905035 6.674721771575128 -0.22493219314227297 -0.1
