pedestrian 1 -1 -1 -10 -99999.00 -99999.00 -99999.00 -99999.00 1.702 0.41 0.41 0.3444095660553191 1.9312099697748637 -0.08549914298843377 -0.1
pedestrian 2 -1 -1 -10 -99999.00 -99999.00 -99999.00 -99999.00 1.62 0.42 0.56 1.4574918538850974 3.7751082894502486 -0.04092552727332157 -0.92
pedestrian 3 -1 -1 -10 -99999.00 -99999.00 -99999.00 -99999.00 1.5 0.61 0.47 13.128042117922483 0.9658964611553593 1.5119702961304802 -2.1
pedestrian 4 -1 -1 -10 -99999.00 -99999.00 -99999.00 -99999.00 1.702 0.67 0.57 0.9361973244722053 -1.646743641819196 -0.02774793288041026 1.72
pedestrian 5 -1 -1 -10 -99999.00 -99999.00 -99999.00 -99999.00 1.702 0.52 0.51 -0.4823983452330585 -1.7916995139009044 -0.10632350823627722 1.75
pedestrian 6 -1 -1 -10 -99999.00 -99999.00 -99999.00 -99999.00 1.61 0.51 0.53 -2.426085895579068 -0.7284778964526027 -0.12176691526150911 0.92
pedestrian 7 -1 -1 -10 -99999.00 -99999.00 -99999.00 -99999.00 1.702 0.85 1.71 4.111383238312038 8.554399268256555 -0.06618932677189036 -1.55
pedestrian 8 -1 -1 -10 -99999.00 -99999.00 -99999.00 -99999.00 2.01 4.98 2.11 6.442651616652544 8.902565321171828 0.5243766286869639 -1.55
pedestrian 9 -1 -1 -10 -99999.00 -99999.00 -99999.00 -99999.00 1.702 0.81 0.43 -1.2688537280391312 0.0755663853152891 -0.1166187731524372 -2.08
pedestrian 10 -1 -1 -10 -99999.00 -99999.00 -99999.00 -99999.00 1.4 0.36 0.39 0.7241042784968915 2.422533432064966 -0.19053809170355585 -0.51
