pedestrian 1 -1 -1 -10 -99999.00 -99999.00 -99999.00 -99999.00 1.702 0.3 0.6 0.8180836776100274 0.9428566073588064 -0.0993001227989882 0.22
pedestrian 9 -1 -1 -10 -99999.00 -99999.00 -99999.00 -99999.00 1.69 0.51 0.6 -2.5577399484504797 -3.6789486152412154 0.026522490744237272 1.15
pedestrian 8 -1 -1 -10 -99999.00 -99999.00 -99999.00 -99999.00 1.47 5.1 2.28 -14.940549838290623 1.787873364461044 0.22445347447694114 -0.84
pedestrian 10 -1 -1 -10 -99999.00 -99999.00 -99999.00 -99999.00 1.702 0.43 0.48 0.7557942690442472 1.562643391021723 -0.09011467902624067 -0.38
pedestrian 11 -1 -1 -10 -99999.00 -99999.00 -99999.00 -99999.00 1.702 0.35 0.74 8.667547449584884 -1.4597618811542703 -0.1265561516620331 -0.17
pedestrian 16 -1 -1 -10 -99999.00 -99999.00 -99999.00 -99999.00 1.702 0.46 0.99 -8.844222137218106 -4.580899451381828 -0.045771212250110695 -2.28
pedestrian 20 -1 -1 -10 -99999.00 -99999.00 -99999.00 -99999.00 1.47 0.4 -0.81 -4.2120663989931275 3.665316844236729 -0.08514153996475074 2.65
pedestrian 22 -1 -1 -10 -99999.00 -99999.00 -99999.00 -99999.00 1.44 0.86 0.55 3.6947304811925483 2.062902920934798 -0.12164789412627744 -0.33
pedestrian 23 -1 -1 -10 -99999.00 -99999.00 -99999.00 -99999.00 1.45 0.44 0.45 0.8689763085503086 6.453067384152297 -0.10863475856330991 -0.68
pedestrian 24 -1 -1 -10 -99999.00 -99999.00 -99999.00 -99999.00 1.51 0.47 0.46 1.3030380913716715 5.654573238134612 -0.20296114654369496 -0.23
pedestrian 25 -1 -1 -10 -99999.00 -99999.00 -99999.00 -99999.00 2.88 2.55 2.62 -3.469137029258724 14.508008417865202 0.6246439140649277 -1.32
pedestrian 6 -1 -1 -10 -99999.00 -99999.00 -99999.00 -99999.00 1.45 0.47 0.52 -0.9485230232227511 -8.73336765223943 -0.08242284412910855 0.09
