pedestrian 1 -1 -1 -10 -99999.00 -99999.00 -99999.00 -99999.00 1.6 -0.71 0.47 1.9157489423955063 1.7366915109652068 -0.12493432455448636 2.54
pedestrian 3 -1 -1 -10 -99999.00 -99999.00 -99999.00 -99999.00 1.45 -0.45 0.79 -3.52979584112214 -8.272376396291545 -0.12621441310466835 0.89
pedestrian 5 -1 -1 -10 -99999.00 -99999.00 -99999.00 -99999.00 1.702 0.29 0.69 2.351091852160898 6.188235193179225 -0.18924137127150575 1.36
pedestrian 7 -1 -1 -10 -99999.00 -99999.00 -99999.00 -99999.00 1.1 3.61 1.79 -6.0158817174292745 10.829059802623988 -0.18876163035300095 -1.54
pedestrian 8 -1 -1 -10 -99999.00 -99999.00 -99999.00 -99999.00 1.5 4.14 3.28 -3.2733932403435673 9.978629426916001 -0.132858775995724 -1.02
pedestrian 9 -1 -1 -10 -99999.00 -99999.00 -99999.00 -99999.00 1.57 0.63 0.54 -6.2384937141042345 -0.2517802635922879 -0.09166721304452446 0.34
pedestrian 10 -1 -1 -10 -99999.00 -99999.00 -99999.00 -99999.00 1.59 0.52 0.39 2.1237663254734596 2.18742180620841 -0.0922086574508935 -1.09
pedestrian 11 -1 -1 -10 -99999.00 -99999.00 -99999.00 -99999.00 1.52 0.49 0.53 5.629431120397732 0.5596490776029165 -0.0663187050216012 0.23
pedestrian 12 -1 -1 -10 -99999.00 -99999.00 -99999.00 -99999.00 1.702 1.83 0.67 -7.678613885685036 -3.2368235529645775 -0.060515134790533574 -0.16
pedestrian 13 -1 -1 -10 -99999.00 -99999.00 -99999.00 -99999.00 1.43 0.58 0.74 -2.679646983312114 -8.409408489660697 -0.09508364133175387 -1.92
pedestrian 14 -1 -1 -10 -99999.00 -99999.00 -99999.00 -99999.00 1.48 0.51 0.5 3.76584252477426 -3.9868856878240724 -0.12071698648242479 -1.69
pedestrian 15 -1 -1 -10 -99999.00 -99999.00 -99999.00 -99999.00 1.64 1.69 0.53 -5.244475486673031 1.2517012493096216 -0.028650517663734006 2.05
pedestrian 16 -1 -1 -10 -99999.00 -99999.00 -99999.00 -99999.00 1.55 0.37 0.43 5.574174787326918 -0.7605523195902804 -0.0770429068426405 2.2
pedestrian 17 -1 -1 -10 -99999.00 -99999.00 -99999.00 -99999.00 1.51 0.55 0.41 5.692680391347468 -0.2601364875915583 -0.0954932971027677 2.37
