pedestrian 1 -1 -1 -10 -99999.00 -99999.00 -99999.00 -99999.00 1.702 0.53 0.55 1.2574586286103602 0.9243926158283491 -0.04354410563296024 0.22
pedestrian 6 -1 -1 -10 -99999.00 -99999.00 -99999.00 -99999.00 1.47 0.45 0.55 -7.226335275026075 -2.9852193763991273 0.46545007002364613 0.32
pedestrian 8 -1 -1 -10 -99999.00 -99999.00 -99999.00 -99999.00 1.81 3.9 3.89 -6.828095244434031 9.996272338135842 0.9607053006815119 -0.84
pedestrian 9 -1 -1 -10 -99999.00 -99999.00 -99999.00 -99999.00 1.55 0.41 0.67 -4.599700310031791 -1.2560494420056894 0.27981575568691697 0.34
pedestrian 11 -1 -1 -10 -99999.00 -99999.00 -99999.00 -99999.00 1.702 0.48 0.61 5.63261820191011 -3.270397401754725 -0.8163412436639861 -0.17
pedestrian 14 -1 -1 -10 -99999.00 -99999.00 -99999.00 -99999.00 1.702 0.47 0.48 -4.119044608200736 -6.58441127017071 0.12609417473217832 -2.97
pedestrian 16 -1 -1 -10 -99999.00 -99999.00 -99999.00 -99999.00 1.702 0.55 0.62 -1.811072904381874 0.7236774735286321 -0.12371681098791235 2.43
pedestrian 20 -1 -1 -10 -99999.00 -99999.00 -99999.00 -99999.00 1.702 0.44 0.49 2.841144558309047 1.0699069921364934 -0.3528407954989482 1.6
pedestrian 22 -1 -1 -10 -99999.00 -99999.00 -99999.00 -99999.00 1.56 0.43 0.57 1.7829511535798155 2.616232365020083 -0.14667445643269197 -1.61
pedestrian 23 -1 -1 -10 -99999.00 -99999.00 -99999.00 -99999.00 1.48 0.38 0.53 5.99490300309876 6.850937204308203 -0.6315832534695401 1.91
