Pedestrian 1 0 -9999.0 -9999.0 -9999.0 -9999.0 1.7846325621884431 0.9821603155360864 0.7953061774217305 -54.30065002348185 36.4842080843603 -2.0016100082575967 0.49745536450713246 
Pedestrian 3 0 -9999.0 -9999.0 -9999.0 -9999.0 1.8745030820377138 0.8041188004226854 0.8947841102792089 -31.533226978783883 19.112055539489674 -1.1313671759247133 0.6838203499972284 
Pedestrian 15 0 -9999.0 -9999.0 -9999.0 -9999.0 1.8745030820377138 0.8644069027961834 0.9673300582494323 -17.02355584203445 9.547316135102847 -0.9618321492918669 -2.4179018276270767 
Pedestrian 2 0 -9999.0 -9999.0 -9999.0 -9999.0 1.8180191450657555 0.8398610138823817 0.8299174556953087 -33.53585056358032 22.693245494108993 -1.3958937200444899 0.6476508447105989 
Pedestrian 5 0 -9999.0 -9999.0 -9999.0 -9999.0 1.77689350557476 0.8759052541655915 0.8532905991415365 -13.005971510047704 4.513602541629522 -0.7987667119454905 -2.464828145849662 
Pedestrian 6 0 -9999.0 -9999.0 -9999.0 -9999.0 1.7042638125962326 0.7388788228361965 0.8819539752008805 -12.5463540695077 5.226865558978028 -0.9017013052569727 -2.4648281461596007 
Pedestrian 8 0 -9999.0 -9999.0 -9999.0 -9999.0 1.8745030820377138 0.946695691445048 0.8012092159177616 -11.809193820965467 4.226796343026367 -0.7448256145595318 -2.464828151787035 
Pedestrian 105 0 -9999.0 -9999.0 -9999.0 -9999.0 1.862645626271842 0.8159393022725835 0.7793880290829952 -12.045574720054345 5.6040015986775 -0.8580655420540549 -2.4866591590926745 
Pedestrian 101 0 -9999.0 -9999.0 -9999.0 -9999.0 1.9993509018932334 1.0231731480755122 1 -20.342327552144297 10.881044423499398 -0.8668661340706366 0.7350213200564628 
Pedestrian 20 0 -9999.0 -9999.0 -9999.0 -9999.0 1.8745030820377138 0.946695691445048 0.8012092159177616 -11.27477917330942 4.9660790746063785 -0.7957138698863351 -2.4648281461288377 
