Pedestrian 1 0 -9999.0 -9999.0 -9999.0 -9999.0 1.7846325621884431 0.9821603155360864 0.7953061774217305 -51.811619868598406 35.19712125425472 -1.937049816426177 0.460026721077627 
Pedestrian 3 0 -9999.0 -9999.0 -9999.0 -9999.0 1.8745030820377138 0.8041188004226854 0.8947841102792089 -30.49805318959698 18.139321300121768 -1.1819926161103926 0.6766860756331825 
Pedestrian 15 0 -9999.0 -9999.0 -9999.0 -9999.0 1.8745030820377138 0.8644069027961834 0.9673300582494323 -19.391917527086967 11.133047088633935 -0.77235076497149 -2.4179018276279116 
Pedestrian 2 0 -9999.0 -9999.0 -9999.0 -9999.0 1.8180191450657555 0.8398610138823817 0.8299174556953087 -32.12188897839593 21.683871666899744 -1.4226330741669972 0.6476510923926337 
Pedestrian 5 0 -9999.0 -9999.0 -9999.0 -9999.0 1.77689350557476 0.8759052541655915 0.8532905991415365 -14.179064109411838 5.515272456066558 -0.7101453806180301 -2.4648281247284025 
Pedestrian 6 0 -9999.0 -9999.0 -9999.0 -9999.0 1.7042638125962326 0.7388788228361965 0.8819539752008805 -13.679342514114525 6.165434056308176 -0.8216936768287684 -2.464827027822299 
Pedestrian 8 0 -9999.0 -9999.0 -9999.0 -9999.0 1.8745030820377138 0.946695691445048 0.8012092159177616 -12.854881423106537 5.401429689947122 -0.6940209635724977 -2.464828151787035 
Pedestrian 105 0 -9999.0 -9999.0 -9999.0 -9999.0 1.862645626271842 0.8159393022725835 0.7793880290829952 -13.330307227829739 6.560051997737056 -0.7809587664210702 -2.4866591590926745 
Pedestrian 101 0 -9999.0 -9999.0 -9999.0 -9999.0 1.9993509018932334 1.0231731480755122 1 -17.730248975116943 8.830487623592456 -0.7075783191327679 0.7363410315485224 
Pedestrian 20 0 -9999.0 -9999.0 -9999.0 -9999.0 1.8745030820377138 0.946695691445048 0.8012092159177616 -12.32984315282706 5.991802184811401 -0.7391909257474953 -2.4648281461491752 
