Pedestrian 1 0 -9999.0 -9999.0 -9999.0 -9999.0 1.7846325621884431 0.9821603155360864 0.7953061774217305 -46.92291648726499 32.246177966647664 -1.782268118674071 0.6578444173301854 
Pedestrian 3 0 -9999.0 -9999.0 -9999.0 -9999.0 1.8745030820377138 0.8041188004226854 0.8947841102792089 -29.147179322973948 17.19144374378217 -1.1591595224217577 -0.25778766810016585 
Pedestrian 15 0 -9999.0 -9999.0 -9999.0 -9999.0 1.8745030820377138 0.8644069027961834 0.9673300582494323 -24.60440333695143 14.26030751932206 -1.014860742366122 -2.4179018276270803 
Pedestrian 2 0 -9999.0 -9999.0 -9999.0 -9999.0 1.8180191450657555 0.8398610138823817 0.8299174556953087 -29.38091786030513 19.560945546817635 -1.2878543814919212 0.6476790750211441 
Pedestrian 5 0 -9999.0 -9999.0 -9999.0 -9999.0 1.77689350557476 0.8759052541655915 0.8532905991415365 -17.83974573247671 8.342044914263944 -0.8155238925016913 -2.464663629015435 
Pedestrian 6 0 -9999.0 -9999.0 -9999.0 -9999.0 1.7042638125962326 0.7388788228361965 0.8819539752008805 -16.903417185016266 8.905696052090299 -0.9065001496074249 -2.4648281461596007 
Pedestrian 8 0 -9999.0 -9999.0 -9999.0 -9999.0 1.8745030820377138 0.946695691445048 0.8012092159177616 -15.981979109900683 7.753394869890759 -0.8325359198108448 -2.464828151787035 
Pedestrian 105 0 -9999.0 -9999.0 -9999.0 -9999.0 1.862645626271842 0.8159393022725835 0.7793880290829952 -16.528596772124995 9.342998333675236 -0.86441649989792 -2.4866591590926745 
Pedestrian 20 0 -9999.0 -9999.0 -9999.0 -9999.0 1.8745030820377138 0.946695691445048 0.8012092159177616 -15.366723999843389 8.364906931403096 -0.889254664703039 -2.464828146288827 
Pedestrian 100 0 -9999.0 -9999.0 -9999.0 -9999.0 1.8745030820377138 0.946695691445048 0.9198436381441675 -14.929652692134882 7.232747504542127 -0.8427144736897887 -2.464828151787035 
