Pedestrian 1 0 -9999.0 -9999.0 -9999.0 -9999.0 1.7846325621884431 0.9821603155360864 0.7953061774217305 -47.72962789182346 32.874644317551635 -1.8151573369813465 0.6578580537750369 
Pedestrian 3 0 -9999.0 -9999.0 -9999.0 -9999.0 1.8745030820377138 0.8041188004226854 0.8947841102792089 -29.27084790427367 17.32509414198575 -1.1343621015419139 0.1469784959249001 
Pedestrian 15 0 -9999.0 -9999.0 -9999.0 -9999.0 1.8745030820377138 0.8644069027961834 0.9673300582494323 -23.79020130369177 13.468475108475939 -0.9671927383320161 -2.417901827873866 
Pedestrian 2 0 -9999.0 -9999.0 -9999.0 -9999.0 1.8180191450657555 0.8398610138823817 0.8299174556953087 -29.880204234443227 20.01929017613621 -1.2668045305538083 0.6476538900462918 
Pedestrian 5 0 -9999.0 -9999.0 -9999.0 -9999.0 1.77689350557476 0.8759052541655915 0.8532905991415365 -17.311047337714914 7.789634253571876 -0.6875906265571554 -2.4648281461596007 
Pedestrian 6 0 -9999.0 -9999.0 -9999.0 -9999.0 1.7042638125962326 0.7388788228361965 0.8819539752008805 -16.684549352545037 8.372175912643932 -0.7924112529243362 -2.4648281461596007 
Pedestrian 8 0 -9999.0 -9999.0 -9999.0 -9999.0 1.8745030820377138 0.946695691445048 0.8012092159177616 -15.377782361394795 7.227099714653072 -0.7115622699198475 -2.464828151787035 
Pedestrian 105 0 -9999.0 -9999.0 -9999.0 -9999.0 1.862645626271842 0.8159393022725835 0.7793880290829952 -15.951151648614772 8.911886789170302 -0.7603869285570843 -2.4866591590926745 
Pedestrian 20 0 -9999.0 -9999.0 -9999.0 -9999.0 1.8745030820377138 0.946695691445048 0.8012092159177616 -14.97572063046628 8.023410454000523 -0.7648561398915544 -2.4648281461596007 
Pedestrian 100 0 -9999.0 -9999.0 -9999.0 -9999.0 1.8745030820377138 0.946695691445048 0.9198436381441675 -14.029649256328636 6.419852929542691 -0.6959648216140073 -2.464828151787035 
