Pedestrian 1 0 -9999.0 -9999.0 -9999.0 -9999.0 1.7846325621884431 0.9821603155360864 0.7953061774217305 -50.58267110957855 34.60068973042587 -1.8995498406000493 0.5550027065177243 
Pedestrian 3 0 -9999.0 -9999.0 -9999.0 -9999.0 1.8745030820377138 0.8041188004226854 0.8947841102792089 -29.86529100071369 17.714120936840427 -1.1022730713122997 0.7377216114072453 
Pedestrian 15 0 -9999.0 -9999.0 -9999.0 -9999.0 1.8745030820377138 0.8644069027961834 0.9673300582494323 -20.948437704181593 11.670427509187546 -1.0646277201941827 -2.417901827623554 
Pedestrian 2 0 -9999.0 -9999.0 -9999.0 -9999.0 1.8180191450657555 0.8398610138823817 0.8299174556953087 -31.337447554108547 21.007881066701067 -1.3551535917068378 0.6476497013205087 
Pedestrian 5 0 -9999.0 -9999.0 -9999.0 -9999.0 1.77689350557476 0.8759052541655915 0.8532905991415365 -15.16423415592256 6.305293633847264 -0.9319562472086859 -2.4648283170914844 
Pedestrian 6 0 -9999.0 -9999.0 -9999.0 -9999.0 1.7042638125962326 0.7388788228361965 0.8819539752008805 -14.68232776291117 7.004230226340423 -1.0335001459227742 -2.4648281461596007 
Pedestrian 8 0 -9999.0 -9999.0 -9999.0 -9999.0 1.8745030820377138 0.946695691445048 0.8012092159177616 -13.581832339898362 6.028065852105741 -0.9012624640082266 -2.464828151787035 
Pedestrian 105 0 -9999.0 -9999.0 -9999.0 -9999.0 1.862645626271842 0.8159393022725835 0.7793880290829952 -14.15203178454666 7.310167547657287 -0.9975871653789954 -2.4866591590926745 
Pedestrian 101 0 -9999.0 -9999.0 -9999.0 -9999.0 1.9993509018932334 1.0231731480755122 1 -16.547733690476413 7.5052734104161765 -0.8485393681617813 0.7454705157382087 
Pedestrian 20 0 -9999.0 -9999.0 -9999.0 -9999.0 1.8745030820377138 0.946695691445048 0.8012092159177616 -13.11156202157174 6.699173085651569 -0.947759094004199 -2.4648281461596007 
