Pedestrian 1 0 -9999.0 -9999.0 -9999.0 -9999.0 1.7846325621884431 0.9821603155360864 0.7953061774217305 -55.37346285580361 37.260631723834024 -2.575748696520536 0.6005865764061991 
Pedestrian 3 0 -9999.0 -9999.0 -9999.0 -9999.0 1.8745030820377138 0.8041188004226854 0.8947841102792089 -32.52904419855794 19.901894962858627 -1.197028473567373 0.6837631508242641 
Pedestrian 15 0 -9999.0 -9999.0 -9999.0 -9999.0 1.8745030820377138 0.8644069027961834 0.9673300582494323 -15.438509276376532 7.954613040223294 -1.1262395799036213 -2.4179018276270803 
Pedestrian 2 0 -9999.0 -9999.0 -9999.0 -9999.0 1.8180191450657555 0.8398610138823817 0.8299174556953087 -34.55321345135658 23.515865300263165 -1.448769960806389 0.6476508353751669 
Pedestrian 5 0 -9999.0 -9999.0 -9999.0 -9999.0 1.77689350557476 0.8759052541655915 0.8532905991415365 -12.046107958595856 3.948426572235224 -1.0430720607950512 -2.4648281462132875 
Pedestrian 6 0 -9999.0 -9999.0 -9999.0 -9999.0 1.7042638125962326 0.7388788228361965 0.8819539752008805 -11.570655466114571 4.631091932394898 -1.1314403304067282 -2.4648281461596007 
Pedestrian 8 0 -9999.0 -9999.0 -9999.0 -9999.0 1.8745030820377138 0.946695691445048 0.8012092159177616 -10.688431858092729 3.271113101115949 -0.9739999273840508 -2.464828151787035 
Pedestrian 105 0 -9999.0 -9999.0 -9999.0 -9999.0 1.862645626271842 0.8159393022725835 0.7793880290829952 -11.167576677361284 5.1927175273853114 -1.0922937106972672 -2.4866591590926745 
Pedestrian 101 0 -9999.0 -9999.0 -9999.0 -9999.0 1.9993509018932334 1.0231731480755122 1 -22.357989090799173 12.256543820393825 -0.9597778261892459 0.7350206144939637 
Pedestrian 20 0 -9999.0 -9999.0 -9999.0 -9999.0 1.8745030820377138 0.946695691445048 0.8012092159177616 -10.01597560972522 4.005184694303505 -1.0142147881502823 -2.4648281461150283 
