Pedestrian 1 0 -9999.0 -9999.0 -9999.0 -9999.0 1.7846325621884431 0.9821603155360864 0.7953061774217305 -53.946227785269706 36.290442297542484 -1.989765471822347 0.4513469719508141 
Pedestrian 3 0 -9999.0 -9999.0 -9999.0 -9999.0 1.8745030820377138 0.8041188004226854 0.8947841102792089 -31.33128265799761 18.92197767095837 -1.1197660598851205 0.6827788609803616 
Pedestrian 15 0 -9999.0 -9999.0 -9999.0 -9999.0 1.8745030820377138 0.8644069027961834 0.9673300582494323 -17.39297752633447 9.82004415774853 -1.0117855124614568 -2.417901827627075 
Pedestrian 2 0 -9999.0 -9999.0 -9999.0 -9999.0 1.8180191450657555 0.8398610138823817 0.8299174556953087 -33.286172699007906 22.5277350940798 -1.37092603136353 0.6476508918992705 
Pedestrian 5 0 -9999.0 -9999.0 -9999.0 -9999.0 1.77689350557476 0.8759052541655915 0.8532905991415365 -13.290118951774119 4.623396524963094 -0.7698809992049704 -2.4648281466494755 
Pedestrian 6 0 -9999.0 -9999.0 -9999.0 -9999.0 1.7042638125962326 0.7388788228361965 0.8819539752008805 -12.793457586318704 5.260328822725963 -0.8812308311293906 -2.464828312532539 
Pedestrian 8 0 -9999.0 -9999.0 -9999.0 -9999.0 1.8745030820377138 0.946695691445048 0.8012092159177616 -11.979048294546594 4.39396493766418 -0.7673427064937477 -2.464828151787035 
Pedestrian 105 0 -9999.0 -9999.0 -9999.0 -9999.0 1.862645626271842 0.8159393022725835 0.7793880290829952 -12.251744585871394 5.721865225008899 -0.8511869962297471 -2.4866591590926745 
Pedestrian 101 0 -9999.0 -9999.0 -9999.0 -9999.0 1.9993509018932334 1.0231731480755122 1 -19.84362814185844 10.54984319164698 -0.7637252293433906 0.7351350531277898 
Pedestrian 20 0 -9999.0 -9999.0 -9999.0 -9999.0 1.8745030820377138 0.946695691445048 0.8012092159177616 -11.46381026566379 5.070166521792099 -0.7984356326608084 -2.4648281461319765 
