Pedestrian 1 0 -9999.0 -9999.0 -9999.0 -9999.0 1.7846325621884431 0.9821603155360864 0.7953061774217305 -51.39830521828499 35.01907251638063 -1.9421828845522686 0.4554376432688212 
Pedestrian 3 0 -9999.0 -9999.0 -9999.0 -9999.0 1.8745030820377138 0.8041188004226854 0.8947841102792089 -30.281623268028962 17.99101330618469 -1.1835003053652813 0.665569831248324 
Pedestrian 15 0 -9999.0 -9999.0 -9999.0 -9999.0 1.8745030820377138 0.8644069027961834 0.9673300582494323 -19.860161818227937 11.347052939691157 -0.9616859018108472 -2.4179018276270803 
Pedestrian 2 0 -9999.0 -9999.0 -9999.0 -9999.0 1.8180191450657555 0.8398610138823817 0.8299174556953087 -31.850929395455832 21.477609368259177 -1.4247346023928844 0.64765098277182 
Pedestrian 5 0 -9999.0 -9999.0 -9999.0 -9999.0 1.77689350557476 0.8759052541655915 0.8532905991415365 -14.237352925465677 5.933804089008181 -0.8198948287660975 -2.4648281023981884 
Pedestrian 6 0 -9999.0 -9999.0 -9999.0 -9999.0 1.7042638125962326 0.7388788228361965 0.8819539752008805 -13.791059365777116 6.6607139442612855 -0.9300425662882496 -2.464827923267853 
Pedestrian 8 0 -9999.0 -9999.0 -9999.0 -9999.0 1.8745030820377138 0.946695691445048 0.8012092159177616 -13.167480490818708 5.494608312900934 -0.8010958386385635 -2.464828151787035 
Pedestrian 105 0 -9999.0 -9999.0 -9999.0 -9999.0 1.862645626271842 0.8159393022725835 0.7793880290829952 -13.204075733377165 7.106980187950646 -0.9032291831532031 -2.4866591590926745 
Pedestrian 101 0 -9999.0 -9999.0 -9999.0 -9999.0 1.9993509018932334 1.0231731480755122 1 -17.270971967759863 8.401795892844182 -0.7904252759800008 0.7350213200564628 
Pedestrian 20 0 -9999.0 -9999.0 -9999.0 -9999.0 1.8745030820377138 0.946695691445048 0.8012092159177616 -12.71244007838237 6.127995189970165 -0.8512382655116518 -2.4648281461544226 
