Pedestrian 1 0 -9999.0 -9999.0 -9999.0 -9999.0 1.7846325621884431 0.9821603155360864 0.7953061774217305 -46.07502603483498 31.638775242305822 -1.7399824401237969 0.6578580537750369 
Pedestrian 3 0 -9999.0 -9999.0 -9999.0 -9999.0 1.8745030820377138 0.8041188004226854 0.8947841102792089 -29.12666417905433 17.198715508039427 -1.0955514613533428 -0.6437526518262686 
Pedestrian 15 0 -9999.0 -9999.0 -9999.0 -9999.0 1.8745030820377138 0.8644069027961834 0.9673300582494323 -25.488238908623327 14.893064949456305 -1.009571573278144 -2.417901823905922 
Pedestrian 2 0 -9999.0 -9999.0 -9999.0 -9999.0 1.8180191450657555 0.8398610138823817 0.8299174556953087 -28.74454596951503 18.925212781200866 -1.2025107673280238 0.6476730573973439 
Pedestrian 5 0 -9999.0 -9999.0 -9999.0 -9999.0 1.77689350557476 0.8759052541655915 0.8532905991415365 -18.033745225963553 9.054781961926395 -0.8483097701223237 -2.4654973496366424 
Pedestrian 6 0 -9999.0 -9999.0 -9999.0 -9999.0 1.7042638125962326 0.7388788228361965 0.8819539752008805 -17.538506845397727 9.400090127898297 -0.9192807923865446 -2.4648281461596007 
Pedestrian 8 0 -9999.0 -9999.0 -9999.0 -9999.0 1.8745030820377138 0.946695691445048 0.8012092159177616 -16.5067392276251 7.910438820155235 -0.7583674702283126 -2.464828151787035 
Pedestrian 105 0 -9999.0 -9999.0 -9999.0 -9999.0 1.862645626271842 0.8159393022725835 0.7793880290829952 -17.11807843883572 9.76539531955111 -0.8841496481558487 -2.4866591590926745 
Pedestrian 20 0 -9999.0 -9999.0 -9999.0 -9999.0 1.8745030820377138 0.946695691445048 0.8012092159177616 -16.00925606750756 8.534654831636885 -0.826710081092581 -2.4648281455507153 
Pedestrian 100 0 -9999.0 -9999.0 -9999.0 -9999.0 1.8745030820377138 0.946695691445048 0.9198436381441675 -15.275746352492936 7.414568223726246 -0.8060828728912027 -2.464828151787035 
