Pedestrian 1 0 -9999.0 -9999.0 -9999.0 -9999.0 1.7846325621884431 0.9821603155360864 0.7953061774217305 -49.89438385399632 34.241949230066524 -1.8795722960747638 0.6578580537750369 
Pedestrian 3 0 -9999.0 -9999.0 -9999.0 -9999.0 1.8745030820377138 0.8041188004226854 0.8947841102792089 -29.629935035202873 17.53827888112119 -1.0246197647633601 0.6838204360256182 
Pedestrian 15 0 -9999.0 -9999.0 -9999.0 -9999.0 1.8745030820377138 0.8644069027961834 0.9673300582494323 -21.708289501305025 11.867754503977775 -1.042068012997262 -2.4179018276270803 
Pedestrian 2 0 -9999.0 -9999.0 -9999.0 -9999.0 1.8180191450657555 0.8398610138823817 0.8299174556953087 -31.014061175770294 20.73038260599548 -1.3158183393317398 0.6476471207551437 
Pedestrian 5 0 -9999.0 -9999.0 -9999.0 -9999.0 1.77689350557476 0.8759052541655915 0.8532905991415365 -15.489016234985245 6.6752946049176085 -0.8092496806039763 -2.464827387072397 
Pedestrian 6 0 -9999.0 -9999.0 -9999.0 -9999.0 1.7042638125962326 0.7388788228361965 0.8819539752008805 -15.072189461020203 7.259232814788522 -0.888258271926473 -2.4648281461596007 
Pedestrian 8 0 -9999.0 -9999.0 -9999.0 -9999.0 1.8745030820377138 0.946695691445048 0.8012092159177616 -13.941993324846122 6.170699011654684 -0.823567809594069 -2.464828151787035 
Pedestrian 105 0 -9999.0 -9999.0 -9999.0 -9999.0 1.862645626271842 0.8159393022725835 0.7793880290829952 -14.564292874481318 7.710259824297767 -0.8602474049018862 -2.4866591590926745 
Pedestrian 101 0 -9999.0 -9999.0 -9999.0 -9999.0 1.9993509018932334 1.0231731480755122 1 -16.26934901492558 6.703841393924237 -0.7361416524469806 0.8038149398285555 
Pedestrian 20 0 -9999.0 -9999.0 -9999.0 -9999.0 1.8745030820377138 0.946695691445048 0.8012092159177616 -13.35063325770246 6.8650787798353825 -0.871712114297566 -2.4648281461568917 
