Pedestrian 1 0 -9999.0 -9999.0 -9999.0 -9999.0 1.7846325621884431 0.9821603155360864 0.7953061774217305 -46.294552644026076 31.79978227787857 -1.7477509756285996 0.657852151005482 
Pedestrian 3 0 -9999.0 -9999.0 -9999.0 -9999.0 1.8745030820377138 0.8041188004226854 0.8947841102792089 -29.118452117644633 17.180050426190682 -1.094938027448025 -0.5969482320952757 
Pedestrian 15 0 -9999.0 -9999.0 -9999.0 -9999.0 1.8745030820377138 0.8644069027961834 0.9673300582494323 -25.30177594362521 14.718004414959138 -1.0046258933268215 -2.4179018276270803 
Pedestrian 2 0 -9999.0 -9999.0 -9999.0 -9999.0 1.8180191450657555 0.8398610138823817 0.8299174556953087 -28.90074510518044 19.077390481444752 -1.232548846404477 0.647680576574853 
Pedestrian 5 0 -9999.0 -9999.0 -9999.0 -9999.0 1.77689350557476 0.8759052541655915 0.8532905991415365 -17.863581488625666 8.965562655816347 -0.8933536318852735 -2.465516217564856 
Pedestrian 6 0 -9999.0 -9999.0 -9999.0 -9999.0 1.7042638125962326 0.7388788228361965 0.8819539752008805 -17.377383559866473 9.304669503011075 -0.9631976093888995 -2.4648281461596007 
Pedestrian 8 0 -9999.0 -9999.0 -9999.0 -9999.0 1.8745030820377138 0.946695691445048 0.8012092159177616 -16.347376076823927 7.8207331679425645 -0.7305481668869891 -2.464828151787035 
Pedestrian 105 0 -9999.0 -9999.0 -9999.0 -9999.0 1.862645626271842 0.8159393022725835 0.7793880290829952 -16.970704063241964 9.657604443259386 -0.9237553147229438 -2.4866591590926745 
Pedestrian 20 0 -9999.0 -9999.0 -9999.0 -9999.0 1.8745030820377138 0.946695691445048 0.8012092159177616 -15.818385748505037 8.503822887461194 -0.7978870975961361 -2.4648281456778953 
Pedestrian 100 0 -9999.0 -9999.0 -9999.0 -9999.0 1.8745030820377138 0.946695691445048 0.9198436381441675 -15.187691430456812 7.353556200471155 -0.7705584874003739 -2.464828151787035 
