Pedestrian 1 0 -9999.0 -9999.0 -9999.0 -9999.0 1.7846325621884431 0.9821603155360864 0.7953061774217305 -47.13768225371379 32.39436520332866 -1.7934840565368575 0.6578580537750369 
Pedestrian 3 0 -9999.0 -9999.0 -9999.0 -9999.0 1.8745030820377138 0.8041188004226854 0.8947841102792089 -29.174047896687384 17.22162918728385 -1.1634818290748623 -0.12036745744029886 
Pedestrian 15 0 -9999.0 -9999.0 -9999.0 -9999.0 1.8745030820377138 0.8644069027961834 0.9673300582494323 -24.404239306376045 14.06422699180671 -1.0165131756497814 -2.4179018271174684 
Pedestrian 2 0 -9999.0 -9999.0 -9999.0 -9999.0 1.8180191450657555 0.8398610138823817 0.8299174556953087 -29.524163467640385 19.708088499385383 -1.2923649793237408 0.6476735379752672 
Pedestrian 5 0 -9999.0 -9999.0 -9999.0 -9999.0 1.77689350557476 0.8759052541655915 0.8532905991415365 -17.563917673182864 8.214884006816273 -0.7140136395513437 -2.464670369189431 
Pedestrian 6 0 -9999.0 -9999.0 -9999.0 -9999.0 1.7042638125962326 0.7388788228361965 0.8819539752008805 -16.803905037680117 8.883523510716522 -0.8098422576957939 -2.4648281461596007 
Pedestrian 8 0 -9999.0 -9999.0 -9999.0 -9999.0 1.8745030820377138 0.946695691445048 0.8012092159177616 -15.829083149888318 7.717698946962494 -0.7073434919771461 -2.464828151787035 
Pedestrian 105 0 -9999.0 -9999.0 -9999.0 -9999.0 1.862645626271842 0.8159393022725835 0.7793880290829952 -16.381667545112172 9.240677014313917 -0.7849630437702022 -2.4866591590926745 
Pedestrian 20 0 -9999.0 -9999.0 -9999.0 -9999.0 1.8745030820377138 0.946695691445048 0.8012092159177616 -15.260081284628084 8.30846130126077 -0.7566658295795383 -2.4648281463188972 
Pedestrian 100 0 -9999.0 -9999.0 -9999.0 -9999.0 1.8745030820377138 0.946695691445048 0.9198436381441675 -14.798094134879113 7.151023830552283 -0.686912142117296 -2.464828151787035 
