Pedestrian 1 0 -9999.0 -9999.0 -9999.0 -9999.0 1.7846325621884431 0.9821603155360864 0.7953061774217305 -52.376436938714676 35.451320625326005 -1.9615571570982426 0.45895343076075257 
Pedestrian 3 0 -9999.0 -9999.0 -9999.0 -9999.0 1.8745030820377138 0.8041188004226854 0.8947841102792089 -30.684347167656583 18.302520820427905 -1.162557475968993 0.6877515073109164 
Pedestrian 15 0 -9999.0 -9999.0 -9999.0 -9999.0 1.8745030820377138 0.8644069027961834 0.9673300582494323 -18.925098435952165 10.917929258491775 -0.7332803724897916 -2.4179018276275475 
Pedestrian 2 0 -9999.0 -9999.0 -9999.0 -9999.0 1.8180191450657555 0.8398610138823817 0.8299174556953087 -32.38663891579195 21.887702005650116 -1.400532910149977 0.6476510796875754 
Pedestrian 5 0 -9999.0 -9999.0 -9999.0 -9999.0 1.77689350557476 0.8759052541655915 0.8532905991415365 -14.162397250314362 5.095205899049033 -0.5682559847097096 -2.46482815065497 
Pedestrian 6 0 -9999.0 -9999.0 -9999.0 -9999.0 1.7042638125962326 0.7388788228361965 0.8819539752008805 -13.63866553264373 5.778147282764986 -0.6623579008755865 -2.4648281461596007 
Pedestrian 8 0 -9999.0 -9999.0 -9999.0 -9999.0 1.8745030820377138 0.946695691445048 0.8012092159177616 -12.486323864458859 5.240853140432673 -0.5768451617967838 -2.464828151787035 
Pedestrian 105 0 -9999.0 -9999.0 -9999.0 -9999.0 1.862645626271842 0.8159393022725835 0.7793880290829952 -13.024783399062166 6.307276069126441 -0.6483978447890116 -2.4866591590926745 
Pedestrian 101 0 -9999.0 -9999.0 -9999.0 -9999.0 1.9993509018932334 1.0231731480755122 1 -18.215488358830786 9.27018573438578 -0.6286169577385661 0.7350213200564628 
Pedestrian 20 0 -9999.0 -9999.0 -9999.0 -9999.0 1.8745030820377138 0.946695691445048 0.8012092159177616 -12.040170924083771 5.86583444254113 -0.6343160706409005 -2.464828146144205 
