Pedestrian 1 0 -9999.0 -9999.0 -9999.0 -9999.0 1.7846325621884431 0.9821603155360864 0.7953061774217305 -51.237957010220086 34.945488201248736 -1.9483864106156477 0.4590800618044506 
Pedestrian 3 0 -9999.0 -9999.0 -9999.0 -9999.0 1.8745030820377138 0.8041188004226854 0.8947841102792089 -30.17037681566142 17.92016040246628 -1.174571688796344 0.6691169703185071 
Pedestrian 15 0 -9999.0 -9999.0 -9999.0 -9999.0 1.8745030820377138 0.8644069027961834 0.9673300582494323 -20.124342929151304 11.442756283843687 -1.0045284843963218 -2.4179018276259683 
Pedestrian 2 0 -9999.0 -9999.0 -9999.0 -9999.0 1.8180191450657555 0.8398610138823817 0.8299174556953087 -31.71657155974073 21.368431251881386 -1.416576703089457 0.6476508280923081 
Pedestrian 5 0 -9999.0 -9999.0 -9999.0 -9999.0 1.77689350557476 0.8759052541655915 0.8532905991415365 -14.456416689505158 5.974728604020682 -0.9379406406174023 -2.4648281461596007 
Pedestrian 6 0 -9999.0 -9999.0 -9999.0 -9999.0 1.7042638125962326 0.7388788228361965 0.8819539752008805 -13.890595917629199 6.63792266671274 -1.0318694137530084 -2.4648281065617663 
Pedestrian 8 0 -9999.0 -9999.0 -9999.0 -9999.0 1.8745030820377138 0.946695691445048 0.8012092159177616 -13.274481678227023 5.605702107771638 -0.8677367063976746 -2.464828151787035 
Pedestrian 105 0 -9999.0 -9999.0 -9999.0 -9999.0 1.862645626271842 0.8159393022725835 0.7793880290829952 -13.34877854635149 7.054031127849293 -0.9984432718318154 -2.4866591590926745 
Pedestrian 101 0 -9999.0 -9999.0 -9999.0 -9999.0 1.9993509018932334 1.0231731480755122 1 -17.077805467197336 8.207820369039807 -0.8259837507961354 0.7325721894545278 
Pedestrian 20 0 -9999.0 -9999.0 -9999.0 -9999.0 1.8745030820377138 0.946695691445048 0.8012092159177616 -12.80266668226469 6.370270189077268 -0.9412400728868461 -2.4648281461566803 
