Pedestrian 1 0 -9999.0 -9999.0 -9999.0 -9999.0 1.7846325621884431 0.9821603155360864 0.7953061774217305 -47.5300068410652 32.72039009936452 -1.810321441243992 0.6578904961859253 
Pedestrian 3 0 -9999.0 -9999.0 -9999.0 -9999.0 1.8745030820377138 0.8041188004226854 0.8947841102792089 -29.23902862617508 17.294393187239763 -1.1484190705430466 0.09903982758623187 
Pedestrian 15 0 -9999.0 -9999.0 -9999.0 -9999.0 1.8745030820377138 0.8644069027961834 0.9673300582494323 -24.017573338582846 13.645830060088288 -0.9943109829248288 -2.4179018276270803 
Pedestrian 2 0 -9999.0 -9999.0 -9999.0 -9999.0 1.8180191450657555 0.8398610138823817 0.8299174556953087 -29.77564791047835 19.944405341642135 -1.2815111136868136 0.6476600426461694 
Pedestrian 5 0 -9999.0 -9999.0 -9999.0 -9999.0 1.77689350557476 0.8759052541655915 0.8532905991415365 -17.347295695816133 7.978242310511024 -0.7127108417428585 -2.4648281461596007 
Pedestrian 6 0 -9999.0 -9999.0 -9999.0 -9999.0 1.7042638125962326 0.7388788228361965 0.8819539752008805 -16.65343687332941 8.568925998954532 -0.7950506801915951 -2.4648281461596007 
Pedestrian 8 0 -9999.0 -9999.0 -9999.0 -9999.0 1.8745030820377138 0.946695691445048 0.8012092159177616 -15.485285603955921 7.3522526081160695 -0.7248969459677284 -2.464828151787035 
Pedestrian 105 0 -9999.0 -9999.0 -9999.0 -9999.0 1.862645626271842 0.8159393022725835 0.7793880290829952 -16.09316634294279 9.023189849130212 -0.7589327162958447 -2.4866591590926745 
Pedestrian 20 0 -9999.0 -9999.0 -9999.0 -9999.0 1.8745030820377138 0.946695691445048 0.8012092159177616 -15.08252505487916 8.121114522588472 -0.790542871766049 -2.4648281462194905 
Pedestrian 100 0 -9999.0 -9999.0 -9999.0 -9999.0 1.8745030820377138 0.946695691445048 0.9198436381441675 -14.372212234949654 6.721905529775281 -0.7363522745370441 -2.464828151787035 
