Pedestrian 1 0 -9999.0 -9999.0 -9999.0 -9999.0 1.7846325621884431 0.9821603155360864 0.7953061774217305 -51.0433364540914 34.84646371629207 -1.938735460068918 0.4796413510608506 
Pedestrian 3 0 -9999.0 -9999.0 -9999.0 -9999.0 1.8745030820377138 0.8041188004226854 0.8947841102792089 -30.061964434094424 17.85032196500907 -1.1575900026204138 0.6838203499972284 
Pedestrian 15 0 -9999.0 -9999.0 -9999.0 -9999.0 1.8745030820377138 0.8644069027961834 0.9673300582494323 -20.402583607304933 11.528767577882267 -1.0183201287029195 -2.417901827624716 
Pedestrian 2 0 -9999.0 -9999.0 -9999.0 -9999.0 1.8180191450657555 0.8398610138823817 0.8299174556953087 -31.585090023305046 21.25247075632801 -1.4013961231060201 0.647650576977207 
Pedestrian 5 0 -9999.0 -9999.0 -9999.0 -9999.0 1.77689350557476 0.8759052541655915 0.8532905991415365 -14.704549525541745 6.05046798787082 -0.9673350273005592 -2.4648282399418022 
Pedestrian 6 0 -9999.0 -9999.0 -9999.0 -9999.0 1.7042638125962326 0.7388788228361965 0.8819539752008805 -14.105104314566654 6.640915065064421 -1.0713440796700797 -2.4648281461596007 
Pedestrian 8 0 -9999.0 -9999.0 -9999.0 -9999.0 1.8745030820377138 0.946695691445048 0.8012092159177616 -13.481889110489988 5.83107094395004 -0.9400992635811531 -2.464828151787035 
Pedestrian 105 0 -9999.0 -9999.0 -9999.0 -9999.0 1.862645626271842 0.8159393022725835 0.7793880290829952 -13.62577840779235 7.051354201447723 -1.02873260071864 -2.4866591590926745 
Pedestrian 101 0 -9999.0 -9999.0 -9999.0 -9999.0 1.9993509018932334 1.0231731480755122 1 -16.89594282546636 8.00375908420147 -0.851141828178747 0.731518586642042 
Pedestrian 20 0 -9999.0 -9999.0 -9999.0 -9999.0 1.8745030820377138 0.946695691445048 0.8012092159177616 -12.948203930862197 6.498473256231695 -1.005222977296839 -2.4648281461584283 
