Pedestrian 1 0 -9999.0 -9999.0 -9999.0 -9999.0 1.7846325621884431 0.9821603155360864 0.7953061774217305 -46.4895543523147 31.956228289904125 -1.7582327643604625 0.657845348166826 
Pedestrian 3 0 -9999.0 -9999.0 -9999.0 -9999.0 1.8745030820377138 0.8041188004226854 0.8947841102792089 -29.118420171949996 17.169965806492115 -1.116907625295224 -0.5102953491261388 
Pedestrian 15 0 -9999.0 -9999.0 -9999.0 -9999.0 1.8745030820377138 0.8644069027961834 0.9673300582494323 -25.080141907651655 14.567213340119794 -1.006498957134553 -2.4179018294295282 
Pedestrian 2 0 -9999.0 -9999.0 -9999.0 -9999.0 1.8180191450657555 0.8398610138823817 0.8299174556953087 -29.063321755935682 19.23778347856538 -1.2574024695214487 0.6476834785183598 
Pedestrian 5 0 -9999.0 -9999.0 -9999.0 -9999.0 1.77689350557476 0.8759052541655915 0.8532905991415365 -17.73661526611356 8.837090784251597 -0.8740683350059438 -2.4651935447026787 
Pedestrian 6 0 -9999.0 -9999.0 -9999.0 -9999.0 1.7042638125962326 0.7388788228361965 0.8819539752008805 -17.212349313995368 9.145230195803771 -0.9502011301555707 -2.4648281461596007 
Pedestrian 8 0 -9999.0 -9999.0 -9999.0 -9999.0 1.8745030820377138 0.946695691445048 0.8012092159177616 -16.205670139674908 7.710427465155606 -0.7571744327573733 -2.464828151787035 
Pedestrian 105 0 -9999.0 -9999.0 -9999.0 -9999.0 1.862645626271842 0.8159393022725835 0.7793880290829952 -16.82394361679821 9.552512436357937 -0.9258632691282124 -2.4866591590926745 
Pedestrian 20 0 -9999.0 -9999.0 -9999.0 -9999.0 1.8745030820377138 0.946695691445048 0.8012092159177616 -15.684259896022693 8.41598657489788 -0.8123439993984751 -2.464828145921535 
Pedestrian 100 0 -9999.0 -9999.0 -9999.0 -9999.0 1.8745030820377138 0.946695691445048 0.9198436381441675 -15.107265785914704 7.31002449307941 -0.7617537796619978 -2.464828151787035 
