Pedestrian 1 0 -9999.0 -9999.0 -9999.0 -9999.0 1.7846325621884431 0.9821603155360864 0.7953061774217305 -53.49466839310244 36.02554037516878 -1.9959401539571269 0.46271241676807584 
Pedestrian 3 0 -9999.0 -9999.0 -9999.0 -9999.0 1.8745030820377138 0.8041188004226854 0.8947841102792089 -31.115990665008365 18.745612579906847 -1.1148663249856587 0.6827694482084352 
Pedestrian 15 0 -9999.0 -9999.0 -9999.0 -9999.0 1.8745030820377138 0.8644069027961834 0.9673300582494323 -17.82139426231504 10.197243180677434 -0.8840913939103943 -2.417901827627091 
Pedestrian 2 0 -9999.0 -9999.0 -9999.0 -9999.0 1.8180191450657555 0.8398610138823817 0.8299174556953087 -33.02759483099904 22.365871598918257 -1.353644113762838 0.6476509507373152 
Pedestrian 5 0 -9999.0 -9999.0 -9999.0 -9999.0 1.77689350557476 0.8759052541655915 0.8532905991415365 -13.63020570918175 4.684123025932563 -0.8802018368284464 -2.464828146988431 
Pedestrian 6 0 -9999.0 -9999.0 -9999.0 -9999.0 1.7042638125962326 0.7388788228361965 0.8819539752008805 -13.075039489643636 5.303508773565015 -0.9866352944792155 -2.4648281461596024 
Pedestrian 8 0 -9999.0 -9999.0 -9999.0 -9999.0 1.8745030820377138 0.946695691445048 0.8012092159177616 -12.000335118994807 4.74256400440609 -0.8774264556081443 -2.464828151787035 
Pedestrian 105 0 -9999.0 -9999.0 -9999.0 -9999.0 1.862645626271842 0.8159393022725835 0.7793880290829952 -12.47936974112975 5.861099939801857 -0.9414473325672015 -2.4866591590926745 
Pedestrian 101 0 -9999.0 -9999.0 -9999.0 -9999.0 1.9993509018932334 1.0231731480755122 1 -19.33122430297368 10.201295181184761 -0.6392503245667491 0.7351349074397513 
Pedestrian 20 0 -9999.0 -9999.0 -9999.0 -9999.0 1.8745030820377138 0.946695691445048 0.8012092159177616 -11.445748093040054 5.361237810574005 -0.9302010030423259 -2.4648281461350994 
