Pedestrian 1 0 -9999.0 -9999.0 -9999.0 -9999.0 1.7846325621884431 0.9821603155360864 0.7953061774217305 -46.70186251305803 32.103652295496715 -1.7701805332533571 0.6578414439251619 
Pedestrian 3 0 -9999.0 -9999.0 -9999.0 -9999.0 1.8745030820377138 0.8041188004226854 0.8947841102792089 -29.127850656317857 17.17282707435472 -1.1434165298081105 -0.3927879020324916 
Pedestrian 15 0 -9999.0 -9999.0 -9999.0 -9999.0 1.8745030820377138 0.8644069027961834 0.9673300582494323 -24.836277742386333 14.42230661064679 -1.0106605922270027 -2.4179018288536085 
Pedestrian 2 0 -9999.0 -9999.0 -9999.0 -9999.0 1.8180191450657555 0.8398610138823817 0.8299174556953087 -29.226712855783394 19.40220387819929 -1.2762749590141855 0.6476826875327522 
Pedestrian 5 0 -9999.0 -9999.0 -9999.0 -9999.0 1.77689350557476 0.8759052541655915 0.8532905991415365 -17.917775755246833 8.328518921669652 -0.8516016159114346 -2.4648281461596007 
Pedestrian 6 0 -9999.0 -9999.0 -9999.0 -9999.0 1.7042638125962326 0.7388788228361965 0.8819539752008805 -17.25008675962121 8.851770061174907 -0.9361447992457153 -2.4648281461596007 
Pedestrian 8 0 -9999.0 -9999.0 -9999.0 -9999.0 1.8745030820377138 0.946695691445048 0.8012092159177616 -16.08087201784324 7.681753089204688 -0.8237467436467697 -2.464828151787035 
Pedestrian 105 0 -9999.0 -9999.0 -9999.0 -9999.0 1.862645626271842 0.8159393022725835 0.7793880290829952 -16.67568176350635 9.447175161198077 -0.9048852177417112 -2.4866591590926745 
Pedestrian 20 0 -9999.0 -9999.0 -9999.0 -9999.0 1.8745030820377138 0.946695691445048 0.8012092159177616 -15.542188548595494 8.355321333646325 -0.872039273692662 -2.4648281461596007 
Pedestrian 100 0 -9999.0 -9999.0 -9999.0 -9999.0 1.8745030820377138 0.946695691445048 0.9198436381441675 -15.025557499509318 7.278642739610264 -0.8093481386961243 -2.464828151787035 
