Pedestrian 1 0 -9999.0 -9999.0 -9999.0 -9999.0 1.7846325621884431 0.9821603155360864 0.7953061774217305 -50.34711664928508 34.4765536090517 -1.8883266565267534 0.5971361176875369 
Pedestrian 3 0 -9999.0 -9999.0 -9999.0 -9999.0 1.8745030820377138 0.8041188004226854 0.8947841102792089 -29.778116662431096 17.65003595295573 -1.0713818620445508 0.7518015829371834 
Pedestrian 15 0 -9999.0 -9999.0 -9999.0 -9999.0 1.8745030820377138 0.8644069027961834 0.9673300582494323 -21.216427038094984 11.723634617554618 -1.0587161780352805 -2.4179018276245117 
Pedestrian 2 0 -9999.0 -9999.0 -9999.0 -9999.0 1.8180191450657555 0.8398610138823817 0.8299174556953087 -31.222224856660556 20.89441466895985 -1.3330182799684709 0.6476490303979876 
Pedestrian 5 0 -9999.0 -9999.0 -9999.0 -9999.0 1.77689350557476 0.8759052541655915 0.8532905991415365 -15.32631424318697 6.435161330906815 -0.9395439607389743 -2.4648281461596007 
Pedestrian 6 0 -9999.0 -9999.0 -9999.0 -9999.0 1.7042638125962326 0.7388788228361965 0.8819539752008805 -14.85666416159088 7.058322804583243 -1.0482372693492858 -2.4648281461596007 
Pedestrian 8 0 -9999.0 -9999.0 -9999.0 -9999.0 1.8745030820377138 0.946695691445048 0.8012092159177616 -13.646353014806989 6.092885121346562 -0.8955001384842611 -2.464828151787035 
Pedestrian 105 0 -9999.0 -9999.0 -9999.0 -9999.0 1.862645626271842 0.8159393022725835 0.7793880290829952 -14.309567836850704 7.3976937092266555 -1.0009013273522114 -2.4866591590926745 
Pedestrian 101 0 -9999.0 -9999.0 -9999.0 -9999.0 1.9993509018932334 1.0231731480755122 1 -16.598392792449523 7.403087670067142 -0.8203147977005114 0.7617346689237232 
Pedestrian 20 0 -9999.0 -9999.0 -9999.0 -9999.0 1.8745030820377138 0.946695691445048 0.8012092159177616 -13.198243007193122 6.718674900585792 -0.9506772303367392 -2.464828146158796 
