Pedestrian 1 0 -9999.0 -9999.0 -9999.0 -9999.0 1.7846325621884431 0.9821603155360864 0.7953061774217305 -52.78080235304969 35.700869964693275 -1.9874136149976633 0.4586415029188302 
Pedestrian 3 0 -9999.0 -9999.0 -9999.0 -9999.0 1.8745030820377138 0.8041188004226854 0.8947841102792089 -30.844821835434796 18.478807109046766 -1.1366569082205382 0.687702418920388 
Pedestrian 15 0 -9999.0 -9999.0 -9999.0 -9999.0 1.8745030820377138 0.8644069027961834 0.9673300582494323 -18.452078573460746 10.670289604967596 -0.7205826515418892 -2.4179018276270803 
Pedestrian 2 0 -9999.0 -9999.0 -9999.0 -9999.0 1.8180191450657555 0.8398610138823817 0.8299174556953087 -32.64279203575254 22.09054573865618 -1.3707942479146469 0.6476510379261935 
Pedestrian 5 0 -9999.0 -9999.0 -9999.0 -9999.0 1.77689350557476 0.8759052541655915 0.8532905991415365 -13.964029703223503 4.936522207267132 -0.678288801070893 -2.4648281439178774 
Pedestrian 6 0 -9999.0 -9999.0 -9999.0 -9999.0 1.7042638125962326 0.7388788228361965 0.8819539752008805 -13.428406875927877 5.5799599750585305 -0.7851957216222698 -2.464855922464082 
Pedestrian 8 0 -9999.0 -9999.0 -9999.0 -9999.0 1.8745030820377138 0.946695691445048 0.8012092159177616 -12.2266834726037 5.028482217313498 -0.6818061782596856 -2.464828151787035 
Pedestrian 105 0 -9999.0 -9999.0 -9999.0 -9999.0 1.862645626271842 0.8159393022725835 0.7793880290829952 -12.823208698962084 6.129216900544806 -0.7539368973019054 -2.4866591590926745 
Pedestrian 101 0 -9999.0 -9999.0 -9999.0 -9999.0 1.9993509018932334 1.0231731480755122 1 -18.651833840588118 9.663161435221895 -0.5788039731348709 0.7346568651287244 
Pedestrian 20 0 -9999.0 -9999.0 -9999.0 -9999.0 1.8745030820377138 0.946695691445048 0.8012092159177616 -11.728948736305133 5.673084624160924 -0.7294397554849154 -2.464828146140139 
