Pedestrian 1 0 -9999.0 -9999.0 -9999.0 -9999.0 1.7846325621884431 0.9821603155360864 0.7953061774217305 -54.993896372455794 37.04230667617285 -2.301555885843347 0.5875531545244748 
Pedestrian 3 0 -9999.0 -9999.0 -9999.0 -9999.0 1.8745030820377138 0.8041188004226854 0.8947841102792089 -31.958687658970486 19.620736114113747 -1.160355839724687 0.6838203499972284 
Pedestrian 15 0 -9999.0 -9999.0 -9999.0 -9999.0 1.8745030820377138 0.8644069027961834 0.9673300582494323 -16.208536577366015 8.481264169320232 -0.9672484435354036 -2.417901827627084 
Pedestrian 2 0 -9999.0 -9999.0 -9999.0 -9999.0 1.8180191450657555 0.8398610138823817 0.8299174556953087 -34.09891148233462 23.161149765262483 -1.4340398006378838 0.6476508094691553 
Pedestrian 5 0 -9999.0 -9999.0 -9999.0 -9999.0 1.77689350557476 0.8759052541655915 0.8532905991415365 -12.486025944067485 4.322285479563542 -0.8326772366779152 -2.4648281461596007 
Pedestrian 6 0 -9999.0 -9999.0 -9999.0 -9999.0 1.7042638125962326 0.7388788228361965 0.8819539752008805 -11.989935196071409 4.98493488983331 -0.9141940249913886 -2.464828146214739 
Pedestrian 8 0 -9999.0 -9999.0 -9999.0 -9999.0 1.8745030820377138 0.946695691445048 0.8012092159177616 -10.986795873103057 3.7986777160234393 -0.7644626765500597 -2.464828151787035 
Pedestrian 105 0 -9999.0 -9999.0 -9999.0 -9999.0 1.862645626271842 0.8159393022725835 0.7793880290829952 -11.462551437269255 5.471229747437012 -0.8834592123353261 -2.4866591590926745 
Pedestrian 101 0 -9999.0 -9999.0 -9999.0 -9999.0 1.9993509018932334 1.0231731480755122 1 -21.417669129360036 11.630238360072788 -0.8582093494769405 0.7350102568704457 
Pedestrian 20 0 -9999.0 -9999.0 -9999.0 -9999.0 1.8745030820377138 0.946695691445048 0.8012092159177616 -10.467956112961403 4.430819108967808 -0.8044157703264145 -2.4648281461211496 
