Pedestrian 1 0 -9999.0 -9999.0 -9999.0 -9999.0 1.7846325621884431 0.9821603155360864 0.7953061774217305 -53.204265722024886 35.91797565477075 -1.9983711740373593 0.46141582985791985 
Pedestrian 3 0 -9999.0 -9999.0 -9999.0 -9999.0 1.8745030820377138 0.8041188004226854 0.8947841102792089 -31.016461766072208 18.65821635157043 -1.117817677555692 0.6838203499972284 
Pedestrian 15 0 -9999.0 -9999.0 -9999.0 -9999.0 1.8745030820377138 0.8644069027961834 0.9673300582494323 -18.08233163254491 10.39465155834652 -0.7716501611162788 -2.4179018276270963 
Pedestrian 2 0 -9999.0 -9999.0 -9999.0 -9999.0 1.8180191450657555 0.8398610138823817 0.8299174556953087 -32.89860726118863 22.280139274472393 -1.3528022993045685 0.6476509811664428 
Pedestrian 5 0 -9999.0 -9999.0 -9999.0 -9999.0 1.77689350557476 0.8759052541655915 0.8532905991415365 -13.7684067957934 4.743465479907667 -0.7901168641526385 -2.4648281461596007 
Pedestrian 6 0 -9999.0 -9999.0 -9999.0 -9999.0 1.7042638125962326 0.7388788228361965 0.8819539752008805 -13.242205686245818 5.413114327096441 -0.8786844060625946 -2.4648281461596007 
Pedestrian 8 0 -9999.0 -9999.0 -9999.0 -9999.0 1.8745030820377138 0.946695691445048 0.8012092159177616 -12.049926829768328 4.854698976892576 -0.8173719486367858 -2.464828151787035 
Pedestrian 105 0 -9999.0 -9999.0 -9999.0 -9999.0 1.862645626271842 0.8159393022725835 0.7793880290829952 -12.512513780539747 5.8847210949464985 -0.8643862227868224 -2.4866591590926745 
Pedestrian 101 0 -9999.0 -9999.0 -9999.0 -9999.0 1.9993509018932334 1.0231731480755122 1 -19.09040777841338 10.02454025648894 -0.5958423637832979 0.7350213200564628 
Pedestrian 20 0 -9999.0 -9999.0 -9999.0 -9999.0 1.8745030820377138 0.946695691445048 0.8012092159177616 -11.50033136624026 5.48121475501852 -0.8642948764165486 -2.4648281461366857 
