Pedestrian 1 0 -9999.0 -9999.0 -9999.0 -9999.0 1.7846325621884431 0.9821603155360864 0.7953061774217305 -55.20684590418564 37.10752153447965 -2.4668578272892736 0.5880408694379842 
Pedestrian 3 0 -9999.0 -9999.0 -9999.0 -9999.0 1.8745030820377138 0.8041188004226854 0.8947841102792089 -32.217797088100745 19.775733528154753 -1.1772121182934012 0.6837062731993155 
Pedestrian 15 0 -9999.0 -9999.0 -9999.0 -9999.0 1.8745030820377138 0.8644069027961834 0.9673300582494323 -15.8447645732752 8.10572531455652 -1.0334201288916376 -2.4179018276270803 
Pedestrian 2 0 -9999.0 -9999.0 -9999.0 -9999.0 1.8180191450657555 0.8398610138823817 0.8299174556953087 -34.32433951334633 23.34249277711879 -1.4422624394979773 0.6476508190590966 
Pedestrian 5 0 -9999.0 -9999.0 -9999.0 -9999.0 1.77689350557476 0.8759052541655915 0.8532905991415365 -12.267160193774608 4.077670302215064 -0.9884451679578298 -2.4648281462666723 
Pedestrian 6 0 -9999.0 -9999.0 -9999.0 -9999.0 1.7042638125962326 0.7388788228361965 0.8819539752008805 -11.772968710209252 4.755839171857169 -1.0801575160580017 -2.4648281461596007 
Pedestrian 8 0 -9999.0 -9999.0 -9999.0 -9999.0 1.8745030820377138 0.946695691445048 0.8012092159177616 -10.869581076129352 3.290900506785391 -0.8521367565660682 -2.464828151787035 
Pedestrian 105 0 -9999.0 -9999.0 -9999.0 -9999.0 1.862645626271842 0.8159393022725835 0.7793880290829952 -11.357498005022533 5.272159945135052 -1.0450444648305954 -2.4866591590926745 
Pedestrian 101 0 -9999.0 -9999.0 -9999.0 -9999.0 1.9993509018932334 1.0231731480755122 1 -21.91483999035467 11.947733434892305 -0.8919815909205536 0.735023421300653 
Pedestrian 20 0 -9999.0 -9999.0 -9999.0 -9999.0 1.8745030820377138 0.946695691445048 0.8012092159177616 -10.146957561685554 4.143630661263465 -0.9316026044967369 -2.4648281461180854 
