Pedestrian 1 0 -9999.0 -9999.0 -9999.0 -9999.0 1.7846325621884431 0.9821603155360864 0.7953061774217305 -54.11003983653506 36.41194172336741 -1.9917733200113237 0.4590800618044506 
Pedestrian 3 0 -9999.0 -9999.0 -9999.0 -9999.0 1.8745030820377138 0.8041188004226854 0.8947841102792089 -31.436681977685126 19.01451885882673 -1.1253193293051271 0.6833064137955054 
Pedestrian 15 0 -9999.0 -9999.0 -9999.0 -9999.0 1.8745030820377138 0.8644069027961834 0.9673300582494323 -17.199905470782625 9.689637571403122 -0.9851787177023271 -2.417901827627073 
Pedestrian 2 0 -9999.0 -9999.0 -9999.0 -9999.0 1.8180191450657555 0.8398610138823817 0.8299174556953087 -33.412988533959535 22.608871426350834 -1.383456897007024 0.6476508661451028 
Pedestrian 5 0 -9999.0 -9999.0 -9999.0 -9999.0 1.77689350557476 0.8759052541655915 0.8532905991415365 -13.134467708831112 4.582931689375532 -0.7271812149498647 -2.4648281461596007 
Pedestrian 6 0 -9999.0 -9999.0 -9999.0 -9999.0 1.7042638125962326 0.7388788228361965 0.8819539752008805 -12.685207155655156 5.20169028724978 -0.8317779255408577 -2.4648281461596007 
Pedestrian 8 0 -9999.0 -9999.0 -9999.0 -9999.0 1.8745030820377138 0.946695691445048 0.8012092159177616 -11.893873490432453 4.311195118280537 -0.735384369351056 -2.464828151787035 
Pedestrian 105 0 -9999.0 -9999.0 -9999.0 -9999.0 1.862645626271842 0.8159393022725835 0.7793880290829952 -12.14824537248706 5.666900412923718 -0.786709218272043 -2.4866591590926745 
Pedestrian 101 0 -9999.0 -9999.0 -9999.0 -9999.0 1.9993509018932334 1.0231731480755122 1 -20.099099661197798 10.718596305936288 -0.823443762726694 0.7350780350251958 
Pedestrian 20 0 -9999.0 -9999.0 -9999.0 -9999.0 1.8745030820377138 0.946695691445048 0.8012092159177616 -11.372599329103846 5.038241169860644 -0.7786634523498929 -2.4648281461304027 
