Pedestrian 1 0 -9999.0 -9999.0 -9999.0 -9999.0 1.7846325621884431 0.9821603155360864 0.7953061774217305 -54.7693997339979 36.843938106226034 -2.1361839587413893 0.5852179112539737 
Pedestrian 3 0 -9999.0 -9999.0 -9999.0 -9999.0 1.8745030820377138 0.8041188004226854 0.8947841102792089 -31.773038707767743 19.42698044801662 -1.147716708838253 0.6841049106824331 
Pedestrian 15 0 -9999.0 -9999.0 -9999.0 -9999.0 1.8745030820377138 0.8644069027961834 0.9673300582494323 -16.53891165495657 8.963842455874593 -0.9359406796280481 -2.4179018276270856 
Pedestrian 2 0 -9999.0 -9999.0 -9999.0 -9999.0 1.8180191450657555 0.8398610138823817 0.8299174556953087 -33.878661198655564 22.971119009390858 -1.4228436223981007 0.647650811164028 
Pedestrian 5 0 -9999.0 -9999.0 -9999.0 -9999.0 1.77689350557476 0.8759052541655915 0.8532905991415365 -12.693653723910208 4.32923174861566 -0.8725728801665752 -2.464828145872744 
Pedestrian 6 0 -9999.0 -9999.0 -9999.0 -9999.0 1.7042638125962326 0.7388788228361965 0.8819539752008805 -12.346071374497761 5.10539758901171 -0.9818067218748213 -2.4648281461596007 
Pedestrian 8 0 -9999.0 -9999.0 -9999.0 -9999.0 1.8745030820377138 0.946695691445048 0.8012092159177616 -11.313388305128594 4.081562926816095 -0.7998117380823916 -2.464828151787035 
Pedestrian 105 0 -9999.0 -9999.0 -9999.0 -9999.0 1.862645626271842 0.8159393022725835 0.7793880290829952 -11.743437431046369 5.447443947810319 -0.9222880899949003 -2.4866591590926745 
Pedestrian 101 0 -9999.0 -9999.0 -9999.0 -9999.0 1.9993509018932334 1.0231731480755122 1 -20.987187313711114 11.333163205911116 -0.8770138883879276 0.7349812982236026 
Pedestrian 20 0 -9999.0 -9999.0 -9999.0 -9999.0 1.8745030820377138 0.946695691445048 0.8012092159177616 -10.806508704887175 4.7156879701623495 -0.8388084957384209 -2.4648281461242085 
