Pedestrian 1 0 -9999.0 -9999.0 -9999.0 -9999.0 1.7846325621884431 0.9821603155360864 0.7953061774217305 -50.8203320684068 34.72790265992069 -1.91907063148517 0.5135784711253963 
Pedestrian 3 0 -9999.0 -9999.0 -9999.0 -9999.0 1.8745030820377138 0.8041188004226854 0.8947841102792089 -29.960435808679378 17.78162465112391 -1.1325105854636648 0.7102568382744971 
Pedestrian 15 0 -9999.0 -9999.0 -9999.0 -9999.0 1.8745030820377138 0.8644069027961834 0.9673300582494323 -20.678892469079855 11.604420787280707 -1.033614374502509 -2.417901827623771 
Pedestrian 2 0 -9999.0 -9999.0 -9999.0 -9999.0 1.8180191450657555 0.8398610138823817 0.8299174556953087 -31.45907426664268 21.130588396018283 -1.3796862383005482 0.6476502106991102 
Pedestrian 5 0 -9999.0 -9999.0 -9999.0 -9999.0 1.77689350557476 0.8759052541655915 0.8532905991415365 -14.944338230063003 6.170522481692223 -0.8720993407944743 -2.4648283222733554 
Pedestrian 6 0 -9999.0 -9999.0 -9999.0 -9999.0 1.7042638125962326 0.7388788228361965 0.8819539752008805 -14.380141986215634 6.7783876470800974 -0.9761660155552818 -2.4648281461596007 
Pedestrian 8 0 -9999.0 -9999.0 -9999.0 -9999.0 1.8745030820377138 0.946695691445048 0.8012092159177616 -13.56543649873807 5.967435874973792 -0.8972930982584748 -2.464828151787035 
Pedestrian 105 0 -9999.0 -9999.0 -9999.0 -9999.0 1.862645626271842 0.8159393022725835 0.7793880290829952 -13.906315978918123 7.318419154196973 -0.9509701109561286 -2.4866591590926745 
Pedestrian 101 0 -9999.0 -9999.0 -9999.0 -9999.0 1.9993509018932334 1.0231731480755122 1 -16.705759710949838 7.760491122011847 -0.8599524630605864 0.7350213200564628 
Pedestrian 20 0 -9999.0 -9999.0 -9999.0 -9999.0 1.8745030820377138 0.946695691445048 0.8012092159177616 -13.014019377585937 6.643752381741337 -0.9557745006312772 -2.464828146159462 
