Pedestrian 1 0 -9999.0 -9999.0 -9999.0 -9999.0 1.7846325621884431 0.9821603155360864 0.7953061774217305 -54.489960690343324 36.5589396259581 -2.026209346736235 0.5436005946909841 
Pedestrian 3 0 -9999.0 -9999.0 -9999.0 -9999.0 1.8745030820377138 0.8041188004226854 0.8947841102792089 -31.617217618056397 19.214757070468494 -1.1369566456262166 0.6841044533858796 
Pedestrian 15 0 -9999.0 -9999.0 -9999.0 -9999.0 1.8745030820377138 0.8644069027961834 0.9673300582494323 -16.85922667446986 9.385049786717031 -0.9443499931828742 -2.4179018276270803 
Pedestrian 2 0 -9999.0 -9999.0 -9999.0 -9999.0 1.8180191450657555 0.8398610138823817 0.8299174556953087 -33.65305547315041 22.782065395091756 -1.4065512840091954 0.6476508287040232 
Pedestrian 5 0 -9999.0 -9999.0 -9999.0 -9999.0 1.77689350557476 0.8759052541655915 0.8532905991415365 -12.829085252201244 4.324139717922555 -0.7912744098915487 -2.4648281457337795 
Pedestrian 6 0 -9999.0 -9999.0 -9999.0 -9999.0 1.7042638125962326 0.7388788228361965 0.8819539752008805 -12.467662680952463 5.133793997315342 -0.9013419822116939 -2.4648281461596007 
Pedestrian 8 0 -9999.0 -9999.0 -9999.0 -9999.0 1.8745030820377138 0.946695691445048 0.8012092159177616 -11.769116605174846 4.0699660142182 -0.7493843741026341 -2.464828151787035 
Pedestrian 105 0 -9999.0 -9999.0 -9999.0 -9999.0 1.862645626271842 0.8159393022725835 0.7793880290829952 -11.943373116778755 5.54953721585592 -0.8645299250394385 -2.4866591590926745 
Pedestrian 101 0 -9999.0 -9999.0 -9999.0 -9999.0 1.9993509018932334 1.0231731480755122 1 -20.566336256399573 11.035343919951703 -0.8862840472244395 0.7349879752235218 
Pedestrian 20 0 -9999.0 -9999.0 -9999.0 -9999.0 1.8745030820377138 0.946695691445048 0.8012092159177616 -11.162791871620806 4.867013378719107 -0.8205141604762399 -2.464828146127296 
