Pedestrian 1 0 -9999.0 -9999.0 -9999.0 -9999.0 1.7846325621884431 0.9821603155360864 0.7953061774217305 -50.1169338141248 34.35693607554525 -1.8832170977202884 0.6336001137071445 
Pedestrian 3 0 -9999.0 -9999.0 -9999.0 -9999.0 1.8745030820377138 0.8041188004226854 0.8947841102792089 -29.699337051505424 17.590806071259482 -1.044049530724362 0.7383870965821986 
Pedestrian 15 0 -9999.0 -9999.0 -9999.0 -9999.0 1.8745030820377138 0.8644069027961834 0.9673300582494323 -21.480310569572037 11.774533464233505 -1.006976848844424 -2.4179018276270803 
Pedestrian 2 0 -9999.0 -9999.0 -9999.0 -9999.0 1.8180191450657555 0.8398610138823817 0.8299174556953087 -31.113975743922584 20.798854030134216 -1.3182491343568539 0.6476481751674648 
Pedestrian 5 0 -9999.0 -9999.0 -9999.0 -9999.0 1.77689350557476 0.8759052541655915 0.8532905991415365 -15.419965354321596 6.553133488429594 -0.8841109189935831 -2.4648277805508645 
Pedestrian 6 0 -9999.0 -9999.0 -9999.0 -9999.0 1.7042638125962326 0.7388788228361965 0.8819539752008805 -15.011760788698963 7.189280963310196 -0.9921569321268964 -2.4648281461596007 
Pedestrian 8 0 -9999.0 -9999.0 -9999.0 -9999.0 1.8745030820377138 0.946695691445048 0.8012092159177616 -13.77118986787253 6.151871701599537 -0.8639874064067352 -2.464828151787035 
Pedestrian 105 0 -9999.0 -9999.0 -9999.0 -9999.0 1.862645626271842 0.8159393022725835 0.7793880290829952 -14.428266847814303 7.576666572601084 -0.9342118964059601 -2.4866591590926745 
Pedestrian 101 0 -9999.0 -9999.0 -9999.0 -9999.0 1.9993509018932334 1.0231731480755122 1 -16.589070046094587 7.20968511216916 -0.7808727919149137 0.7818773893404316 
Pedestrian 20 0 -9999.0 -9999.0 -9999.0 -9999.0 1.8745030820377138 0.946695691445048 0.8012092159177616 -13.27043950858617 6.789809586257057 -0.9140658504944604 -2.4648281461576413 
