Pedestrian 1 0 -9999.0 -9999.0 -9999.0 -9999.0 1.7846325621884431 0.9821603155360864 0.7953061774217305 -47.94447513143423 33.00877506695962 -1.8178519523771282 0.6577937864336478 
Pedestrian 3 0 -9999.0 -9999.0 -9999.0 -9999.0 1.8745030820377138 0.8041188004226854 0.8947841102792089 -29.298830606434063 17.345741455744985 -1.11920984356758 0.14697853963357232 
Pedestrian 15 0 -9999.0 -9999.0 -9999.0 -9999.0 1.8745030820377138 0.8644069027961834 0.9673300582494323 -23.562987499990093 13.294139844598032 -0.9567313561558137 -2.417901827963707 
Pedestrian 2 0 -9999.0 -9999.0 -9999.0 -9999.0 1.8180191450657555 0.8398610138823817 0.8299174556953087 -29.97120416029811 20.062671643556605 -1.2482917001194103 0.6476491525653492 
Pedestrian 5 0 -9999.0 -9999.0 -9999.0 -9999.0 1.77689350557476 0.8759052541655915 0.8532905991415365 -17.123992788039335 7.7527208275600055 -0.7613985006109054 -2.4648214871713545 
Pedestrian 6 0 -9999.0 -9999.0 -9999.0 -9999.0 1.7042638125962326 0.7388788228361965 0.8819539752008805 -16.627924681008903 8.261505681854805 -0.8591066335594755 -2.4648281461596007 
Pedestrian 8 0 -9999.0 -9999.0 -9999.0 -9999.0 1.8745030820377138 0.946695691445048 0.8012092159177616 -15.282269285146908 7.070437959288044 -0.7566451363870061 -2.464828151787035 
Pedestrian 105 0 -9999.0 -9999.0 -9999.0 -9999.0 1.862645626271842 0.8159393022725835 0.7793880290829952 -15.813192498979497 8.795349079353892 -0.8363739000180909 -2.4866591590926745 
Pedestrian 20 0 -9999.0 -9999.0 -9999.0 -9999.0 1.8745030820377138 0.946695691445048 0.8012092159177616 -14.856813595693447 7.897776963652039 -0.8261998769574714 -2.4648281461316266 
Pedestrian 100 0 -9999.0 -9999.0 -9999.0 -9999.0 1.8745030820377138 0.946695691445048 0.9198436381441675 -13.712671169460624 6.018426796527296 -0.7986663300732283 -2.464828151787035 
