Pedestrian 1 0 -9999.0 -9999.0 -9999.0 -9999.0 1.7846325621884431 0.9821603155360864 0.7953061774217305 -48.166580527968044 33.13075266465328 -1.821311397919656 0.6578580537750369 
Pedestrian 3 0 -9999.0 -9999.0 -9999.0 -9999.0 1.8745030820377138 0.8041188004226854 0.8947841102792089 -29.324322207307727 17.35860893235067 -1.1033715868962832 0.14438881530442949 
Pedestrian 15 0 -9999.0 -9999.0 -9999.0 -9999.0 1.8745030820377138 0.8644069027961834 0.9673300582494323 -23.359777198333216 13.096056552757242 -0.9850704588796705 -2.4179018279409394 
Pedestrian 2 0 -9999.0 -9999.0 -9999.0 -9999.0 1.8180191450657555 0.8398610138823817 0.8299174556953087 -30.062066385111514 20.099493898788104 -1.2350778768525865 0.6476457678132128 
Pedestrian 5 0 -9999.0 -9999.0 -9999.0 -9999.0 1.77689350557476 0.8759052541655915 0.8532905991415365 -16.82791727638679 7.836871618295796 -0.74962956885085 -2.464823483692065 
Pedestrian 6 0 -9999.0 -9999.0 -9999.0 -9999.0 1.7042638125962326 0.7388788228361965 0.8819539752008805 -16.322908514090958 8.16066206567434 -0.8295674558413505 -2.4648281461596007 
Pedestrian 8 0 -9999.0 -9999.0 -9999.0 -9999.0 1.8745030820377138 0.946695691445048 0.8012092159177616 -15.177923072594385 6.946857528853275 -0.774230255788948 -2.464828151787035 
Pedestrian 105 0 -9999.0 -9999.0 -9999.0 -9999.0 1.862645626271842 0.8159393022725835 0.7793880290829952 -15.671748679828545 8.683378276976104 -0.8039685279678057 -2.4866591590926745 
Pedestrian 20 0 -9999.0 -9999.0 -9999.0 -9999.0 1.8745030820377138 0.946695691445048 0.8012092159177616 -14.66697525184666 7.834226429066191 -0.8670897117300201 -2.4648281461305928 
Pedestrian 100 0 -9999.0 -9999.0 -9999.0 -9999.0 1.8745030820377138 0.946695691445048 0.9198436381441675 -13.84149884204249 6.305991423577585 -0.7931355443511384 -2.464828151787035 
