Pedestrian 1 0 -9999.0 -9999.0 -9999.0 -9999.0 1.7846325621884431 0.9821603155360864 0.7953061774217305 -47.33736783107121 32.55580660063051 -1.802998121655249 0.6578810716362877 
Pedestrian 3 0 -9999.0 -9999.0 -9999.0 -9999.0 1.8745030820377138 0.8041188004226854 0.8947841102792089 -29.205724444124595 17.257937875241662 -1.1590297596627746 0.004369408367100647 
Pedestrian 15 0 -9999.0 -9999.0 -9999.0 -9999.0 1.8745030820377138 0.8644069027961834 0.9673300582494323 -24.217083645275352 13.850075336524947 -1.0112775092976898 -2.4179018272580812 
Pedestrian 2 0 -9999.0 -9999.0 -9999.0 -9999.0 1.8180191450657555 0.8398610138823817 0.8299174556953087 -29.656467570102084 19.83841828850346 -1.2901548174171136 0.6476668906546674 
Pedestrian 5 0 -9999.0 -9999.0 -9999.0 -9999.0 1.77689350557476 0.8759052541655915 0.8532905991415365 -17.435777593579438 8.105424897283722 -0.9881538195387196 -2.464756297605927 
Pedestrian 6 0 -9999.0 -9999.0 -9999.0 -9999.0 1.7042638125962326 0.7388788228361965 0.8819539752008805 -16.782328250335834 8.754424572702234 -1.0838702333894594 -2.4648281461596007 
Pedestrian 8 0 -9999.0 -9999.0 -9999.0 -9999.0 1.8745030820377138 0.946695691445048 0.8012092159177616 -15.454731121241537 7.628782403331701 -1.0098214035590094 -2.464828151787035 
Pedestrian 105 0 -9999.0 -9999.0 -9999.0 -9999.0 1.862645626271842 0.8159393022725835 0.7793880290829952 -16.246043377249713 9.113844899957565 -1.0729871472323098 -2.4866591590926745 
Pedestrian 20 0 -9999.0 -9999.0 -9999.0 -9999.0 1.8745030820377138 0.946695691445048 0.8012092159177616 -15.059731189037072 8.349333994020197 -1.059247749933337 -2.4648281462842974 
Pedestrian 100 0 -9999.0 -9999.0 -9999.0 -9999.0 1.8745030820377138 0.946695691445048 0.9198436381441675 -14.618643544913537 6.9892472825742065 -0.9902241445259441 -2.464828151787035 
