Pedestrian 1 0 -9999.0 -9999.0 -9999.0 -9999.0 1.7846325621884431 0.9821603155360864 0.7953061774217305 -45.51996503124445 31.338177534329322 -1.7310211980539616 0.6578593653089921 
Pedestrian 3 0 -9999.0 -9999.0 -9999.0 -9999.0 1.8745030820377138 0.8041188004226854 0.8947841102792089 -29.159422471521633 17.249960123075365 -1.1342264453208306 -0.6437526984202933 
Pedestrian 15 0 -9999.0 -9999.0 -9999.0 -9999.0 1.8745030820377138 0.8644069027961834 0.9673300582494323 -25.89123978254918 15.219856611972226 -1.0782621490073026 -2.4179018408013047 
Pedestrian 2 0 -9999.0 -9999.0 -9999.0 -9999.0 1.8180191450657555 0.8398610138823817 0.8299174556953087 -28.48997105395173 18.678504452750605 -1.132494447159179 0.6476407006932572 
Pedestrian 5 0 -9999.0 -9999.0 -9999.0 -9999.0 1.77689350557476 0.8759052541655915 0.8532905991415365 -18.38773796762945 9.249004371617538 -0.9240808835739841 -2.463295115082552 
Pedestrian 6 0 -9999.0 -9999.0 -9999.0 -9999.0 1.7042638125962326 0.7388788228361965 0.8819539752008805 -17.74913302765499 9.680467141792972 -1.0120182478270838 -2.4648281461596007 
Pedestrian 8 0 -9999.0 -9999.0 -9999.0 -9999.0 1.8745030820377138 0.946695691445048 0.8012092159177616 -16.83846188249885 7.8906708754189765 -0.8310459938818443 -2.464828151787035 
Pedestrian 105 0 -9999.0 -9999.0 -9999.0 -9999.0 1.862645626271842 0.8159393022725835 0.7793880290829952 -17.41739414928769 9.97185968546041 -0.9315748808362733 -2.4866591590926745 
Pedestrian 20 0 -9999.0 -9999.0 -9999.0 -9999.0 1.8745030820377138 0.946695691445048 0.8012092159177616 -16.333007240438768 8.668948426927754 -0.8990986416400273 -2.4648281461596007 
Pedestrian 100 0 -9999.0 -9999.0 -9999.0 -9999.0 1.8745030820377138 0.946695691445048 0.9198436381441675 -15.497460849699536 7.58015772373277 -0.8469510064941501 -2.464828151787035 
