Pedestrian 1 0 -9999.0 -9999.0 -9999.0 -9999.0 1.7846325621884431 0.9821603155360864 0.7953061774217305 -54.881510789934225 36.97341888526564 -2.21455101418278 0.5880407963118905 
Pedestrian 3 0 -9999.0 -9999.0 -9999.0 -9999.0 1.8745030820377138 0.8041188004226854 0.8947841102792089 -31.85860352732364 19.528072580541775 -1.1536131386286042 0.6839623516920827 
Pedestrian 15 0 -9999.0 -9999.0 -9999.0 -9999.0 1.8745030820377138 0.8644069027961834 0.9673300582494323 -16.376211990212184 8.719652440740438 -0.9469480877207588 -2.4179018276270856 
Pedestrian 2 0 -9999.0 -9999.0 -9999.0 -9999.0 1.8180191450657555 0.8398610138823817 0.8299174556953087 -33.98881515291818 23.066957230309235 -1.4289403736479385 0.6476508086288879 
Pedestrian 5 0 -9999.0 -9999.0 -9999.0 -9999.0 1.77689350557476 0.8759052541655915 0.8532905991415365 -12.563518381180538 4.310872187948493 -0.8436170967508687 -2.464828146023862 
Pedestrian 6 0 -9999.0 -9999.0 -9999.0 -9999.0 1.7042638125962326 0.7388788228361965 0.8819539752008805 -12.139517425354592 5.050080625528836 -0.9265456190879331 -2.4648281461596007 
Pedestrian 8 0 -9999.0 -9999.0 -9999.0 -9999.0 1.8745030820377138 0.946695691445048 0.8012092159177616 -11.148281492483768 3.9317265101081373 -0.7651054350137174 -2.464828151787035 
Pedestrian 105 0 -9999.0 -9999.0 -9999.0 -9999.0 1.862645626271842 0.8159393022725835 0.7793880290829952 -11.644126226724099 5.40378048134605 -0.9031334909037172 -2.4866591590926745 
Pedestrian 101 0 -9999.0 -9999.0 -9999.0 -9999.0 1.9993509018932334 1.0231731480755122 1 -21.197500671663345 11.480565032320849 -0.8646868734661516 0.7349947156997656 
Pedestrian 20 0 -9999.0 -9999.0 -9999.0 -9999.0 1.8745030820377138 0.946695691445048 0.8012092159177616 -10.634222721867054 4.588183334615231 -0.811539098467309 -2.4648281461226773 
