Pedestrian 1 0 -9999.0 -9999.0 -9999.0 -9999.0 1.7846325621884431 0.9821603155360864 0.7953061774217305 -48.598702619663065 33.39708293172154 -1.83477623014183 0.6566605470899383 
Pedestrian 3 0 -9999.0 -9999.0 -9999.0 -9999.0 1.8745030820377138 0.8041188004226854 0.8947841102792089 -29.3742232596966 17.374844308977163 -1.0708473764062008 0.14697853963357232 
Pedestrian 15 0 -9999.0 -9999.0 -9999.0 -9999.0 1.8745030820377138 0.8644069027961834 0.9673300582494323 -22.958036540717952 12.711832616293286 -1.0641709050222217 -2.4179018277295565 
Pedestrian 2 0 -9999.0 -9999.0 -9999.0 -9999.0 1.8180191450657555 0.8398610138823817 0.8299174556953087 -30.300474233624733 20.274505449305856 -1.2694999139866785 0.6476424554614493 
Pedestrian 5 0 -9999.0 -9999.0 -9999.0 -9999.0 1.77689350557476 0.8759052541655915 0.8532905991415365 -16.4096879858077 7.8839888498621855 -0.8776629594088045 -2.4648305901573195 
Pedestrian 6 0 -9999.0 -9999.0 -9999.0 -9999.0 1.7042638125962326 0.7388788228361965 0.8819539752008805 -15.763444724435294 8.233296976042363 -0.940168197927624 -2.4648281461596007 
Pedestrian 8 0 -9999.0 -9999.0 -9999.0 -9999.0 1.8745030820377138 0.946695691445048 0.8012092159177616 -14.801405830177133 7.005308238876955 -0.8270103811703762 -2.464828151787035 
Pedestrian 105 0 -9999.0 -9999.0 -9999.0 -9999.0 1.862645626271842 0.8159393022725835 0.7793880290829952 -15.396406130099114 8.44615804341979 -0.8908823913408654 -2.4866591590926745 
Pedestrian 20 0 -9999.0 -9999.0 -9999.0 -9999.0 1.8745030820377138 0.946695691445048 0.8012092159177616 -14.321310958092306 7.681480547076227 -0.8826160044456494 -2.4648281461596007 
Pedestrian 100 0 -9999.0 -9999.0 -9999.0 -9999.0 1.8745030820377138 0.946695691445048 0.9198436381441675 -14.029363305928536 6.382524177028963 -0.7977331166316666 -2.464828151787035 
