Pedestrian 1 0 -9999.0 -9999.0 -9999.0 -9999.0 1.6978213636456303 0.7012381636378385 0.6497130841222469 2.0747609812365426 39.52500760246878 -0.5512080126798652 1.20829597901173 
Pedestrian 3 0 -9999.0 -9999.0 -9999.0 -9999.0 1.690383394832736 0.657628320554937 0.669494113338245 1.074505741283163 39.733655696135855 -0.5655759966772614 -0.2235384473956259 
Pedestrian 6 0 -9999.0 -9999.0 -9999.0 -9999.0 1.6862518899500558 0.648756897987942 0.6654457071331156 0.46667609723558673 40.876288687096505 -0.5494998089567789 -1.0421420210656756 
Pedestrian 4 0 -9999.0 -9999.0 -9999.0 -9999.0 1.6990431974273292 0.7215968284694223 0.6488278815461017 1.0976857605924044 40.39317243458068 -0.5491862856301167 -0.2235384473956259 
Pedestrian 5 0 -9999.0 -9999.0 -9999.0 -9999.0 1.7109100858149051 0.6526471252548188 0.6715254415151906 1.0429108541377723 41.0985284773008 -0.5349625155850419 -0.41018601348771 
Pedestrain_sitting 3 0 -9999.0 -9999.0 -9999.0 -9999.0 1.223745620495265 0.8484146460223686 0.7904609490426768 18.62969856971573 38.913627571999335 -0.28174675256822634 -2.7539723385578103 
Pedestrain_sitting 2 0 -9999.0 -9999.0 -9999.0 -9999.0 1.223745620495265 0.8484146460223686 0.7532605558287468 19.569422274216436 39.2240796025967 -0.2686955530771829 -0.8819493674327958 
Pedestrain_sitting 1 0 -9999.0 -9999.0 -9999.0 -9999.0 1.223745620495265 0.8484146460223686 0.7532605558287468 19.801617049922456 38.525504860546306 -0.2764823844197391 0.9961877700832993 
Pedestrian 8 0 -9999.0 -9999.0 -9999.0 -9999.0 1.9120928082512096 0.8536021302038477 0.9892592733466145 0.8092430958301949 25.88774183693708 -0.3555594502483394 2.895297903217193 
Pedestrian 10 0 -9999.0 -9999.0 -9999.0 -9999.0 1.5201622996871371 1.0478302635202466 0.8855156622988868 -5.177466408731991 21.176634399195674 -0.7539896852702126 2.644236452851045 
Pedestrian 7 0 -9999.0 -9999.0 -9999.0 -9999.0 1.7407371628948733 0.9322156496484426 0.7917494793945563 3.0933589906036802 25.279948635965443 -0.41445684589148857 2.807951757590409 
Pedestrian 9 0 -9999.0 -9999.0 -9999.0 -9999.0 1.6315244415067072 1.0038515632177465 0.8792032011125178 -4.079952425614868 25.006406325183743 -0.6434053558647443 2.363681850605932 
Pedestrian 13 0 -9999.0 -9999.0 -9999.0 -9999.0 1.6942156519060008 1.0038515632177465 0.8792032011125178 -4.827274009038051 25.559480215806964 -0.6209469816939239 2.438836914177017 
Pedestrian 14 0 -9999.0 -9999.0 -9999.0 -9999.0 1.6942156519060008 1.0038515632177465 0.8792032011125178 -4.957991745273369 26.406617597155623 -0.6234584883574765 2.5172913958796883 
Pedestrain_sitting 9 0 -9999.0 -9999.0 -9999.0 -9999.0 1.3108466870854 0.9075688313971247 0.8496868767782323 16.354799461922084 5.805103792593172 -0.5004873780049721 -0.5450860392645058 
Pedestrain_sitting 5 0 -9999.0 -9999.0 -9999.0 -9999.0 1.3108466870854 0.8484146460223686 0.7532605558287468 19.312515184693666 7.385099677495873 -0.3754805615643724 -1.444125699634455 
Pedestrian 17 0 -9999.0 -9999.0 -9999.0 -9999.0 1.80751086785516 0.9075688313971247 0.8496868767782323 19.77352347139212 5.6564853806506825 -0.1340790436771757 2.203106044184155 
Pedestrain_sitting 10 0 -9999.0 -9999.0 -9999.0 -9999.0 1.3108466870854 0.9075688313971247 0.8496868767782323 17.39549656245445 6.021582352249434 -0.5069962831531959 2.668048146923189 
Pedestrain_sitting 8 0 -9999.0 -9999.0 -9999.0 -9999.0 1.3108466870854 0.9075688313971247 0.8496868767782323 15.576416091371357 5.075406578887623 -0.5240003393189823 2.6159927616946437 
Pedestrain_sitting 7 0 -9999.0 -9999.0 -9999.0 -9999.0 1.3108466870854 0.9075688313971247 0.8496868767782323 16.483476563954127 4.709906627308328 -0.5126162270874149 0.7428720041963448 
Pedestrain_sitting 4 0 -9999.0 -9999.0 -9999.0 -9999.0 1.3491615741004763 0.8922303141169132 0.8817694566687871 13.022390748793212 28.984849142550072 -0.32092002749508014 0.3688919793695469 
Pedestrain_sitting 11 0 -9999.0 -9999.0 -9999.0 -9999.0 1.223745620495265 0.8706760628382794 0.7216923808776837 16.072380096049237 37.04099177364799 -0.38141557184519753 2.7226391075520944 
Pedestrian 18 0 -9999.0 -9999.0 -9999.0 -9999.0 1.8782284359686356 1.1020380572751445 0.9208832451051316 19.11147113647379 6.104943039203459 -0.10687875081060409 2.062999893320505 
Pedestrain_sitting 25 0 -9999.0 -9999.0 -9999.0 -9999.0 1.2621228842856453 0.8343518206794132 0.7610326989647246 34.82690203419962 38.749219949581274 0.2370866043696096 1.2233579532817807 
Pedestrain_sitting 26 0 -9999.0 -9999.0 -9999.0 -9999.0 1.2621228842856453 0.8343518206794132 0.7610326989647246 36.02795522983513 39.15810896327332 0.23277096388037966 1.2233579532817807 
Pedestrian 2 0 -9999.0 -9999.0 -9999.0 -9999.0 1.6869965871302384 0.6361589723108438 0.5912565872946605 2.0041738690951916 40.2144704216215 -0.5416553660447165 -1.9329530192483464 
Pedestrian 12 0 -9999.0 -9999.0 -9999.0 -9999.0 1.6147358615739904 0.8484146460223686 0.7532605558287468 19.300142401230037 38.05907358495999 -0.08080545685502609 1.1410302915081676 
Pedestrian 16 0 -9999.0 -9999.0 -9999.0 -9999.0 1.6268273730451046 0.7951911362562024 0.8406405865520188 18.605215914043853 38.40560639820365 -0.0771823006745065 2.647734288445477 
