Pedestrian 1 0 -9999.0 -9999.0 -9999.0 -9999.0 1.6978213636456303 0.7012381636378385 0.6497130841222469 2.1024929189021324 39.54330366287679 -0.5324428609009856 1.2082959737938035 
Pedestrian 3 0 -9999.0 -9999.0 -9999.0 -9999.0 1.690383394832736 0.657628320554937 0.669494113338245 1.0818256067765486 39.759925741782936 -0.5446453943903955 -0.2235384473956259 
Pedestrian 6 0 -9999.0 -9999.0 -9999.0 -9999.0 1.6862518899500558 0.648756897987942 0.6654457071331156 0.4307879319828371 40.95991758808085 -0.5191344216015946 -1.0421420210656756 
Pedestrian 4 0 -9999.0 -9999.0 -9999.0 -9999.0 1.6990431974273292 0.7215968284694223 0.6488278815461017 1.1204198423083611 40.48873011458885 -0.5147836220519081 -0.2235384473956259 
Pedestrian 5 0 -9999.0 -9999.0 -9999.0 -9999.0 1.7109100858149051 0.6526471252548188 0.6715254415151906 1.108886290593441 41.11318584761847 -0.5066326341125319 -0.41018601348771 
Pedestrain_sitting 3 0 -9999.0 -9999.0 -9999.0 -9999.0 1.223745620495265 0.8484146460223686 0.7904609490426768 18.639945959235618 38.909443810259354 -0.29188760326151947 -2.7539723385578103 
Pedestrain_sitting 2 0 -9999.0 -9999.0 -9999.0 -9999.0 1.223745620495265 0.8484146460223686 0.7532605558287468 19.569422274216436 39.2240796025967 -0.2766285746772858 -0.8819493674327958 
Pedestrain_sitting 1 0 -9999.0 -9999.0 -9999.0 -9999.0 1.223745620495265 0.8484146460223686 0.7532605558287468 19.801617049922456 38.525504860546306 -0.2881738036949961 0.9961877700832993 
Pedestrian 8 0 -9999.0 -9999.0 -9999.0 -9999.0 1.9120928082512096 0.8536021302038477 0.9892592733466145 -6.057696030851492 24.261985736922 -0.5231183640475542 2.787024129125239 
Pedestrian 10 0 -9999.0 -9999.0 -9999.0 -9999.0 1.5201622996871371 1.0478302635202466 0.8855156622988868 -5.184143480355134 21.18886581639241 -0.7179959222446738 2.644236452851045 
Pedestrian 7 0 -9999.0 -9999.0 -9999.0 -9999.0 1.7407371628948733 0.9322156496484426 0.7917494793945563 -1.2357432699043505 23.129564064211163 -0.4964167558290328 2.518911536355777 
Pedestrian 9 0 -9999.0 -9999.0 -9999.0 -9999.0 1.6315244415067072 1.0038515632177465 0.8792032011125178 -10.945923329945465 20.129489210599413 -0.8162953341923821 2.5878549721959487 
Pedestrian 13 0 -9999.0 -9999.0 -9999.0 -9999.0 1.6942156519060008 1.0038515632177465 0.8792032011125178 -11.340604373716022 20.853914904530704 -0.7710529552532603 2.5789481858227 
Pedestrian 14 0 -9999.0 -9999.0 -9999.0 -9999.0 1.6942156519060008 1.0038515632177465 0.8792032011125178 -11.667891147868621 21.641324817541868 -0.7722687724033087 2.592330040883997 
Pedestrain_sitting 9 0 -9999.0 -9999.0 -9999.0 -9999.0 1.3108466870854 0.9075688313971247 0.8496868767782323 16.354799461922084 5.805103792593172 -0.5004873780049721 -0.5450860392645058 
Pedestrain_sitting 5 0 -9999.0 -9999.0 -9999.0 -9999.0 1.3108466870854 0.8484146460223686 0.7532605558287468 19.312515184693666 7.385099677495873 -0.3848036659755863 -1.444125699634455 
Pedestrian 17 0 -9999.0 -9999.0 -9999.0 -9999.0 1.80751086785516 0.9075688313971247 0.8496868767782323 18.388901802307103 6.875169312963896 -0.1505976562667054 1.3829727713293574 
Pedestrain_sitting 10 0 -9999.0 -9999.0 -9999.0 -9999.0 1.3108466870854 0.9075688313971247 0.8496868767782323 17.4310082449497 6.039779712104259 -0.4909311335976249 2.668048146923189 
Pedestrain_sitting 8 0 -9999.0 -9999.0 -9999.0 -9999.0 1.3108466870854 0.9075688313971247 0.8496868767782323 15.576416091371357 5.075406578887623 -0.5240003393189823 2.6159927616946437 
Pedestrain_sitting 7 0 -9999.0 -9999.0 -9999.0 -9999.0 1.3108466870854 0.9075688313971247 0.8496868767782323 16.483476563954127 4.709906627308328 -0.5092507667048508 0.7428720041963448 
Pedestrain_sitting 4 0 -9999.0 -9999.0 -9999.0 -9999.0 1.3491615741004763 0.8922303141169132 0.8817694566687871 13.015284245567637 28.987596438524594 -0.29642275454330824 0.3688919793695469 
Pedestrain_sitting 11 0 -9999.0 -9999.0 -9999.0 -9999.0 1.223745620495265 0.8706760628382794 0.7216923808776837 16.017153796526898 37.01112949717022 -0.3271287288238847 2.7226391075520944 
Pedestrian 18 0 -9999.0 -9999.0 -9999.0 -9999.0 1.8782284359686356 1.1020380572751445 0.9208832451051316 19.263670201639023 6.124466798004101 -0.10026433410826208 1.792550130737002 
Pedestrian 11 0 -9999.0 -9999.0 -9999.0 -9999.0 1.8080554875850794 1.1428304499258828 1.0747377482268585 -23.625988999454325 14.329606524533121 -1.0648356695426808 0.12048614249277101 
Pedestrain_sitting 25 0 -9999.0 -9999.0 -9999.0 -9999.0 1.2621228842856453 0.8343518206794132 0.7610326989647246 34.82690203419962 38.749219949581274 0.2370866043696096 1.2233579532817807 
Pedestrain_sitting 26 0 -9999.0 -9999.0 -9999.0 -9999.0 1.2621228842856453 0.8343518206794132 0.7610326989647246 36.02795522983513 39.15810896327332 0.23277096388037966 1.2233579532817807 
Pedestrian 2 0 -9999.0 -9999.0 -9999.0 -9999.0 1.6869965871302384 0.6361589723108438 0.5912565872946605 2.0840744541142238 40.28203666620218 -0.5349608293008873 -1.932952959593763 
Pedestrian 12 0 -9999.0 -9999.0 -9999.0 -9999.0 1.6147358615739904 0.8484146460223686 0.7532605558287468 19.298927839577562 38.05757767056409 -0.08831037484570778 1.1410302915081676 
Pedestrian 16 0 -9999.0 -9999.0 -9999.0 -9999.0 1.6268273730451046 0.7951911362562024 0.8406405865520188 18.511789082733305 38.137381900234566 -0.08443062036876732 1.8776217186369966 
