Pedestrian 1 0 -9999.0 -9999.0 -9999.0 -9999.0 1.6978213636456303 0.7012381636378385 0.6497130841222469 2.0575531905442364 39.59419910288999 -0.5425705661204996 1.2082959724589344 
Pedestrian 3 0 -9999.0 -9999.0 -9999.0 -9999.0 1.690383394832736 0.657628320554937 0.669494113338245 1.0789707009992662 39.75924980460247 -0.5564617163218211 -0.2235384473956259 
Pedestrian 6 0 -9999.0 -9999.0 -9999.0 -9999.0 1.6862518899500558 0.648756897987942 0.6654457071331156 0.46050340256668604 40.92234715717978 -0.5321576084881441 -1.0421420210656756 
Pedestrian 4 0 -9999.0 -9999.0 -9999.0 -9999.0 1.6990431974273292 0.7215968284694223 0.6488278815461017 1.1130868518707533 40.45790751253723 -0.5289810616069183 -0.2235384473956259 
Pedestrian 5 0 -9999.0 -9999.0 -9999.0 -9999.0 1.7109100858149051 0.6526471252548188 0.6715254415151906 1.095450165306102 41.06177871067537 -0.5132670212124943 -0.41018601348771 
Pedestrain_sitting 3 0 -9999.0 -9999.0 -9999.0 -9999.0 1.223745620495265 0.8484146460223686 0.7904609490426768 18.63729221609029 38.91052726951672 -0.2888529568686502 -2.7539723385578103 
Pedestrain_sitting 2 0 -9999.0 -9999.0 -9999.0 -9999.0 1.223745620495265 0.8484146460223686 0.7532605558287468 19.569422274216436 39.2240796025967 -0.27406973934530665 -0.8819493674327958 
Pedestrain_sitting 1 0 -9999.0 -9999.0 -9999.0 -9999.0 1.223745620495265 0.8484146460223686 0.7532605558287468 19.801617049922456 38.525504860546306 -0.2839755395581744 0.9961877700832993 
Pedestrian 8 0 -9999.0 -9999.0 -9999.0 -9999.0 1.9120928082512096 0.8536021302038477 0.9892592733466145 -3.9297813611427745 24.963088887482876 -0.5770156549733486 2.787024129125239 
Pedestrian 10 0 -9999.0 -9999.0 -9999.0 -9999.0 1.5201622996871371 1.0478302635202466 0.8855156622988868 -5.178176972750146 21.177724228936725 -0.6898645891408699 2.644236452851045 
Pedestrian 7 0 -9999.0 -9999.0 -9999.0 -9999.0 1.7407371628948733 0.9322156496484426 0.7917494793945563 -0.7537542357285104 23.781376632641674 -0.49184430782593513 2.518911536355777 
Pedestrian 9 0 -9999.0 -9999.0 -9999.0 -9999.0 1.6315244415067072 1.0038515632177465 0.8792032011125178 -8.722953672056164 21.591265643357648 -0.7712267650082892 2.6533754285767905 
Pedestrian 13 0 -9999.0 -9999.0 -9999.0 -9999.0 1.6942156519060008 1.0038515632177465 0.8792032011125178 -9.13330990996684 22.338326342431078 -0.7345365346241981 2.667288788720054 
Pedestrian 14 0 -9999.0 -9999.0 -9999.0 -9999.0 1.6942156519060008 1.0038515632177465 0.8792032011125178 -9.359776444285629 23.157486470104804 -0.7252308822189837 2.6565200744500714 
Pedestrain_sitting 9 0 -9999.0 -9999.0 -9999.0 -9999.0 1.3108466870854 0.9075688313971247 0.8496868767782323 16.354799461922084 5.805103792593172 -0.5004873780049721 -0.5450860392645058 
Pedestrain_sitting 5 0 -9999.0 -9999.0 -9999.0 -9999.0 1.3108466870854 0.8484146460223686 0.7532605558287468 19.312515184693666 7.385099677495873 -0.37820264570484674 -1.444125699634455 
Pedestrian 17 0 -9999.0 -9999.0 -9999.0 -9999.0 1.80751086785516 0.9075688313971247 0.8496868767782323 18.395196963393452 6.705489504812767 -0.1499820250114205 1.775747669165396 
Pedestrain_sitting 10 0 -9999.0 -9999.0 -9999.0 -9999.0 1.3108466870854 0.9075688313971247 0.8496868767782323 17.419553776217928 6.033910063729085 -0.4961130270007376 2.668048146923189 
Pedestrain_sitting 8 0 -9999.0 -9999.0 -9999.0 -9999.0 1.3108466870854 0.9075688313971247 0.8496868767782323 15.576416091371357 5.075406578887623 -0.5240003393189823 2.6159927616946437 
Pedestrain_sitting 7 0 -9999.0 -9999.0 -9999.0 -9999.0 1.3108466870854 0.9075688313971247 0.8496868767782323 16.483476563954127 4.709906627308328 -0.5103363125875406 0.7428720041963448 
Pedestrain_sitting 4 0 -9999.0 -9999.0 -9999.0 -9999.0 1.3491615741004763 0.8922303141169132 0.8817694566687871 13.01757648331223 28.986710284627456 -0.30639313819736447 0.3688919793695469 
Pedestrain_sitting 11 0 -9999.0 -9999.0 -9999.0 -9999.0 1.223745620495265 0.8706760628382794 0.7216923808776837 16.04811516137671 37.03432924064172 -0.35134881022132314 2.7226391075520944 
Pedestrian 18 0 -9999.0 -9999.0 -9999.0 -9999.0 1.8782284359686356 1.1020380572751445 0.9208832451051316 19.256218883186346 6.057679297115628 -0.10506870117879438 1.8208850813649171 
Pedestrian 11 0 -9999.0 -9999.0 -9999.0 -9999.0 1.8080554875850794 1.1428304499258828 1.0747377482268585 -26.148406506125443 14.226744124940861 -0.9412204063866532 -0.14907006317348603 
Pedestrain_sitting 25 0 -9999.0 -9999.0 -9999.0 -9999.0 1.2621228842856453 0.8343518206794132 0.7610326989647246 34.82690203419962 38.749219949581274 0.2370866043696096 1.2233579532817807 
Pedestrain_sitting 26 0 -9999.0 -9999.0 -9999.0 -9999.0 1.2621228842856453 0.8343518206794132 0.7610326989647246 36.02795522983513 39.15810896327332 0.23277096388037966 1.2233579532817807 
Pedestrian 2 0 -9999.0 -9999.0 -9999.0 -9999.0 1.6869965871302384 0.6361589723108438 0.5912565872946605 2.035488394812297 40.31312967785529 -0.5514039655379236 -1.9279574388195275 
Pedestrian 12 0 -9999.0 -9999.0 -9999.0 -9999.0 1.6147358615739904 0.8484146460223686 0.7532605558287468 19.285148475422368 38.06683527696426 -0.08529562821589642 1.1410302915081676 
Pedestrian 16 0 -9999.0 -9999.0 -9999.0 -9999.0 1.6268273730451046 0.7951911362562024 0.8406405865520188 18.64619591203757 38.21812692752324 -0.08793237047683017 1.8053826578717072 
