Pedestrian 1 0 -9999.0 -9999.0 -9999.0 -9999.0 1.6978213636456303 0.7012381636378385 0.6497130841222469 2.107563407154078 39.53926512185576 -0.5310181751339031 1.2082959742868358 
Pedestrian 3 0 -9999.0 -9999.0 -9999.0 -9999.0 1.690383394832736 0.657628320554937 0.669494113338245 1.0821983612569832 39.75923350031596 -0.5430351272340163 -0.2235384473956259 
Pedestrian 6 0 -9999.0 -9999.0 -9999.0 -9999.0 1.6862518899500558 0.648756897987942 0.6654457071331156 0.42962763615571614 40.96262138372366 -0.5181526820228506 -1.0421420210656756 
Pedestrian 4 0 -9999.0 -9999.0 -9999.0 -9999.0 1.6990431974273292 0.7215968284694223 0.6488278815461017 1.12115485508939 40.49181957810926 -0.5136713537954922 -0.2235384473956259 
Pedestrian 5 0 -9999.0 -9999.0 -9999.0 -9999.0 1.7109100858149051 0.6526471252548188 0.6715254415151906 1.1083883568333115 41.12013562115243 -0.5055432222900684 -0.41018601348771 
Pedestrain_sitting 3 0 -9999.0 -9999.0 -9999.0 -9999.0 1.223745620495265 0.8484146460223686 0.7904609490426768 18.640168909042888 38.90935278523568 -0.2921761648792215 -2.7539723385578103 
Pedestrain_sitting 2 0 -9999.0 -9999.0 -9999.0 -9999.0 1.223745620495265 0.8484146460223686 0.7532605558287468 19.569422274216436 39.2240796025967 -0.2768850562163735 -0.8819493674327958 
Pedestrain_sitting 1 0 -9999.0 -9999.0 -9999.0 -9999.0 1.223745620495265 0.8484146460223686 0.7532605558287468 19.801617049922456 38.525504860546306 -0.28857917789097626 0.9961877700832993 
Pedestrian 8 0 -9999.0 -9999.0 -9999.0 -9999.0 1.9120928082512096 0.8536021302038477 0.9892592733466145 -6.311108030000199 24.15201023124607 -0.5307620843475136 2.7870250642371985 
Pedestrian 10 0 -9999.0 -9999.0 -9999.0 -9999.0 1.5201622996871371 1.0478302635202466 0.8855156622988868 -5.184710098832254 21.189924818675962 -0.7216103683768526 2.644236452851045 
Pedestrian 7 0 -9999.0 -9999.0 -9999.0 -9999.0 1.7407371628948733 0.9322156496484426 0.7917494793945563 -1.2290393852915917 23.117062757124433 -0.4976898819280119 2.5171003485115833 
Pedestrian 9 0 -9999.0 -9999.0 -9999.0 -9999.0 1.6315244415067072 1.0038515632177465 0.8792032011125178 -11.167142560091781 19.983122414547555 -0.8211483075690376 2.5759146853980983 
Pedestrian 13 0 -9999.0 -9999.0 -9999.0 -9999.0 1.6942156519060008 1.0038515632177465 0.8792032011125178 -11.56685426696131 20.703934702264867 -0.777496395196671 2.56711274311958 
Pedestrian 14 0 -9999.0 -9999.0 -9999.0 -9999.0 1.6942156519060008 1.0038515632177465 0.8792032011125178 -11.899834293040165 21.489884445132663 -0.7783507099240443 2.580987323945312 
Pedestrain_sitting 9 0 -9999.0 -9999.0 -9999.0 -9999.0 1.3108466870854 0.9075688313971247 0.8496868767782323 16.354799461922084 5.805103792593172 -0.5004873780049721 -0.5450860392645058 
Pedestrain_sitting 5 0 -9999.0 -9999.0 -9999.0 -9999.0 1.3108466870854 0.8484146460223686 0.7532605558287468 19.312515184693666 7.385099677495873 -0.385740290984391 -1.444125699634455 
Pedestrian 17 0 -9999.0 -9999.0 -9999.0 -9999.0 1.80751086785516 0.9075688313971247 0.8496868767782323 18.383291192439827 6.870124874723454 -0.15108673724235097 1.425322132570619 
Pedestrain_sitting 10 0 -9999.0 -9999.0 -9999.0 -9999.0 1.3108466870854 0.9075688313971247 0.8496868767782323 17.432156368759404 6.040368048692532 -0.4904117332365275 2.668048146923189 
Pedestrain_sitting 8 0 -9999.0 -9999.0 -9999.0 -9999.0 1.3108466870854 0.9075688313971247 0.8496868767782323 15.576416091371357 5.075406578887623 -0.5240003393189823 2.6159927616946437 
Pedestrain_sitting 7 0 -9999.0 -9999.0 -9999.0 -9999.0 1.3108466870854 0.9075688313971247 0.8496868767782323 16.483476563954127 4.709906627308328 -0.5091419584219328 0.7428720041963448 
Pedestrain_sitting 4 0 -9999.0 -9999.0 -9999.0 -9999.0 1.3491615741004763 0.8922303141169132 0.8817694566687871 13.015054486091778 28.98768526101058 -0.2953687851636602 0.3688919793695469 
Pedestrain_sitting 11 0 -9999.0 -9999.0 -9999.0 -9999.0 1.223745620495265 0.8706760628382794 0.7216923808776837 16.01397193039899 37.00849272638121 -0.32467078861605025 2.7226391075520944 
Pedestrian 18 0 -9999.0 -9999.0 -9999.0 -9999.0 1.8782284359686356 1.1020380572751445 0.9208832451051316 19.259354169317902 6.130736376134927 -0.10035949854683068 1.7966364934260373 
Pedestrian 11 0 -9999.0 -9999.0 -9999.0 -9999.0 1.8080554875850794 1.1428304499258828 1.0747377482268585 -23.26852957528569 14.322215693538656 -1.0605409457857184 0.12558458180317267 
Pedestrain_sitting 25 0 -9999.0 -9999.0 -9999.0 -9999.0 1.2621228842856453 0.8343518206794132 0.7610326989647246 34.82690203419962 38.749219949581274 0.2370866043696096 1.2233579532817807 
Pedestrain_sitting 26 0 -9999.0 -9999.0 -9999.0 -9999.0 1.2621228842856453 0.8343518206794132 0.7610326989647246 36.02795522983513 39.15810896327332 0.23277096388037966 1.2233579532817807 
Pedestrian 2 0 -9999.0 -9999.0 -9999.0 -9999.0 1.6869965871302384 0.6361589723108438 0.5912565872946605 2.094051840270943 40.278184853464914 -0.5306973734194784 -1.8146401986729561 
Pedestrian 12 0 -9999.0 -9999.0 -9999.0 -9999.0 1.6147358615739904 0.8484146460223686 0.7532605558287468 19.303237963518654 38.05486063216027 -0.08873860894986563 1.1410302915081676 
Pedestrian 16 0 -9999.0 -9999.0 -9999.0 -9999.0 1.6268273730451046 0.7951911362562024 0.8406405865520188 18.532326511330048 38.165851838756325 -0.0843107990016985 1.8776217824131987 
