Pedestrian 1 0 -9999.0 -9999.0 -9999.0 -9999.0 1.6978213636456303 0.7012381636378385 0.6497130841222469 2.0813473425222506 39.52641933253353 -0.5205364330337237 1.20829597901173 
Pedestrian 3 0 -9999.0 -9999.0 -9999.0 -9999.0 1.690383394832736 0.657628320554937 0.669494113338245 1.0848817191872469 39.751487172288904 -0.5314527034886719 -0.2235384473956259 
Pedestrian 6 0 -9999.0 -9999.0 -9999.0 -9999.0 1.6862518899500558 0.648756897987942 0.6654457071331156 0.4226835345839333 40.978802973913126 -0.5122771982087323 -1.0421420210656756 
Pedestrian 4 0 -9999.0 -9999.0 -9999.0 -9999.0 1.6990431974273292 0.7215968284694223 0.6488278815461017 1.1255537362098096 40.51030930114936 -0.5070146861017139 -0.2235384473956259 
Pedestrian 5 0 -9999.0 -9999.0 -9999.0 -9999.0 1.7109100858149051 0.6526471252548188 0.6715254415151906 1.0956313567639993 41.166633623689535 -0.49901557618089853 -0.41018601348771 
Pedestrain_sitting 3 0 -9999.0 -9999.0 -9999.0 -9999.0 1.223745620495265 0.8484146460223686 0.7904609490426768 18.64133385640668 38.90887716535217 -0.293841714347021 -2.7539723385578103 
Pedestrain_sitting 2 0 -9999.0 -9999.0 -9999.0 -9999.0 1.223745620495265 0.8484146460223686 0.7532605558287468 19.569422274216436 39.2240796025967 -0.27842003877606397 -0.8819493674327958 
Pedestrain_sitting 1 0 -9999.0 -9999.0 -9999.0 -9999.0 1.223745620495265 0.8484146460223686 0.7532605558287468 19.801617049922456 38.525504860546306 -0.2908678820074658 0.9961877700832993 
Pedestrian 8 0 -9999.0 -9999.0 -9999.0 -9999.0 1.9120928082512096 0.8536021302038477 0.9892592733466145 -7.6125313263508145 23.667495044523445 -0.5852620636635264 2.787024129125239 
Pedestrian 10 0 -9999.0 -9999.0 -9999.0 -9999.0 1.5201622996871371 1.0478302635202466 0.8855156622988868 -5.187365682682982 21.19489050722823 -0.7401351718348557 2.644236452851045 
Pedestrian 7 0 -9999.0 -9999.0 -9999.0 -9999.0 1.7407371628948733 0.9322156496484426 0.7917494793945563 -1.2618528583872004 23.127745009847644 -0.5107636196408867 2.5195140157866263 
Pedestrian 9 0 -9999.0 -9999.0 -9999.0 -9999.0 1.6315244415067072 1.0038515632177465 0.8792032011125178 -12.4820117201762 19.11914028392587 -0.8445508410287222 2.5188023696006017 
Pedestrian 13 0 -9999.0 -9999.0 -9999.0 -9999.0 1.6942156519060008 1.0038515632177465 0.8792032011125178 -12.954111332930127 19.804683885765556 -0.8132445159457474 2.528270745070028 
Pedestrian 14 0 -9999.0 -9999.0 -9999.0 -9999.0 1.6942156519060008 1.0038515632177465 0.8792032011125178 -13.316848529781135 20.585750270915568 -0.814028128760828 2.510156870330569 
Pedestrain_sitting 9 0 -9999.0 -9999.0 -9999.0 -9999.0 1.3108466870854 0.9075688313971247 0.8496868767782323 16.354799461922084 5.805103792593172 -0.5004873780049721 -0.5450860392645058 
Pedestrain_sitting 5 0 -9999.0 -9999.0 -9999.0 -9999.0 1.3108466870854 0.8484146460223686 0.7532605558287468 19.312515184693666 7.385099677495873 -0.39256750762523845 -1.444125699634455 
Pedestrian 17 0 -9999.0 -9999.0 -9999.0 -9999.0 1.80751086785516 0.9075688313971247 0.8496868767782323 18.33992381928188 6.79040355935656 -0.15510384205392036 1.8567311360048002 
Pedestrain_sitting 10 0 -9999.0 -9999.0 -9999.0 -9999.0 1.3108466870854 0.9075688313971247 0.8496868767782323 17.43902762362839 6.043889106798463 -0.4873032424710036 2.668048146923189 
Pedestrain_sitting 8 0 -9999.0 -9999.0 -9999.0 -9999.0 1.3108466870854 0.9075688313971247 0.8496868767782323 15.576416091371357 5.075406578887623 -0.5240003393189823 2.6159927616946437 
Pedestrain_sitting 7 0 -9999.0 -9999.0 -9999.0 -9999.0 1.3108466870854 0.9075688313971247 0.8496868767782323 16.483476563954127 4.709906627308328 -0.5084907660701437 0.7428720041963448 
Pedestrain_sitting 4 0 -9999.0 -9999.0 -9999.0 -9999.0 1.3491615741004763 0.8922303141169132 0.8817694566687871 13.013679428886398 28.988216843000366 -0.28922608407190514 0.3688919793695469 
Pedestrain_sitting 11 0 -9999.0 -9999.0 -9999.0 -9999.0 1.223745620495265 0.8706760628382794 0.7216923808776837 15.996304688003347 36.99266097138444 -0.3107249907083205 2.7226391075520944 
Pedestrian 18 0 -9999.0 -9999.0 -9999.0 -9999.0 1.8782284359686356 1.1020380572751445 0.9208832451051316 19.208258179925913 6.156629589686975 -0.10486165064041769 1.8552259051554412 
Pedestrian 11 0 -9999.0 -9999.0 -9999.0 -9999.0 1.8080554875850794 1.1428304499258828 1.0747377482268585 -21.258353546063265 14.036705770843787 -1.0382225447384972 0.32259944860953027 
Pedestrain_sitting 25 0 -9999.0 -9999.0 -9999.0 -9999.0 1.2621228842856453 0.8343518206794132 0.7610326989647246 34.82690203419962 38.749219949581274 0.2370866043696096 1.2233579532817807 
Pedestrain_sitting 26 0 -9999.0 -9999.0 -9999.0 -9999.0 1.2621228842856453 0.8343518206794132 0.7610326989647246 36.02795522983513 39.15810896327332 0.23277096388037966 1.2233579532817807 
Pedestrian 2 0 -9999.0 -9999.0 -9999.0 -9999.0 1.6869965871302384 0.6361589723108438 0.5912565872946605 2.180689093654832 40.25526438182621 -0.5232378422116123 -0.3468536455719633 
Pedestrian 12 0 -9999.0 -9999.0 -9999.0 -9999.0 1.6147358615739904 0.8484146460223686 0.7532605558287468 19.33663413551803 38.03409595105026 -0.09169989872756654 1.1410302915081676 
Pedestrian 16 0 -9999.0 -9999.0 -9999.0 -9999.0 1.6268273730451046 0.7951911362562024 0.8406405865520188 18.482948461540637 38.08194812093718 -0.08621183978594486 1.9171705604287563 
