Pedestrian 9 0 -9999.0 -9999.0 -9999.0 -9999.0 1.8011808519170776 0.9754172519171165 0.8997259364624444 -10.956923746932215 6.358668792933358 1.7944156837963405 -0.9633365980273716 
Car 8 0 -9999.0 -9999.0 -9999.0 -9999.0 2.224459528035265 4.514161950701876 2.211367806206943 10.046514229603684 -12.05484474827361 1.855813522190283 2.0081584930560368 
Pedestrian 222 0 -9999.0 -9999.0 -9999.0 -9999.0 1.8011808519170776 0.9754172519171165 0.8997259364624444 -12.502330031240247 6.319176537333215 1.9471500365340966 2.1782560785564193 
Pedestrian 1 0 -9999.0 -9999.0 -9999.0 -9999.0 1.7617489395297996 0.8962574574403286 0.963365933687516 -2.942534893752707 2.453461566395747 1.0606395636709416 -3.0188338647969353 
Car 4 0 -9999.0 -9999.0 -9999.0 -9999.0 1.7992530582778123 4.74691242279456 2.468755016224238 -18.537226115439477 3.560786678971649 2.724382212233625 -2.96236243621777 
Car 2 0 -9999.0 -9999.0 -9999.0 -9999.0 1.869817964234 4.069953276501204 2.1371236263150624 -14.971362535200035 -1.2757001727407333 2.7016474876567345 -2.9349840673972096 
Car 1 0 -9999.0 -9999.0 -9999.0 -9999.0 1.563781226033301 2.8241647592695136 1.6755459182934431 -4.033340051866105 -2.649390363480322 1.4651036574943397 -2.8603264776640707 
Pedestrian 2 0 -9999.0 -9999.0 -9999.0 -9999.0 1.7944659945207295 1.0293865098694976 0.9107676495989551 16.149422425499072 0.3306404389358958 -0.7986284197014901 -3.070489510659872 
Pedestrian 26 0 -9999.0 -9999.0 -9999.0 -9999.0 1.8 0.6955528190278748 0.7008922658629957 43.64001654995925 -5.541117860593759 -3.071630313237652 0.34521460802878945 
Pedestrian 27 0 -9999.0 -9999.0 -9999.0 -9999.0 1.8 0.7333538995830526 0.7069640180592786 43.36575393309551 -6.22437447278018 -3.021766903053846 0.33216204885412637 
Pedestrian 22 0 -9999.0 -9999.0 -9999.0 -9999.0 1.6923684871820848 0.8932054390458352 0.8277857904868748 24.713570759539397 -0.9083966803963353 -1.8443231559410977 -3.066242241889988 
Car 9 0 -9999.0 -9999.0 -9999.0 -9999.0 2.0110678902370904 3.6491073811456296 1.8973721859405868 26.196316476605578 -9.273657462891109 -1.0891529047026152 1.9584981105264845 
Car 5 0 -9999.0 -9999.0 -9999.0 -9999.0 1.8369121115634848 4.774533904144905 2.3211510184741497 -33.5906521470986 0.2420969996891683 4.481253894588974 -0.15479674201788107 
Pedestrian 23 0 -9999.0 -9999.0 -9999.0 -9999.0 1.582054991347604 0.5867686807733712 0.7723736730945426 34.03132769960168 -5.270803712888124 -2.5762381687439024 -2.932569753442925 
Pedestrian 24 0 -9999.0 -9999.0 -9999.0 -9999.0 1.6265380204741335 0.7243144439909336 0.760852002866169 33.88978852528733 -6.003571411821653 -2.5159825888398295 -2.939221901353976 
Car 10 0 -9999.0 -9999.0 -9999.0 -9999.0 2.1574394434890403 5.153142689905318 2.072836565424259 29.08974701352496 -7.745835831727865 -1.4008588114626275 1.912519114275172 
Car 7 0 -9999.0 -9999.0 -9999.0 -9999.0 1.8372907590833283 5.146615056327163 2.2781257366533887 6.73370362348463 -2.721131793035498 0.5279664868037026 -2.924498304796833 
