Pedestrian 9 0 -9999.0 -9999.0 -9999.0 -9999.0 1.8011808519170776 0.9754172519171165 0.8997259364624444 -11.203313705050533 6.209610435321023 2.3915566905089305 -0.9633365980273716 
Car 8 0 -9999.0 -9999.0 -9999.0 -9999.0 2.224459528035265 4.514161950701876 2.211367806206943 10.027576579068086 -11.995683627344864 1.956349091173667 2.009116768429367 
Pedestrian 222 0 -9999.0 -9999.0 -9999.0 -9999.0 1.8011808519170776 0.9754172519171165 0.8997259364624444 -12.659873155628103 6.0999474077919835 2.537037627653954 2.1782560785564193 
Pedestrian 1 0 -9999.0 -9999.0 -9999.0 -9999.0 1.7617489395297996 0.8962574574403286 0.963365933687516 -1.1706098181610674 2.7898534055105673 1.5708987655896862 -3.1079680128854967 
Car 4 0 -9999.0 -9999.0 -9999.0 -9999.0 1.7992530582778123 4.74691242279456 2.468755016224238 -2.8578023808350044 0.8931649049409992 1.8717722702911554 -2.9792825949819033 
Car 2 0 -9999.0 -9999.0 -9999.0 -9999.0 1.869817964234 4.069953276501204 2.1371236263150624 -15.052860311191372 -1.267351925320283 3.199355768987865 -2.934984067397208 
Car 1 0 -9999.0 -9999.0 -9999.0 -9999.0 1.563781226033301 2.8241647592695136 1.6755459182934431 -4.125549321931458 -2.494905779370804 2.1777519447397937 -2.85889628096702 
Pedestrian 2 0 -9999.0 -9999.0 -9999.0 -9999.0 1.7944659945207295 1.0293865098694976 0.9107676495989551 20.679379229724084 -0.6750223429312152 -0.4917967242549029 -2.9383697220298473 
Pedestrian 26 0 -9999.0 -9999.0 -9999.0 -9999.0 1.8 0.6955528190278748 0.7008922658629957 39.793108595893344 -4.22174646317524 -2.3222526222565656 0.3451845619733831 
Pedestrian 27 0 -9999.0 -9999.0 -9999.0 -9999.0 1.8 0.7333538995830526 0.7069640180592786 39.55444420282691 -4.856615747832029 -2.338358946197297 0.3343115230706104 
Pedestrian 22 0 -9999.0 -9999.0 -9999.0 -9999.0 1.6923684871820848 0.8932054390458352 0.8277857904868748 28.92080719759758 -1.8227960203587728 -1.502208333603637 -3.070066955682856 
Pedestrian 6 0 -9999.0 -9999.0 -9999.0 -9999.0 1.4787050870040528 0.63 0.63 46.689505735312345 -7.656954168851445 -2.7412913660411813 0.12030502174119384 
Car 9 0 -9999.0 -9999.0 -9999.0 -9999.0 2.0110678902370904 3.6491073811456296 1.8973721859405868 26.223888697644227 -9.28565491530442 -0.24911904636125323 1.9692691176968484 
Pedestrian 23 0 -9999.0 -9999.0 -9999.0 -9999.0 1.582054991347604 0.5867686807733712 0.7723736730945426 37.90655435617922 -5.919323619750176 -2.0840994060859748 -2.932569753442925 
Pedestrian 24 0 -9999.0 -9999.0 -9999.0 -9999.0 1.6265380204741335 0.7243144439909336 0.760852002866169 37.713801666467226 -6.700795574993864 -2.0347207368484397 -2.9392219013643963 
Pedestrian 444 0 -9999.0 -9999.0 -9999.0 -9999.0 1.502878216947772 0.63 0.63 46.67074171306297 -7.019770470726457 -2.7272499484361794 0.12030502174119384 
Car 10 0 -9999.0 -9999.0 -9999.0 -9999.0 2.1574394434890403 5.153142689905318 2.072836565424259 29.145653684127673 -7.742716031953585 -0.5909180868377473 1.9151784493585868 
Car 7 0 -9999.0 -9999.0 -9999.0 -9999.0 1.8372907590833283 5.146615056327163 2.2781257366533887 6.771965986162805 -2.640494425226986 1.2086117863246857 -2.924498304796833 
