Pedestrian 9 0 -9999.0 -9999.0 -9999.0 -9999.0 1.8011808519170776 0.9754172519171165 0.8997259364624444 -11.195203217157832 6.199113674963986 2.402197358309957 -0.9633365980273716 
Car 8 0 -9999.0 -9999.0 -9999.0 -9999.0 2.224459528035265 4.514161950701876 2.211367806206943 10.006980876688333 -12.017165339299114 1.8904064818961053 2.0093035692523333 
Pedestrian 222 0 -9999.0 -9999.0 -9999.0 -9999.0 1.8011808519170776 0.9754172519171165 0.8997259364624444 -12.641721223446716 6.09309494682687 2.552884560421203 2.1782560785564193 
Pedestrian 1 0 -9999.0 -9999.0 -9999.0 -9999.0 1.7617489395297996 0.8962574574403286 0.963365933687516 -1.1194674510313836 2.77275577984196 1.572772780335888 -3.107963017245634 
Car 4 0 -9999.0 -9999.0 -9999.0 -9999.0 1.7992530582778123 4.74691242279456 2.468755016224238 -3.540993723901808 0.9583770356266889 1.954616415452714 -2.9788449990059984 
Car 2 0 -9999.0 -9999.0 -9999.0 -9999.0 1.869817964234 4.069953276501204 2.1371236263150624 -15.006569567825377 -1.2698421620039055 3.128041900219057 -2.9349840673972096 
Car 1 0 -9999.0 -9999.0 -9999.0 -9999.0 1.563781226033301 2.8241647592695136 1.6755459182934431 -4.1123458514032905 -2.482780475299109 2.18383231901103 -2.8592188142699015 
Pedestrian 2 0 -9999.0 -9999.0 -9999.0 -9999.0 1.7944659945207295 1.0293865098694976 0.9107676495989551 20.50830731824733 -0.5801037317247961 -0.5354939756736409 -2.9446003079769216 
Pedestrian 26 0 -9999.0 -9999.0 -9999.0 -9999.0 1.8 0.6955528190278748 0.7008922658629957 39.97676909710793 -4.307465853780524 -2.416681131117781 0.34519435397255194 
Pedestrian 27 0 -9999.0 -9999.0 -9999.0 -9999.0 1.8 0.7333538995830526 0.7069640180592786 39.76666341493625 -4.925462038080059 -2.426179794767257 0.33416702637940787 
Pedestrian 22 0 -9999.0 -9999.0 -9999.0 -9999.0 1.6923684871820848 0.8932054390458352 0.8277857904868748 28.6801250096875 -1.7575392030991508 -1.5136199188800772 -3.0700747683031633 
Pedestrian 6 0 -9999.0 -9999.0 -9999.0 -9999.0 1.4787050870040528 0.63 0.63 46.89608298210272 -7.673218318670085 -2.833424854665464 0.12030502170348267 
Car 9 0 -9999.0 -9999.0 -9999.0 -9999.0 2.0110678902370904 3.6491073811456296 1.8973721859405868 26.218755759621974 -9.2944436074928 -0.295434872585301 1.9708876553271608 
Car 5 0 -9999.0 -9999.0 -9999.0 -9999.0 1.8369121115634848 4.774533904144905 2.3211510184741497 -33.35103644019159 0.059902178239967685 5.264852499960112 -0.15479674201788107 
Pedestrian 23 0 -9999.0 -9999.0 -9999.0 -9999.0 1.582054991347604 0.5867686807733712 0.7723736730945426 37.70789164351708 -5.849905414997461 -2.1849336260686396 -2.932569753442925 
Pedestrian 24 0 -9999.0 -9999.0 -9999.0 -9999.0 1.6265380204741335 0.7243144439909336 0.760852002866169 37.424450783169064 -6.587791798044365 -2.119119816086495 -2.939221901353976 
Pedestrian 444 0 -9999.0 -9999.0 -9999.0 -9999.0 1.502878216947772 0.63 0.63 46.82886196506305 -6.978352056885203 -2.818030425964578 0.12030502174119384 
Car 10 0 -9999.0 -9999.0 -9999.0 -9999.0 2.1574394434890403 5.153142689905318 2.072836565424259 29.143171869161947 -7.73939577387232 -0.6457379060240663 1.9149293830476175 
Car 7 0 -9999.0 -9999.0 -9999.0 -9999.0 1.8372907590833283 5.146615056327163 2.2781257366533887 6.773324967268724 -2.6437321520469896 1.16473020174058 -2.924498304796833 
