Car 8 0 -9999.0 -9999.0 -9999.0 -9999.0 2.224459528035265 4.514161950701876 2.211367806206943 9.93635005367532 -11.974053530787282 2.415465343927777 2.0055411138501693 
Pedestrian 222 0 -9999.0 -9999.0 -9999.0 -9999.0 1.8011808519170776 0.9754172519171165 0.8997259364624444 -12.393244224744356 6.396191227263839 2.622423433283368 2.1782560785564193 
Pedestrian 1 0 -9999.0 -9999.0 -9999.0 -9999.0 1.7617489395297996 0.8962574574403286 0.963365933687516 -1.157578462157726 2.8844095626635555 1.6818975113323145 -3.1079680128854967 
Car 4 0 -9999.0 -9999.0 -9999.0 -9999.0 1.7992530582778123 4.74691242279456 2.468755016224238 1.7229572845827419 0.695440069235667 1.5543903375824835 -2.979255338154843 
Car 2 0 -9999.0 -9999.0 -9999.0 -9999.0 1.869817964234 4.069953276501204 2.1371236263150624 -15.097428716951361 -1.1126931401235294 3.0893993531231687 -2.9349840673972096 
Car 1 0 -9999.0 -9999.0 -9999.0 -9999.0 1.563781226033301 2.8241647592695136 1.6755459182934431 -4.121904657573897 -2.314822873704329 2.342574411087623 -2.857291111984857 
Pedestrian 2 0 -9999.0 -9999.0 -9999.0 -9999.0 1.7944659945207295 1.0293865098694976 0.9107676495989551 22.63061456818126 -1.195958337242279 -0.2526897319652432 -2.756559064885824 
Pedestrian 26 0 -9999.0 -9999.0 -9999.0 -9999.0 1.8 0.6955528190278748 0.7008922658629957 38.081154596431396 -3.6353749564252085 -1.4303071492574229 0.3452146068714148 
Pedestrian 27 0 -9999.0 -9999.0 -9999.0 -9999.0 1.8 0.7333538995830526 0.7069640180592786 37.85058004504416 -4.266657916030892 -1.3895456802226434 0.33484054433048627 
Pedestrian 22 0 -9999.0 -9999.0 -9999.0 -9999.0 1.6923684871820848 0.8932054390458352 0.8277857904868748 30.93686705921555 -2.2621969730198095 -1.0302861391235671 -3.0700747683031633 
Pedestrian 6 0 -9999.0 -9999.0 -9999.0 -9999.0 1.4787050870040528 0.63 0.63 45.536288513817496 -7.45191147799185 -1.8351340762702082 0.12030504850592116 
Car 9 0 -9999.0 -9999.0 -9999.0 -9999.0 2.0110678902370904 3.6491073811456296 1.8973721859405868 26.229622671204403 -9.208627397843122 0.16401923561269666 1.944904001563927 
Pedestrian 23 0 -9999.0 -9999.0 -9999.0 -9999.0 1.582054991347604 0.5867686807733712 0.7723736730945426 39.763083378246066 -6.353045988084204 -1.5521527816929996 -2.932569753442925 
Pedestrian 24 0 -9999.0 -9999.0 -9999.0 -9999.0 1.6265380204741335 0.7243144439909336 0.760852002866169 39.49647957787215 -7.0921193360332895 -1.4774785711781506 -2.939221901353976 
Pedestrian 889 0 -9999.0 -9999.0 -9999.0 -9999.0 1.6780659822972481 0.746646364267392 0.7967938042366157 57.33354269455936 -12.387022457060574 -2.3232524684062046 -0.015519478269526488 
Pedestrian 444 0 -9999.0 -9999.0 -9999.0 -9999.0 1.502878216947772 0.63 0.63 45.59961671406837 -6.832110674227419 -1.803882587865016 0.12030502174119384 
Car 10 0 -9999.0 -9999.0 -9999.0 -9999.0 2.1574394434890403 5.153142689905318 2.072836565424259 29.163593010069153 -7.777028379336512 -0.1378042061086393 1.9176426113042595 
Car 7 0 -9999.0 -9999.0 -9999.0 -9999.0 1.8372907590833283 5.146615056327163 2.2781257366533887 6.807656150375236 -2.5912323925685685 1.4814533749713232 -2.924498304796833 
