Pedestrian 21 0 -9999.0 -9999.0 -9999.0 -9999.0 1.5486937499742908 1.0873959982889 0.7717083307869881 -20.15529879143492 0.7638968774780379 2.816441956594522 -1.499274462851771 
Pedestrian 9 0 -9999.0 -9999.0 -9999.0 -9999.0 1.8011808519170776 0.9754172519171165 0.8997259364624444 -11.24674147956515 6.452765008627654 1.6638855810017268 -0.9633365980273716 
Car 8 0 -9999.0 -9999.0 -9999.0 -9999.0 2.224459528035265 4.514161950701876 2.211367806206943 9.96555842076791 -11.883695982960628 1.1700054231862242 2.0085597348897046 
Pedestrian 222 0 -9999.0 -9999.0 -9999.0 -9999.0 1.8011808519170776 0.9754172519171165 0.8997259364624444 -12.563650959383647 6.32015703774447 1.7784325661842413 2.1782560785564193 
Pedestrian 1 0 -9999.0 -9999.0 -9999.0 -9999.0 1.7617489395297996 0.8962574574403286 0.963365933687516 -3.885888923733206 2.581379819409872 0.9741531166568058 -3.046420896676093 
Car 4 0 -9999.0 -9999.0 -9999.0 -9999.0 1.7992530582778123 4.74691242279456 2.468755016224238 -26.93721177873686 3.822825097365533 3.5821404491773414 3.082524011040867 
Car 2 0 -9999.0 -9999.0 -9999.0 -9999.0 1.869817964234 4.069953276501204 2.1371236263150624 -14.935892369096608 -1.1889972936939435 2.3099249289005965 -2.934984067397208 
Car 1 0 -9999.0 -9999.0 -9999.0 -9999.0 1.563781226033301 2.8241647592695136 1.6755459182934431 -4.064039749799569 -2.6610669136273515 1.2959710501509143 -2.8614570946017537 
Pedestrian 2 0 -9999.0 -9999.0 -9999.0 -9999.0 1.7944659945207295 1.0293865098694976 0.9107676495989551 14.144008386534225 0.7314704356361151 -0.7607570133602254 -3.070489510659872 
Pedestrian 26 0 -9999.0 -9999.0 -9999.0 -9999.0 1.8 0.6955528190278748 0.7008922658629957 45.330537982573816 -6.064668312726711 -3.469810709820731 0.3452146068714157 
Pedestrian 27 0 -9999.0 -9999.0 -9999.0 -9999.0 1.8 0.7333538995830526 0.7069640180592786 45.1106359948453 -6.671755740178644 -3.412044084066479 0.33120583476301313 
Pedestrian 22 0 -9999.0 -9999.0 -9999.0 -9999.0 1.6923684871820848 0.8932054390458352 0.8277857904868748 22.618125499820305 -0.6936360219551061 -1.6393869511104702 -3.0701222920090743 
Car 9 0 -9999.0 -9999.0 -9999.0 -9999.0 2.0110678902370904 3.6491073811456296 1.8973721859405868 26.186757338371322 -9.298651852761948 -1.1802244862013727 1.9547491474583865 
Car 5 0 -9999.0 -9999.0 -9999.0 -9999.0 1.8369121115634848 4.774533904144905 2.3211510184741497 -33.57106756381287 -0.06617096879199919 4.315409431249011 -0.15479674201788107 
Pedestrian 11 0 -9999.0 -9999.0 -9999.0 -9999.0 1.743219227040754 0.6949430683373164 0.6988812923314164 -47.01925386140643 3.2410105287064175 5.489712119919968 0.07151788528662983 
Pedestrian 10 0 -9999.0 -9999.0 -9999.0 -9999.0 1.7700520281650824 0.6950127251504835 0.698726805862869 -47.052409838687666 2.3751010401090418 5.504505314472532 0.0715178852925833 
Pedestrian 23 0 -9999.0 -9999.0 -9999.0 -9999.0 1.582054991347604 0.5867686807733712 0.7723736730945426 32.46544623499721 -4.791247304595256 -2.3464226121673155 -2.932220586841268 
Pedestrian 24 0 -9999.0 -9999.0 -9999.0 -9999.0 1.6265380204741335 0.7243144439909336 0.760852002866169 32.28834837987579 -5.528389937569341 -2.325295349904736 -2.9390200228375942 
Car 10 0 -9999.0 -9999.0 -9999.0 -9999.0 2.1574394434890403 5.153142689905318 2.072836565424259 29.08350359960326 -7.74565550644492 -1.4938593081871048 1.9124317119764118 
Car 7 0 -9999.0 -9999.0 -9999.0 -9999.0 1.8372907590833283 5.146615056327163 2.2781257366533887 6.659348933324807 -2.835782961040501 0.4002084194590655 -2.924498304796833 
