Pedestrian 14 0 -9999.0 -9999.0 -9999.0 -9999.0 1.6121585248010888 0.5638807898783634 0.6098700835457089 -30.4488266659769 2.137964091852046 2.934990249207075 0.28903396382261093 
Pedestrian 18 0 -9999.0 -9999.0 -9999.0 -9999.0 1.7917462843484828 0.7713067063640413 0.6942592859985821 -39.142404717981336 4.078702851970441 3.559394651272858 -0.20726343372793288 
Pedestrian 17 0 -9999.0 -9999.0 -9999.0 -9999.0 1.7139129318266897 0.8143442265930848 0.7556700052514177 -30.209448146915783 10.040248163259523 2.2400503070306237 -2.562746279525772 
Pedestrian 10 0 -9999.0 -9999.0 -9999.0 -9999.0 1.7700520281650824 0.6950127251504835 0.698726805862869 -36.78245887476665 4.750856410332505 3.5167575809721634 0.07151788528662983 
Pedestrian 11 0 -9999.0 -9999.0 -9999.0 -9999.0 1.743219227040754 0.6949430683373164 0.6988812923314164 -36.83426254179627 5.610218238068103 3.4927786122882916 0.07151788528662983 
Car 7 0 -9999.0 -9999.0 -9999.0 -9999.0 1.8372907590833283 5.146615056327163 2.2781257366533887 6.673299903210575 -2.8206084736411223 -0.5411835239782419 -2.924498304796833 
Pedestrian 9 0 -9999.0 -9999.0 -9999.0 -9999.0 1.8011808519170776 0.9754172519171165 0.8997259364624444 -11.359817086103073 6.229457442855517 0.6925357838946059 -0.9633365980273698 
Pedestrian 222 0 -9999.0 -9999.0 -9999.0 -9999.0 1.8011808519170776 0.9754172519171165 0.8997259364624444 -12.58249181204357 6.267602650008451 0.8152317674575587 2.178256078556421 
Pedestrian 1 0 -9999.0 -9999.0 -9999.0 -9999.0 1.7617489395297996 0.8962574574403286 0.963365933687516 -10.949734766978223 -0.3419941032923405 0.9352200599931455 2.8469000600418504 
Car 3 0 -9999.0 -9999.0 -9999.0 -9999.0 1.497421924732449 4.274993790819908 2.215006876834789 -3.090388033402855 -10.78174357152662 1.09883419156622 2.0335696316234557 
Pedestrian 3 0 -9999.0 -9999.0 -9999.0 -9999.0 1.262461173550971 0.8656375095412872 0.8043813596525365 -15.752840253985676 5.175621962357327 0.8344168309095095 2.337332842573936 
Pedestrian 4 0 -9999.0 -9999.0 -9999.0 -9999.0 1.7880067545646343 0.823781929075537 0.8958396887729885 -16.884930733497818 5.938246783526355 1.1722662819871832 2.4204658111531554 
Pedestrian 5 0 -9999.0 -9999.0 -9999.0 -9999.0 1.7974897720650915 0.992589562133693 0.7186775952934377 -25.960014164130452 7.914217596536962 1.9957865380065585 2.6122969552712227 
Pedestrian 7 0 -9999.0 -9999.0 -9999.0 -9999.0 1.85 0.823781929075537 0.963365933687516 -14.920070619152565 6.296351216239565 0.9693358503694056 2.3117027836865827 
Pedestrian 8 0 -9999.0 -9999.0 -9999.0 -9999.0 1.8 0.823781929075537 0.963365933687516 -15.887050469724697 6.335209053817622 1.0316021487810223 2.337332891498967 
Pedestrian 324 0 -9999.0 -9999.0 -9999.0 -9999.0 1.7342625952305752 0.823781929075537 0.963365933687516 35.11832000034302 -3.3738994717737345 -3.388302127271108 -2.9429748828445383 
Pedestrian 325 0 -9999.0 -9999.0 -9999.0 -9999.0 1.7342625952305752 0.823781929075537 0.8720767755301797 35.0496372301349 -3.885632469723262 -3.363501841850111 -2.942974823374705 
Pedestrian 786 0 -9999.0 -9999.0 -9999.0 -9999.0 1.7974897720650915 1.0249044043765634 0.9461904251673465 -30.64542973387477 0.36533973319054514 3.017332495675434 -2.212261859612406 
Pedestrian 555 0 -9999.0 -9999.0 -9999.0 -9999.0 1.7951268703332972 1.0730522630020127 0.7556700052514177 -28.664913080224476 11.0947637181366 2.0626402812802818 1.369460774881631 
Pedestrian 300 0 -9999.0 -9999.0 -9999.0 -9999.0 1.719110947049838 0.5942389613524003 0.5598340397973025 -6.925973570558748 6.975153640112992 0.645706005826666 -1.523120714757841 
Car 2 0 -9999.0 -9999.0 -9999.0 -9999.0 1.869817964234 4.069953276501204 2.1371236263150624 -15.067523602681417 -1.5658723376672312 1.1730123043360698 -2.934984067397208 
Car 1 0 -9999.0 -9999.0 -9999.0 -9999.0 1.563781226033301 2.8241647592695136 1.6755459182934431 -4.095798362150618 -2.900645770435143 0.4437671475997267 -2.857210338847402 
Pedestrian 2 0 -9999.0 -9999.0 -9999.0 -9999.0 1.7944659945207295 1.0293865098694976 0.9107676495989551 -0.4629344938497981 1.7519373376225111 -0.28358552668887527 -3.070489510659872 
Pedestrian 13 0 -9999.0 -9999.0 -9999.0 -9999.0 1.85 0.9178706831151349 0.7423551562594414 -39.219455747500284 4.9726652145272014 3.5767909904517676 -0.14693246294131868 
Pedestrian 25 0 -9999.0 -9999.0 -9999.0 -9999.0 1.7260692569806146 0.7202761908522434 0.691398761311719 22.102525077491713 -5.840698236960531 -1.9773569263236113 -0.0849305139288461 
Pedestrian 22 0 -9999.0 -9999.0 -9999.0 -9999.0 1.6923684871820848 0.8932054390458352 0.8277857904868748 8.9957662652281 1.658098798976625 -1.336424925702841 -3.069862744304343 
Car 10 0 -9999.0 -9999.0 -9999.0 -9999.0 2.1574394434890403 5.153142689905318 2.072836565424259 29.002916594197156 -7.824021884194204 -2.2717843613058313 1.9222653127278733 
Pedestrian 16 0 -9999.0 -9999.0 -9999.0 -9999.0 1.7780619257764556 0.6846979994870754 0.7494903408760649 -30.489221573633486 1.4903950118872373 3.013778012245994 0.31859688155372723 
Car 5 0 -9999.0 -9999.0 -9999.0 -9999.0 1.8369121115634848 4.774533904144905 2.3211510184741497 -33.75494876902281 -0.004243294958946819 3.243703184240726 -0.15479674201788107 
Car 15 0 -9999.0 -9999.0 -9999.0 -9999.0 2 4 1.977826084800126 -45.55645102099057 3.107686694864405 3.811410269945225 -0.3023151478075068 
Pedestrian 23 0 -9999.0 -9999.0 -9999.0 -9999.0 1.582054991347604 0.5867686807733712 0.7723736730945426 22.792211781099194 -2.816939233665515 -2.3623056676717917 -3.0673348642286378 
Pedestrian 24 0 -9999.0 -9999.0 -9999.0 -9999.0 1.6265380204741335 0.7243144439909336 0.760852002866169 22.75584006985153 -3.572652234088453 -2.3030649436743027 -3.0700747683031633 
Pedestrian 666 0 -9999.0 -9999.0 -9999.0 -9999.0 1.7974897720650915 0.9314450322483807 0.7186775952934377 -26.27863420997101 8.431110732883273 2.0140786004998676 2.6122969489024044 
