Pedestrian 9 0 -9999.0 -9999.0 -9999.0 -9999.0 1.8011808519170776 0.9754172519171165 0.8997259364624444 -11.032747007959424 6.305339812177851 1.954617666297417 -0.9633365980273716 
Car 8 0 -9999.0 -9999.0 -9999.0 -9999.0 2.224459528035265 4.514161950701876 2.211367806206943 9.994221422038674 -12.009030600505465 1.359664211794093 2.007738842380661 
Pedestrian 222 0 -9999.0 -9999.0 -9999.0 -9999.0 1.8011808519170776 0.9754172519171165 0.8997259364624444 -12.359966368381915 6.399867424404242 2.093063985865971 2.1782560785564193 
Pedestrian 1 0 -9999.0 -9999.0 -9999.0 -9999.0 1.7617489395297996 0.8962574574403286 0.963365933687516 -2.1461893357973953 2.4253591292109093 1.2035516875775976 -3.0894753297621502 
Car 4 0 -9999.0 -9999.0 -9999.0 -9999.0 1.7992530582778123 4.74691242279456 2.468755016224238 -13.020214796963241 2.430582416806507 2.3620647031015483 -2.981076207587826 
Car 2 0 -9999.0 -9999.0 -9999.0 -9999.0 1.869817964234 4.069953276501204 2.1371236263150624 -14.978252567504565 -1.1642291479008078 2.735768435808897 -2.9349840673972096 
Car 1 0 -9999.0 -9999.0 -9999.0 -9999.0 1.563781226033301 2.8241647592695136 1.6755459182934431 -3.9998971051032184 -2.5780778019080604 1.70467521042704 -2.8584199599365867 
Pedestrian 2 0 -9999.0 -9999.0 -9999.0 -9999.0 1.7944659945207295 1.0293865098694976 0.9107676495989551 17.74563313117609 -0.024870257527353248 -0.8188330979550783 -3.070489510659872 
Pedestrian 26 0 -9999.0 -9999.0 -9999.0 -9999.0 1.8 0.6955528190278748 0.7008922658629957 42.40346667457009 -5.0242508676566064 -2.9812955566323778 0.3452147861399961 
Pedestrian 27 0 -9999.0 -9999.0 -9999.0 -9999.0 1.8 0.7333538995830526 0.7069640180592786 42.1404651484722 -5.718460326736078 -2.9307543024342593 0.33289453915360845 
Pedestrian 22 0 -9999.0 -9999.0 -9999.0 -9999.0 1.6923684871820848 0.8932054390458352 0.8277857904868748 26.095997565275372 -1.1588974024421212 -1.8144050110353225 -3.0687320753160545 
Car 9 0 -9999.0 -9999.0 -9999.0 -9999.0 2.0110678902370904 3.6491073811456296 1.8973721859405868 26.178916770026433 -9.255404722858607 -0.8483900728024986 1.9597437045290498 
Car 5 0 -9999.0 -9999.0 -9999.0 -9999.0 1.8369121115634848 4.774533904144905 2.3211510184741497 -33.630686307589336 0.2821209961103097 4.718116943947214 -0.15479674201788107 
Pedestrian 23 0 -9999.0 -9999.0 -9999.0 -9999.0 1.582054991347604 0.5867686807733712 0.7723736730945426 35.30407951569082 -5.508257194984726 -2.7254757086145434 -2.9325697477227397 
Pedestrian 24 0 -9999.0 -9999.0 -9999.0 -9999.0 1.6265380204741335 0.7243144439909336 0.760852002866169 34.961009254282445 -6.239206555378473 -2.6126757256870854 -2.939221901353976 
Pedestrian 444 0 -9999.0 -9999.0 -9999.0 -9999.0 1.502878216947772 0.63 0.63 48.5239516188537 -7.884479139623045 -3.1976331330623546 0.25717471902620304 
Car 10 0 -9999.0 -9999.0 -9999.0 -9999.0 2.1574394434890403 5.153142689905318 2.072836565424259 29.107817849032447 -7.7387554936271155 -1.1720024021961646 1.9129994045157677 
Car 7 0 -9999.0 -9999.0 -9999.0 -9999.0 1.8372907590833283 5.146615056327163 2.2781257366533887 6.814374833095356 -2.650206293462237 0.6847217068481658 -2.924498304796833 
