Pedestrian 21 0 -9999.0 -9999.0 -9999.0 -9999.0 1.5486937499742908 1.0873959982889 0.7717083307869881 -19.49299545393989 2.993202394002143 2.4058387098949536 -1.499274462851771 
Pedestrian 9 0 -9999.0 -9999.0 -9999.0 -9999.0 1.8011808519170776 0.9754172519171165 0.8997259364624444 -11.326794596876084 6.468751142511398 1.3961138305711633 -0.9633365980273716 
Car 8 0 -9999.0 -9999.0 -9999.0 -9999.0 2.224459528035265 4.514161950701876 2.211367806206943 9.937004365681258 -12.032400287475564 1.5343744442276015 2.0084225147218966 
Pedestrian 222 0 -9999.0 -9999.0 -9999.0 -9999.0 1.8011808519170776 0.9754172519171165 0.8997259364624444 -12.53462224259477 6.370579129091936 1.5368341998320938 2.1782560785564193 
Pedestrian 1 0 -9999.0 -9999.0 -9999.0 -9999.0 1.7617489395297996 0.8962574574403286 0.963365933687516 -4.635340604717651 2.584153371206089 0.9591164282273033 2.8633491503354414 
Car 4 0 -9999.0 -9999.0 -9999.0 -9999.0 1.7992530582778123 4.74691242279456 2.468755016224238 -34.00353204860949 3.3487335279538915 4.073068580605254 2.9762362067579637 
Car 2 0 -9999.0 -9999.0 -9999.0 -9999.0 1.869817964234 4.069953276501204 2.1371236263150624 -14.923326644925092 -1.27556064926854 2.2789451570897814 -2.9349840673972096 
Car 1 0 -9999.0 -9999.0 -9999.0 -9999.0 1.563781226033301 2.8241647592695136 1.6755459182934431 -4.07774411964365 -2.714117795621641 1.256459270808891 -2.857021939262637 
Pedestrian 2 0 -9999.0 -9999.0 -9999.0 -9999.0 1.7944659945207295 1.0293865098694976 0.9107676495989551 12.443976649547238 1.1792456365357524 -0.6988744902972582 -3.070489508336154 
Pedestrian 27 0 -9999.0 -9999.0 -9999.0 -9999.0 1.8 0.7333538995830526 0.7069640180592786 46.589631537107266 -7.240596094024019 -3.357186396174621 0.3311259283827308 
Pedestrian 22 0 -9999.0 -9999.0 -9999.0 -9999.0 1.6923684871820848 0.8932054390458352 0.8277857904868748 20.80363887811573 -0.6838892319001881 -1.5432868935872732 -3.0700747683031633 
Car 9 0 -9999.0 -9999.0 -9999.0 -9999.0 2.0110678902370904 3.6491073811456296 1.8973721859405868 26.126271869769944 -9.385026576972269 -1.16186094627724 1.9510654029721035 
Car 5 0 -9999.0 -9999.0 -9999.0 -9999.0 1.8369121115634848 4.774533904144905 2.3211510184741497 -33.68550374392069 -0.20216059193071662 4.137819431343328 -0.15479674201788107 
Pedestrian 11 0 -9999.0 -9999.0 -9999.0 -9999.0 1.743219227040754 0.6949430683373164 0.6988812923314164 -45.45436318315192 3.6602510920310185 5.367445465524213 0.07151788528662983 
Pedestrian 10 0 -9999.0 -9999.0 -9999.0 -9999.0 1.7700520281650824 0.6950127251504835 0.698726805862869 -45.31358227836338 2.876178749345813 5.366676639900046 0.07151788529069592 
Pedestrian 333 0 -9999.0 -9999.0 -9999.0 -9999.0 1.6935575153474929 0.7330508550058386 0.6474589698422951 -36.790488857604224 1.5592139981486945 4.362561475499526 -0.2326610271191516 
Pedestrian 23 0 -9999.0 -9999.0 -9999.0 -9999.0 1.582054991347604 0.5867686807733712 0.7723736730945426 31.120777566462422 -4.469988444227513 -2.1711692969560583 -2.9197693391391173 
Pedestrian 24 0 -9999.0 -9999.0 -9999.0 -9999.0 1.6265380204741335 0.7243144439909336 0.760852002866169 30.997912485866376 -5.205660300988642 -2.090754758994423 -2.9294814821287254 
Car 10 0 -9999.0 -9999.0 -9999.0 -9999.0 2.1574394434890403 5.153142689905318 2.072836565424259 29.08655858406619 -7.741794222358284 -1.4694184284742995 1.9128146901801308 
Car 7 0 -9999.0 -9999.0 -9999.0 -9999.0 1.8372907590833283 5.146615056327163 2.2781257366533887 6.654848269252811 -2.8799215671259533 0.3084253369033363 -2.924498304796833 
