Pedestrian 9 0 -9999.0 -9999.0 -9999.0 -9999.0 1.8011808519170776 0.9754172519171165 0.8997259364624444 -10.994890741074682 6.244338463167295 1.6956487691903734 -0.9633365980273716 
Car 8 0 -9999.0 -9999.0 -9999.0 -9999.0 2.224459528035265 4.514161950701876 2.211367806206943 9.992526321045855 -12.007079966087918 1.2318634820911938 2.008335555220306 
Pedestrian 222 0 -9999.0 -9999.0 -9999.0 -9999.0 1.8011808519170776 0.9754172519171165 0.8997259364624444 -12.529025770282704 6.33535995438946 1.861569918984167 2.1782560785564193 
Pedestrian 1 0 -9999.0 -9999.0 -9999.0 -9999.0 1.7617489395297996 0.8962574574403286 0.963365933687516 -3.1915009979299813 2.4865971778147546 1.0282177474447325 -2.9956914765560114 
Car 4 0 -9999.0 -9999.0 -9999.0 -9999.0 1.7992530582778123 4.74691242279456 2.468755016224238 -20.78112823844824 3.812599162724641 2.8515415885362003 -2.970603887962996 
Car 2 0 -9999.0 -9999.0 -9999.0 -9999.0 1.869817964234 4.069953276501204 2.1371236263150624 -14.965591177610246 -1.2689070538975944 2.5969578812599408 -2.934984067397208 
Car 1 0 -9999.0 -9999.0 -9999.0 -9999.0 1.563781226033301 2.8241647592695136 1.6755459182934431 -4.034428210991499 -2.6399691551816824 1.4039760362401241 -2.8606536798728026 
Pedestrian 2 0 -9999.0 -9999.0 -9999.0 -9999.0 1.7944659945207295 1.0293865098694976 0.9107676495989551 15.824912642931114 0.5020354367119255 -0.8198092574673754 -3.070489510659872 
Pedestrian 26 0 -9999.0 -9999.0 -9999.0 -9999.0 1.8 0.6955528190278748 0.7008922658629957 44.120186904030916 -5.7497755824792085 -3.047971863507161 0.3452146068714157 
Pedestrian 27 0 -9999.0 -9999.0 -9999.0 -9999.0 1.8 0.7333538995830526 0.7069640180592786 43.8021401702856 -6.37933244184678 -2.9870007176857567 0.3319266461623247 
Pedestrian 22 0 -9999.0 -9999.0 -9999.0 -9999.0 1.6923684871820848 0.8932054390458352 0.8277857904868748 24.197830397344433 -0.8570361446938066 -1.7023576063569035 -3.0685937622489075 
Car 9 0 -9999.0 -9999.0 -9999.0 -9999.0 2.0110678902370904 3.6491073811456296 1.8973721859405868 26.20076738766115 -9.282877501753877 -1.1399617659594008 1.9584343551861672 
Car 5 0 -9999.0 -9999.0 -9999.0 -9999.0 1.8369121115634848 4.774533904144905 2.3211510184741497 -33.58331970185577 0.3427620071680075 4.497327788925833 -0.15479674201788107 
Pedestrian 23 0 -9999.0 -9999.0 -9999.0 -9999.0 1.582054991347604 0.5867686807733712 0.7723736730945426 33.59497652221727 -5.112067433660285 -2.6958714948433675 -2.932569753442925 
Pedestrian 24 0 -9999.0 -9999.0 -9999.0 -9999.0 1.6265380204741335 0.7243144439909336 0.760852002866169 33.4532081093542 -5.842357147711966 -2.6308265494820673 -2.939221901353976 
Car 10 0 -9999.0 -9999.0 -9999.0 -9999.0 2.1574394434890403 5.153142689905318 2.072836565424259 29.08586030199539 -7.747116043894019 -1.4513770005151005 1.912440495776245 
Car 7 0 -9999.0 -9999.0 -9999.0 -9999.0 1.8372907590833283 5.146615056327163 2.2781257366533887 6.7041448266520725 -2.7516988927861052 0.4905585820055009 -2.924498304796833 
