Car 8 0 -9999.0 -9999.0 -9999.0 -9999.0 2.224459528035265 4.514161950701876 2.211367806206943 9.981243652104117 -12.08936239440484 2.3179760071349147 2.0068928322116744 
Pedestrian 1 0 -9999.0 -9999.0 -9999.0 -9999.0 1.7617489395297996 0.8962574574403286 0.963365933687516 -1.1207159113401752 2.9116359347041714 1.6247781921294462 -3.1079680128854967 
Car 4 0 -9999.0 -9999.0 -9999.0 -9999.0 1.7992530582778123 4.74691242279456 2.468755016224238 4.502395809347705 0.6331005577697669 1.3968277011541355 -2.9785786694764393 
Car 2 0 -9999.0 -9999.0 -9999.0 -9999.0 1.869817964234 4.069953276501204 2.1371236263150624 -14.941830422837405 -1.3081145031790065 3.1955345774032917 -2.9349840673972096 
Car 1 0 -9999.0 -9999.0 -9999.0 -9999.0 1.563781226033301 2.8241647592695136 1.6755459182934431 -4.191670414013136 -2.4551945377269635 2.4531400388148574 -2.8588003050329807 
Pedestrian 2 0 -9999.0 -9999.0 -9999.0 -9999.0 1.7944659945207295 1.0293865098694976 0.9107676495989551 23.66331251338221 -1.741250019184956 -0.1874835847993668 -2.6893237391912503 
Pedestrian 26 0 -9999.0 -9999.0 -9999.0 -9999.0 1.8 0.6955528190278748 0.7008922658629957 36.86161100194822 -3.0076519751008117 -1.125875264829598 0.24757907670548462 
Pedestrian 27 0 -9999.0 -9999.0 -9999.0 -9999.0 1.8 0.7333538995830526 0.7069640180592786 36.97798532261331 -3.6993330303409095 -1.1482335236176415 0.25586348397973424 
Pedestrian 22 0 -9999.0 -9999.0 -9999.0 -9999.0 1.6923684871820848 0.8932054390458352 0.8277857904868748 32.12759294902831 -2.4790652160510858 -0.9678249331124206 -3.0700747683031633 
Pedestrian 6 0 -9999.0 -9999.0 -9999.0 -9999.0 1.4787050870040528 0.63 0.63 44.52508454115061 -7.626169916013351 -1.7207356497574704 0.12030502174119384 
Car 9 0 -9999.0 -9999.0 -9999.0 -9999.0 2.0110678902370904 3.6491073811456296 1.8973721859405868 26.17855278159947 -9.29729324925671 0.543407136980625 1.9414713641196073 
Pedestrian 222 0 -9999.0 -9999.0 -9999.0 -9999.0 1.8011808519170776 0.9754172519171165 0.8997259364624444 -12.310736467240815 6.324742193972501 2.586163486410607 2.1782560785564193 
Pedestrian 23 0 -9999.0 -9999.0 -9999.0 -9999.0 1.582054991347604 0.5867686807733712 0.7723736730945426 41.069071212585925 -7.0454061306487485 -1.4930291507828968 -2.932569753442925 
Pedestrian 24 0 -9999.0 -9999.0 -9999.0 -9999.0 1.6265380204741335 0.7243144439909336 0.760852002866169 40.350441393379285 -7.2877421630577714 -1.410469920030657 -2.939221901353976 
Pedestrian 444 0 -9999.0 -9999.0 -9999.0 -9999.0 1.502878216947772 0.63 0.63 44.314006682664065 -6.778958671329237 -1.7276667292002714 0.12030502174106417 
Car 10 0 -9999.0 -9999.0 -9999.0 -9999.0 2.1574394434890403 5.153142689905318 2.072836565424259 29.178700127778747 -7.7819676284410875 0.11376314874190027 1.9196236366558352 
Car 7 0 -9999.0 -9999.0 -9999.0 -9999.0 1.8372907590833283 5.146615056327163 2.2781257366533887 6.819695462952107 -2.5893567385112686 1.5602680953934032 -2.924498304796833 
