Pedestrian 21 0 -9999.0 -9999.0 -9999.0 -9999.0 1.5486937499742908 1.0873959982889 0.7717083307869881 -18.3186210505467 6.333341334146871 2.021087095922229 -0.9344182146570787 
Pedestrian 10 0 -9999.0 -9999.0 -9999.0 -9999.0 1.7700520281650824 0.6950127251504835 0.698726805862869 -43.14491525303785 3.7890984531254666 4.920330574294416 0.07151788528662983 
Pedestrian 11 0 -9999.0 -9999.0 -9999.0 -9999.0 1.743219227040754 0.6949430683373164 0.6988812923314164 -43.565780332039935 4.469787101338543 4.883946917344968 0.07151788528662983 
Pedestrian 9 0 -9999.0 -9999.0 -9999.0 -9999.0 1.8011808519170776 0.9754172519171165 0.8997259364624444 -11.273537529091982 6.197536215878705 1.1016377308896894 -0.9633365980273716 
Pedestrian 20 0 -9999.0 -9999.0 -9999.0 -9999.0 1.7856978932434147 0.9644830564353185 0.9356425578791832 -17.104030290668483 5.217343497977435 2.0375323219149597 1.7967417648361774 
Pedestrian 222 0 -9999.0 -9999.0 -9999.0 -9999.0 1.8011808519170776 0.9754172519171165 0.8997259364624444 -12.446515971225583 6.286702711462374 1.2714985833643915 2.1782560785564193 
Pedestrian 1 0 -9999.0 -9999.0 -9999.0 -9999.0 1.7617489395297996 0.8962574574403286 0.963365933687516 -5.839373923807117 2.199375542025369 0.7939859131899755 2.6551721904574883 
Car 3 0 -9999.0 -9999.0 -9999.0 -9999.0 1.497421924732449 4.274993790819908 2.215006876834789 -2.9247253674091063 -10.804854797511668 1.6858233485396648 2.035854287259511 
Pedestrian 324 0 -9999.0 -9999.0 -9999.0 -9999.0 1.7342625952305752 0.823781929075537 0.963365933687516 43.85196034066715 -7.958979749451632 -3.1267910529454475 -2.7929087674167477 
Pedestrian 325 0 -9999.0 -9999.0 -9999.0 -9999.0 1.7342625952305752 0.823781929075537 0.8720767755301797 43.59633197606318 -8.711994523715648 -3.0544580996861006 -2.7929022535758854 
Car 4 0 -9999.0 -9999.0 -9999.0 -9999.0 1.7992530582778123 4.74691242279456 2.468755016224238 -41.81244178473144 2.3199939529891784 4.779628125150094 2.9112933171964883 
Car 2 0 -9999.0 -9999.0 -9999.0 -9999.0 1.869817964234 4.069953276501204 2.1371236263150624 -14.84792525605317 -1.5371654468592517 1.7799424503032437 -2.9349840673972096 
Car 1 0 -9999.0 -9999.0 -9999.0 -9999.0 1.563781226033301 2.8241647592695136 1.6755459182934431 -4.111077725483159 -2.8127262540971727 0.9984872651347612 -2.8572660616987697 
Pedestrian 2 0 -9999.0 -9999.0 -9999.0 -9999.0 1.7944659945207295 1.0293865098694976 0.9107676495989551 9.440462201712874 1.2405063092736788 -0.6886443427748861 -3.0704895106568273 
Pedestrian 12 0 -9999.0 -9999.0 -9999.0 -9999.0 1.85 0.8304195303104085 0.7980478593464815 -41.33773966175834 8.232057149030874 5.00340683974478 -0.1449043903505025 
Pedestrian 22 0 -9999.0 -9999.0 -9999.0 -9999.0 1.6923684871820848 0.8932054390458352 0.8277857904868748 18.108753592146435 -0.5043274667269088 -1.5112863950222213 -3.0700739327153155 
Car 9 0 -9999.0 -9999.0 -9999.0 -9999.0 2.0110678902370904 3.6491073811456296 1.8973721859405868 26.041211458183028 -9.605669477184325 -1.3200797317067945 1.9594298914300516 
Car 5 0 -9999.0 -9999.0 -9999.0 -9999.0 1.8369121115634848 4.774533904144905 2.3211510184741497 -33.80376333318143 -0.08232378029300848 3.850921770146897 -0.15479674201788107 
Pedestrian 230 0 -9999.0 -9999.0 -9999.0 -9999.0 1.6935575153474929 0.7330508550058386 0.695050280878784 -34.27861859779432 1.5559347522366964 3.9342387845820332 -0.14047695642006808 
Pedestrian 333 0 -9999.0 -9999.0 -9999.0 -9999.0 1.6935575153474929 0.7330508550058386 0.6474589698422951 -34.516382982911956 2.1968325786054237 3.9381940801779565 -0.12733512230634325 
Pedestrian 23 0 -9999.0 -9999.0 -9999.0 -9999.0 1.582054991347604 0.5867686807733712 0.7723736730945426 29.010692256595124 -4.171688174372871 -2.261384777096533 -3.0692502521055385 
Pedestrian 24 0 -9999.0 -9999.0 -9999.0 -9999.0 1.6265380204741335 0.7243144439909336 0.760852002866169 29.018821430183355 -4.964838738203183 -2.234501186493182 -3.0703637956108842 
Car 10 0 -9999.0 -9999.0 -9999.0 -9999.0 2.1574394434890403 5.153142689905318 2.072836565424259 29.073045971364618 -7.751392423794741 -1.6186936573420643 1.9141448053152743 
Car 7 0 -9999.0 -9999.0 -9999.0 -9999.0 1.8372907590833283 5.146615056327163 2.2781257366533887 6.620925963895689 -2.9162687641012766 0.03555980981038381 -2.924498304796833 
