Pedestrian 21 0 -9999.0 -9999.0 -9999.0 -9999.0 1.5486937499742908 1.0873959982889 0.7717083307869881 -19.382553884236447 3.677492967442125 2.2113777734125386 -1.4988896729761052 
Pedestrian 9 0 -9999.0 -9999.0 -9999.0 -9999.0 1.8011808519170776 0.9754172519171165 0.8997259364624444 -11.32773872633378 6.4668219022974 1.4510476829655108 -0.9633365980273716 
Car 8 0 -9999.0 -9999.0 -9999.0 -9999.0 2.224459528035265 4.514161950701876 2.211367806206943 9.940360244001415 -12.090110005853676 1.8096584113970855 2.0083417212913055 
Pedestrian 222 0 -9999.0 -9999.0 -9999.0 -9999.0 1.8011808519170776 0.9754172519171165 0.8997259364624444 -12.543716539927868 6.398865707891852 1.506641803778189 2.1782560785564193 
Pedestrian 1 0 -9999.0 -9999.0 -9999.0 -9999.0 1.7617489395297996 0.8962574574403286 0.963365933687516 -4.838139888537841 2.5595111560385475 0.9445982820162662 2.7566390984416618 
Car 4 0 -9999.0 -9999.0 -9999.0 -9999.0 1.7992530582778123 4.74691242279456 2.468755016224238 -35.81148374138666 3.16488745848737 4.126340057393817 2.8811477930580125 
Car 2 0 -9999.0 -9999.0 -9999.0 -9999.0 1.869817964234 4.069953276501204 2.1371236263150624 -14.951291918510595 -1.2912908217992827 2.2679875694857454 -2.934984067397208 
Car 1 0 -9999.0 -9999.0 -9999.0 -9999.0 1.563781226033301 2.8241647592695136 1.6755459182934431 -4.089279050220632 -2.7415960861150634 1.2507187037088208 -2.8572915170598012 
Pedestrian 2 0 -9999.0 -9999.0 -9999.0 -9999.0 1.7944659945207295 1.0293865098694976 0.9107676495989551 11.933956467319701 1.230285498183891 -0.6763648180185298 -3.070489510659872 
Pedestrian 22 0 -9999.0 -9999.0 -9999.0 -9999.0 1.6923684871820848 0.8932054390458352 0.8277857904868748 20.374403473730986 -0.6142916404530144 -1.5122766594625834 -3.0700747683031633 
Car 9 0 -9999.0 -9999.0 -9999.0 -9999.0 2.0110678902370904 3.6491073811456296 1.8973721859405868 26.104691207831173 -9.434106860121263 -1.1716965193616526 1.9515555231451724 
Car 5 0 -9999.0 -9999.0 -9999.0 -9999.0 1.8369121115634848 4.774533904144905 2.3211510184741497 -33.606059461936475 -0.42783151842764716 4.09538121948018 -0.15479674201788107 
Pedestrian 11 0 -9999.0 -9999.0 -9999.0 -9999.0 1.743219227040754 0.6949430683373164 0.6988812923314164 -45.71648769574177 3.885299438437324 5.4201662328899545 0.07151788528662983 
Pedestrian 10 0 -9999.0 -9999.0 -9999.0 -9999.0 1.7700520281650824 0.6950127251504835 0.698726805862869 -45.290821221975264 2.9830583292639385 5.433219961147366 0.07151788529015768 
Pedestrian 333 0 -9999.0 -9999.0 -9999.0 -9999.0 1.6935575153474929 0.7330508550058386 0.6474589698422951 -36.347878022687304 1.401430526439172 4.341470749619351 -0.2118577429572568 
Pedestrian 23 0 -9999.0 -9999.0 -9999.0 -9999.0 1.582054991347604 0.5867686807733712 0.7723736730945426 30.693272230804475 -4.296460423225961 -2.1648279183990544 -2.961293686250661 
Pedestrian 24 0 -9999.0 -9999.0 -9999.0 -9999.0 1.6265380204741335 0.7243144439909336 0.760852002866169 30.634500072068825 -5.078744400503255 -2.1127755538273765 -2.9622983221377694 
Car 10 0 -9999.0 -9999.0 -9999.0 -9999.0 2.1574394434890403 5.153142689905318 2.072836565424259 29.08618583608987 -7.741861215703953 -1.4746558755543844 1.9129941763580476 
Car 7 0 -9999.0 -9999.0 -9999.0 -9999.0 1.8372907590833283 5.146615056327163 2.2781257366533887 6.653454034400366 -2.879633848675899 0.2782657070124482 -2.924498304796833 
