Pedestrian 15 0 -9999.0 -9999.0 -9999.0 -9999.0 1.6445419931224023 0.9439663483751304 0.7274568616666712 -24.114998681255358 -0.07021883725551867 2.2401079743478145 1.9483542274249963 
Pedestrian 14 0 -9999.0 -9999.0 -9999.0 -9999.0 1.6121585248010888 0.5638807898783634 0.6098700835457089 -31.16695544775041 2.3376495355268045 2.9742434282358947 0.16200046643413302 
Pedestrian 18 0 -9999.0 -9999.0 -9999.0 -9999.0 1.7917462843484828 0.7713067063640413 0.6942592859985821 -39.4882176851344 4.032423403976286 3.7935803120057807 -0.20726343372793288 
Pedestrian 17 0 -9999.0 -9999.0 -9999.0 -9999.0 1.7139129318266897 0.8143442265930848 0.7556700052514177 -30.333170155249345 9.946074579545659 2.281531405182749 -2.6635075945935007 
Pedestrian 10 0 -9999.0 -9999.0 -9999.0 -9999.0 1.7700520281650824 0.6950127251504835 0.698726805862869 -37.19581857882705 4.1931900377763425 3.744081408810866 0.07151788528662983 
Pedestrian 11 0 -9999.0 -9999.0 -9999.0 -9999.0 1.743219227040754 0.6949430683373164 0.6988812923314164 -37.45174016776763 4.949868480959364 3.7370741675862726 0.07151788528662983 
Pedestrian 9 0 -9999.0 -9999.0 -9999.0 -9999.0 1.8011808519170776 0.9754172519171165 0.8997259364624444 -11.237057595973562 6.221286922167044 0.646137729953295 -0.9633365980273716 
Pedestrian 222 0 -9999.0 -9999.0 -9999.0 -9999.0 1.8011808519170776 0.9754172519171165 0.8997259364624444 -12.594397539910014 6.406615070349227 0.7819016538961511 2.1782560785564193 
Pedestrian 1 0 -9999.0 -9999.0 -9999.0 -9999.0 1.7617489395297996 0.8962574574403286 0.963365933687516 -10.699235263492804 -0.28891468816979887 0.959278932877927 2.8075412396981356 
Car 3 0 -9999.0 -9999.0 -9999.0 -9999.0 1.497421924732449 4.274993790819908 2.215006876834789 -3.073983927751176 -10.821460840305978 1.1950413461601188 2.037074522900591 
Pedestrian 3 0 -9999.0 -9999.0 -9999.0 -9999.0 1.262461173550971 0.8656375095412872 0.8043813596525365 -15.487525460159471 5.43559959215341 0.8712376833272953 2.339123075712738 
Pedestrian 4 0 -9999.0 -9999.0 -9999.0 -9999.0 1.7880067545646343 0.823781929075537 0.8958396887729885 -16.397440519889543 6.1872679400272395 1.185839726008368 2.422640228372316 
Pedestrian 5 0 -9999.0 -9999.0 -9999.0 -9999.0 1.7974897720650915 0.992589562133693 0.7186775952934377 -25.064244635066494 8.035237959516566 1.915263574458342 2.612296949032702 
Pedestrian 8 0 -9999.0 -9999.0 -9999.0 -9999.0 1.8 0.823781929075537 0.963365933687516 -15.557880389278104 6.825946623039586 1.054904327771366 2.337332891498967 
Pedestrian 324 0 -9999.0 -9999.0 -9999.0 -9999.0 1.7342625952305752 0.823781929075537 0.963365933687516 36.227229823763786 -3.908593180615809 -3.334584109377578 -2.9429748828445383 
Pedestrian 325 0 -9999.0 -9999.0 -9999.0 -9999.0 1.7342625952305752 0.823781929075537 0.8720767755301797 36.0544926132994 -4.445057787870336 -3.316349849046775 -2.9429748828445383 
Pedestrian 786 0 -9999.0 -9999.0 -9999.0 -9999.0 1.7974897720650915 1.0249044043765634 0.9461904251673465 -30.892622834246698 0.5944716660206887 3.0502594443849063 -2.212261859612406 
Pedestrian 555 0 -9999.0 -9999.0 -9999.0 -9999.0 1.7951268703332972 1.0730522630020127 0.7556700052514177 -28.627847981263663 11.244867575754194 2.040860823960156 1.369460774881631 
Pedestrian 300 0 -9999.0 -9999.0 -9999.0 -9999.0 1.719110947049838 0.5942389613524003 0.5598340397973025 -6.874517276657883 7.02987177362136 0.7222846239889057 -1.5232728134775506 
Car 2 0 -9999.0 -9999.0 -9999.0 -9999.0 1.869817964234 4.069953276501204 2.1371236263150624 -15.051992348874512 -1.4744879448668289 1.3819707669447192 -2.9349840673972096 
Car 1 0 -9999.0 -9999.0 -9999.0 -9999.0 1.563781226033301 2.8241647592695136 1.6755459182934431 -4.090764424404062 -2.8765943962308826 0.5000739413595405 -2.8573389538465523 
Pedestrian 2 0 -9999.0 -9999.0 -9999.0 -9999.0 1.7944659945207295 1.0293865098694976 0.9107676495989551 0.7150833052102199 1.6757765493963135 -0.28642738716630695 -3.070489510659872 
Pedestrian 12 0 -9999.0 -9999.0 -9999.0 -9999.0 1.85 0.8304195303104085 0.7980478593464815 -39.85235778582377 5.957535972792225 3.818662227522687 -0.1449043903505025 
Pedestrian 13 0 -9999.0 -9999.0 -9999.0 -9999.0 1.85 0.9178706831151349 0.7423551562594414 -39.9265239389308 5.0486959161647995 3.8139620030973793 -0.14693246294131868 
Pedestrian 25 0 -9999.0 -9999.0 -9999.0 -9999.0 1.7260692569806146 0.7202761908522434 0.691398761311719 20.67906034106671 -5.682179916419583 -1.6125626786251162 -0.08493063671938827 
Pedestrian 22 0 -9999.0 -9999.0 -9999.0 -9999.0 1.6923684871820848 0.8932054390458352 0.8277857904868748 10.147729381272043 1.5969040637053102 -1.418402908840249 -3.069847213791693 
Car 9 0 -9999.0 -9999.0 -9999.0 -9999.0 2.0110678902370904 3.6491073811456296 1.8973721859405868 26.09863229946319 -9.381125182845373 -2.059706458637599 1.9552005286589864 
Pedestrian 16 0 -9999.0 -9999.0 -9999.0 -9999.0 1.7780619257764556 0.6846979994870754 0.7494903408760649 -31.022360478815855 1.6289709526865699 3.013778012245994 0.10616759411171195 
Car 5 0 -9999.0 -9999.0 -9999.0 -9999.0 1.8369121115634848 4.774533904144905 2.3211510184741497 -33.677634719771156 -0.03791648433840791 3.293847295970681 -0.15479674201788107 
Car 15 0 -9999.0 -9999.0 -9999.0 -9999.0 2 4 1.977826084800126 -45.68813277376971 3.717432557748468 3.861210466347667 -0.3023151478075068 
Pedestrian 23 0 -9999.0 -9999.0 -9999.0 -9999.0 1.582054991347604 0.5867686807733712 0.7723736730945426 23.62362856479349 -3.1056690214654368 -2.297821252010528 -3.07007510464574 
Pedestrian 24 0 -9999.0 -9999.0 -9999.0 -9999.0 1.6265380204741335 0.7243144439909336 0.760852002866169 23.367304102205672 -3.898977631947726 -2.2277790484082756 -3.0700767020280892 
Pedestrian 666 0 -9999.0 -9999.0 -9999.0 -9999.0 1.7974897720650915 0.9314450322483807 0.7186775952934377 -25.449361238723426 8.596628476821346 1.9517122624148675 2.6122969489024044 
Car 10 0 -9999.0 -9999.0 -9999.0 -9999.0 2.1574394434890403 5.153142689905318 2.072836565424259 29.003351006027444 -7.819181196052041 -2.2908676983014304 1.9212267892631125 
Car 7 0 -9999.0 -9999.0 -9999.0 -9999.0 1.8372907590833283 5.146615056327163 2.2781257366533887 6.651769021771757 -2.874568228392615 -0.459813621081562 -2.924498304796833 
