Pedestrian 15 0 -9999.0 -9999.0 -9999.0 -9999.0 1.6445419931224023 0.9439663483751304 0.7274568616666712 -22.552277571891384 4.795354287779473 2.1203109320743625 1.9483541029828775 
Pedestrian 18 0 -9999.0 -9999.0 -9999.0 -9999.0 1.7917462843484828 0.7713067063640413 0.6942592859985821 -41.27183296896389 6.324149811354825 4.299959461419476 -0.20726343372793288 
Pedestrian 10 0 -9999.0 -9999.0 -9999.0 -9999.0 1.7700520281650824 0.6950127251504835 0.698726805862869 -41.49880572270123 3.9104304781887356 4.298426330444536 0.07151788528662983 
Pedestrian 11 0 -9999.0 -9999.0 -9999.0 -9999.0 1.743219227040754 0.6949430683373164 0.6988812923314164 -41.684345009050915 4.7170736795154635 4.299303852354294 0.07151788528662983 
Pedestrian 9 0 -9999.0 -9999.0 -9999.0 -9999.0 1.8011808519170776 0.9754172519171165 0.8997259364624444 -11.321544890560105 6.2102392333500465 0.7673212393037333 -0.9633365980273716 
Pedestrian 20 0 -9999.0 -9999.0 -9999.0 -9999.0 1.7856978932434147 0.9644830564353185 0.9356425578791832 -17.475785258254852 2.729610666992102 1.8755786446543325 1.7967417648361774 
Pedestrian 222 0 -9999.0 -9999.0 -9999.0 -9999.0 1.8011808519170776 0.9754172519171165 0.8997259364624444 -12.605535327533438 6.165594666939852 0.9807694185973796 2.1782560785564193 
Pedestrian 1 0 -9999.0 -9999.0 -9999.0 -9999.0 1.7617489395297996 0.8962574574403286 0.963365933687516 -6.804802782160651 1.5111678826579904 0.6323100551047166 2.65438242209925 
Car 3 0 -9999.0 -9999.0 -9999.0 -9999.0 1.497421924732449 4.274993790819908 2.215006876834789 -3.016586907371045 -10.920108342052547 1.3785572504114703 2.0342347142919106 
Pedestrian 324 0 -9999.0 -9999.0 -9999.0 -9999.0 1.7342625952305752 0.823781929075537 0.963365933687516 42.02687122040442 -6.949003184660403 -3.216422535201328 -2.8741801230688644 
Pedestrian 325 0 -9999.0 -9999.0 -9999.0 -9999.0 1.7342625952305752 0.823781929075537 0.8720767755301797 41.77456581659539 -7.676845090370655 -3.1738280420580742 -2.873840692337417 
Car 2 0 -9999.0 -9999.0 -9999.0 -9999.0 1.869817964234 4.069953276501204 2.1371236263150624 -14.967631636640307 -1.5826344746835985 1.5554786685005 -2.9349840673972096 
Car 1 0 -9999.0 -9999.0 -9999.0 -9999.0 1.563781226033301 2.8241647592695136 1.6755459182934431 -4.1721253143020505 -2.906377482834761 0.6830963114095399 -2.8588133092315076 
Pedestrian 2 0 -9999.0 -9999.0 -9999.0 -9999.0 1.7944659945207295 1.0293865098694976 0.9107676495989551 7.219835637100418 1.2242096805106615 -0.8083335094242591 -3.070489510659879 
Pedestrian 12 0 -9999.0 -9999.0 -9999.0 -9999.0 1.85 0.8304195303104085 0.7980478593464815 -40.300649056651295 8.28275333048041 4.28336015011986 -0.1449043903505025 
Pedestrian 13 0 -9999.0 -9999.0 -9999.0 -9999.0 1.85 0.9178706831151349 0.7423551562594414 -40.89477354446621 7.113366307479445 4.311937792147559 -0.14693246294131868 
Pedestrian 22 0 -9999.0 -9999.0 -9999.0 -9999.0 1.6923684871820848 0.8932054390458352 0.8277857904868748 16.067660967402656 -0.09444878768031503 -1.6888943675854102 -3.0697464847600493 
Car 9 0 -9999.0 -9999.0 -9999.0 -9999.0 2.0110678902370904 3.6491073811456296 1.8973721859405868 26.037737157126806 -9.595538988063922 -1.6221646088661577 1.9596782796859014 
Pedestrian 19 0 -9999.0 -9999.0 -9999.0 -9999.0 1.8928920887638014 0.7068290503330851 0.6784749610722705 -41.58759753589044 3.0460724648378594 4.367163420348387 0.08197832620308532 
Car 5 0 -9999.0 -9999.0 -9999.0 -9999.0 1.8369121115634848 4.774533904144905 2.3211510184741497 -33.7800920421516 -0.23643015921721172 3.6313789153902585 -0.15479674201788107 
Pedestrian 230 0 -9999.0 -9999.0 -9999.0 -9999.0 1.6935575153474929 0.7330508550058386 0.695050280878784 -32.405316557485925 1.5911406365634846 3.4104763139195073 -0.1690783205681683 
Pedestrian 333 0 -9999.0 -9999.0 -9999.0 -9999.0 1.6935575153474929 0.7330508550058386 0.6474589698422951 -32.41579514711098 2.4873940223252653 3.4015349574470095 -0.19547988991602594 
Pedestrian 23 0 -9999.0 -9999.0 -9999.0 -9999.0 1.582054991347604 0.5867686807733712 0.7723736730945426 27.528311007724557 -4.122356671238174 -2.4993909615734875 -3.0703230260003718 
Pedestrian 24 0 -9999.0 -9999.0 -9999.0 -9999.0 1.6265380204741335 0.7243144439909336 0.760852002866169 27.67275345902031 -4.948512082714374 -2.4659651219395524 -3.0704151453209825 
Car 10 0 -9999.0 -9999.0 -9999.0 -9999.0 2.1574394434890403 5.153142689905318 2.072836565424259 29.04614153588833 -7.771208625504148 -1.911680077738505 1.915563910102378 
Car 7 0 -9999.0 -9999.0 -9999.0 -9999.0 1.8372907590833283 5.146615056327163 2.2781257366533887 6.581718197139139 -2.9993296158874028 -0.26940461779666863 -2.924498304796833 
