Pedestrian 15 0 -9999.0 -9999.0 -9999.0 -9999.0 1.6445419931224023 0.9439663483751304 0.7274568616666712 -22.51641982731941 5.376625997728218 2.0416481165772624 1.9483540325863586 
Pedestrian 18 0 -9999.0 -9999.0 -9999.0 -9999.0 1.7917462843484828 0.7713067063640413 0.6942592859985821 -41.27429957422998 6.410989001787811 4.376049529586515 -0.20726343372793288 
Pedestrian 10 0 -9999.0 -9999.0 -9999.0 -9999.0 1.7700520281650824 0.6950127251504835 0.698726805862869 -42.15465627263737 3.5257356108102096 4.3663630592758 0.07151788527818859 
Pedestrian 11 0 -9999.0 -9999.0 -9999.0 -9999.0 1.743219227040754 0.6949430683373164 0.6988812923314164 -42.19274666452216 4.407724198793022 4.3267833500088795 0.07151788528662983 
Pedestrian 9 0 -9999.0 -9999.0 -9999.0 -9999.0 1.8011808519170776 0.9754172519171165 0.8997259364624444 -11.250002327771313 6.187944425122491 0.9322051302124671 -0.9633365980273716 
Pedestrian 20 0 -9999.0 -9999.0 -9999.0 -9999.0 1.7856978932434147 0.9644830564353185 0.9356425578791832 -17.229398157232758 3.494993309220583 1.9139707915626325 1.7967417648361774 
Pedestrian 222 0 -9999.0 -9999.0 -9999.0 -9999.0 1.8011808519170776 0.9754172519171165 0.8997259364624444 -12.613646270132815 6.181482736848207 1.0811736928654523 2.1782560785564193 
Pedestrian 1 0 -9999.0 -9999.0 -9999.0 -9999.0 1.7617489395297996 0.8962574574403286 0.963365933687516 -6.489762408199936 1.7906492249207655 0.658492303736282 2.654385374732243 
Car 3 0 -9999.0 -9999.0 -9999.0 -9999.0 1.497421924732449 4.274993790819908 2.215006876834789 -3.0219676463368663 -10.904850305335172 1.4817462057670807 2.035854287259511 
Pedestrian 324 0 -9999.0 -9999.0 -9999.0 -9999.0 1.7342625952305752 0.823781929075537 0.963365933687516 42.693256315638365 -7.422879392388478 -3.17093762551634 -2.850482672769127 
Pedestrian 325 0 -9999.0 -9999.0 -9999.0 -9999.0 1.7342625952305752 0.823781929075537 0.8720767755301797 42.427405686582006 -8.104234088847829 -3.1371286488581194 -2.8504583924032545 
Car 2 0 -9999.0 -9999.0 -9999.0 -9999.0 1.869817964234 4.069953276501204 2.1371236263150624 -15.055058368394892 -1.5507218791490955 1.5822170257325394 -2.9349840673972096 
Car 1 0 -9999.0 -9999.0 -9999.0 -9999.0 1.563781226033301 2.8241647592695136 1.6755459182934431 -4.155796542200018 -2.8971542295849773 0.7851903125391283 -2.8582657124880377 
Pedestrian 2 0 -9999.0 -9999.0 -9999.0 -9999.0 1.7944659945207295 1.0293865098694976 0.9107676495989551 8.196335053857451 1.22854260603284 -0.7888897150963714 -3.070489510659872 
Pedestrian 12 0 -9999.0 -9999.0 -9999.0 -9999.0 1.85 0.8304195303104085 0.7980478593464815 -41.12954253964141 8.091518788716487 4.39869743752053 -0.1449043903505025 
Pedestrian 13 0 -9999.0 -9999.0 -9999.0 -9999.0 1.85 0.9178706831151349 0.7423551562594414 -41.28181668292895 7.153787889082783 4.391887394956511 -0.14693246294131868 
Pedestrian 22 0 -9999.0 -9999.0 -9999.0 -9999.0 1.6923684871820848 0.8932054390458352 0.8277857904868748 16.798705228015358 -0.31653446112892486 -1.6507492765250016 -3.0700747683031633 
Car 9 0 -9999.0 -9999.0 -9999.0 -9999.0 2.0110678902370904 3.6491073811456296 1.8973721859405868 26.038933166353615 -9.607623189046379 -1.485178272777841 1.962051508345736 
Pedestrian 19 0 -9999.0 -9999.0 -9999.0 -9999.0 1.8928920887638014 0.7068290503330851 0.6784749610722705 -42.08865028115041 2.797685588371282 4.431053439332937 0.08197832620308532 
Car 5 0 -9999.0 -9999.0 -9999.0 -9999.0 1.8369121115634848 4.774533904144905 2.3211510184741497 -33.777318009462576 -0.22091954933276026 3.7539967619687973 -0.15479674201788107 
Pedestrian 230 0 -9999.0 -9999.0 -9999.0 -9999.0 1.6935575153474929 0.7330508550058386 0.695050280878784 -33.11610957158132 1.6259608087766995 3.5955518391204078 -0.009930832440666393 
Pedestrian 333 0 -9999.0 -9999.0 -9999.0 -9999.0 1.6935575153474929 0.7330508550058386 0.6474589698422951 -33.194138087527975 2.34548704835814 3.5809051028992807 -0.02513219701368108 
Pedestrian 23 0 -9999.0 -9999.0 -9999.0 -9999.0 1.582054991347604 0.5867686807733712 0.7723736730945426 28.161831967201373 -4.251750213354223 -2.412732175372372 -3.070394160427753 
Pedestrian 24 0 -9999.0 -9999.0 -9999.0 -9999.0 1.6265380204741335 0.7243144439909336 0.760852002866169 28.12850803067765 -5.04040345550603 -2.3497971170628915 -3.07007423525204 
Car 10 0 -9999.0 -9999.0 -9999.0 -9999.0 2.1574394434890403 5.153142689905318 2.072836565424259 29.057537529103733 -7.762891816426848 -1.7871619301187989 1.9149934196602558 
Car 7 0 -9999.0 -9999.0 -9999.0 -9999.0 1.8372907590833283 5.146615056327163 2.2781257366533887 6.5915287752554566 -2.976436064452971 -0.16353251073068642 -2.924498304796833 
