Pedestrian 21 0 -9999.0 -9999.0 -9999.0 -9999.0 1.5486937499742908 1.0873959982889 0.7717083307869881 -19.74954549770308 2.1029442025647183 2.4308647946690116 -1.499274462851771 
Pedestrian 9 0 -9999.0 -9999.0 -9999.0 -9999.0 1.8011808519170776 0.9754172519171165 0.8997259364624444 -11.30568597319488 6.475543395398427 1.474604015958788 -0.9633365980273716 
Car 8 0 -9999.0 -9999.0 -9999.0 -9999.0 2.224459528035265 4.514161950701876 2.211367806206943 9.944415189677613 -11.94841521133027 1.2874367799187498 2.008517405418914 
Pedestrian 222 0 -9999.0 -9999.0 -9999.0 -9999.0 1.8011808519170776 0.9754172519171165 0.8997259364624444 -12.558966178655501 6.2840453728065855 1.6235096071479027 2.1782560785564193 
Pedestrian 1 0 -9999.0 -9999.0 -9999.0 -9999.0 1.7617489395297996 0.8962574574403286 0.963365933687516 -4.321290420684489 2.6001637228673986 0.9670578205283274 3.0429998075023015 
Car 4 0 -9999.0 -9999.0 -9999.0 -9999.0 1.7992530582778123 4.74691242279456 2.468755016224238 -30.84734033098485 3.7470837345349572 3.797155456250931 3.0570205680599862 
Car 2 0 -9999.0 -9999.0 -9999.0 -9999.0 1.869817964234 4.069953276501204 2.1371236263150624 -14.931992167568016 -1.2347009010900114 2.262775663251214 -2.934984067397208 
Car 1 0 -9999.0 -9999.0 -9999.0 -9999.0 1.563781226033301 2.8241647592695136 1.6755459182934431 -4.066555548612458 -2.6774847804249244 1.2628189705700856 -2.8581380326326773 
Pedestrian 2 0 -9999.0 -9999.0 -9999.0 -9999.0 1.7944659945207295 1.0293865098694976 0.9107676495989551 13.104326763798205 0.9737654339915398 -0.727441306628585 -3.070489504441234 
Pedestrian 27 0 -9999.0 -9999.0 -9999.0 -9999.0 1.8 0.7333538995830526 0.7069640180592786 45.96108433433705 -6.983955247672094 -3.5357522476669074 0.3310492236208695 
Pedestrian 22 0 -9999.0 -9999.0 -9999.0 -9999.0 1.6923684871820848 0.8932054390458352 0.8277857904868748 21.597226102942475 -0.7045020697844209 -1.598223499284009 -3.0700747683031633 
Car 9 0 -9999.0 -9999.0 -9999.0 -9999.0 2.0110678902370904 3.6491073811456296 1.8973721859405868 26.156547969239963 -9.329960822665134 -1.1633000444706452 1.9517392915042624 
Car 5 0 -9999.0 -9999.0 -9999.0 -9999.0 1.8369121115634848 4.774533904144905 2.3211510184741497 -33.75390633908225 0.07677104140309504 4.252994285277466 -0.15479674201788107 
Pedestrian 11 0 -9999.0 -9999.0 -9999.0 -9999.0 1.743219227040754 0.6949430683373164 0.6988812923314164 -46.1239270010699 3.6946507292995556 5.370125934522442 0.07151788528662983 
Pedestrian 10 0 -9999.0 -9999.0 -9999.0 -9999.0 1.7700520281650824 0.6950127251504835 0.698726805862869 -46.10248490225809 2.7101501390353544 5.39657276389651 0.07151788529150416 
Pedestrian 333 0 -9999.0 -9999.0 -9999.0 -9999.0 1.6935575153474929 0.7330508550058386 0.6474589698422951 -37.44919126145582 1.765618382842047 4.423465162965568 -0.239756729413644 
Pedestrian 23 0 -9999.0 -9999.0 -9999.0 -9999.0 1.582054991347604 0.5867686807733712 0.7723736730945426 31.70387749487647 -4.664635089513638 -2.2444277987449373 -2.932569753442925 
Pedestrian 24 0 -9999.0 -9999.0 -9999.0 -9999.0 1.6265380204741335 0.7243144439909336 0.760852002866169 31.577745306857636 -5.397741675535016 -2.1914293690070643 -2.939221901353976 
Car 10 0 -9999.0 -9999.0 -9999.0 -9999.0 2.1574394434890403 5.153142689905318 2.072836565424259 29.085725032132704 -7.742901189993132 -1.4757486012891257 1.912601978698543 
Car 7 0 -9999.0 -9999.0 -9999.0 -9999.0 1.8372907590833283 5.146615056327163 2.2781257366533887 6.655297657994444 -2.871153228223055 0.3482327219563454 -2.924498304796833 
