Car 8 0 -9999.0 -9999.0 -9999.0 -9999.0 2.224459528035265 4.514161950701876 2.211367806206943 10.016337811630317 -11.955819210734443 2.3524661194714263 2.004074001771004 
Pedestrian 222 0 -9999.0 -9999.0 -9999.0 -9999.0 1.8011808519170776 0.9754172519171165 0.8997259364624444 -12.47548771724131 6.487775408075492 2.4223032334007644 2.1782560785564193 
Pedestrian 1 0 -9999.0 -9999.0 -9999.0 -9999.0 1.7617489395297996 0.8962574574403286 0.963365933687516 -1.2223634076101122 2.8545672151529065 1.4821078270680617 -3.1079682115786404 
Car 4 0 -9999.0 -9999.0 -9999.0 -9999.0 1.7992530582778123 4.74691242279456 2.468755016224238 0.0650361842638072 0.7897471441019238 1.5741546588942603 -2.978667286238581 
Car 2 0 -9999.0 -9999.0 -9999.0 -9999.0 1.869817964234 4.069953276501204 2.1371236263150624 -14.950850832110588 -1.2528784243708475 3.227320197146049 -2.934984067397208 
Car 1 0 -9999.0 -9999.0 -9999.0 -9999.0 1.563781226033301 2.8241647592695136 1.6755459182934431 -4.145230770567168 -2.4161862470537296 2.1763512624415564 -2.8574440133362504 
Pedestrian 2 0 -9999.0 -9999.0 -9999.0 -9999.0 1.7944659945207295 1.0293865098694976 0.9107676495989551 21.924685121887098 -1.0617666696658081 -0.3312415084721611 -2.849542695596302 
Pedestrian 26 0 -9999.0 -9999.0 -9999.0 -9999.0 1.8 0.6955528190278748 0.7008922658629957 38.714258008935936 -3.9623346406562936 -1.54326148322481 0.3452146068714148 
Pedestrian 27 0 -9999.0 -9999.0 -9999.0 -9999.0 1.8 0.7333538995830526 0.7069640180592786 38.489647659674134 -4.61042155384669 -1.4733345390795511 0.33484054433048627 
Pedestrian 22 0 -9999.0 -9999.0 -9999.0 -9999.0 1.6923684871820848 0.8932054390458352 0.8277857904868748 30.161058786891825 -2.1792470147729697 -1.0298548428767889 -3.0704153817070416 
Pedestrian 6 0 -9999.0 -9999.0 -9999.0 -9999.0 1.4787050870040528 0.63 0.63 46.06508474800009 -7.59111628649585 -2.040920574775707 0.12030502361613316 
Car 9 0 -9999.0 -9999.0 -9999.0 -9999.0 2.0110678902370904 3.6491073811456296 1.8973721859405868 26.237834487585197 -9.220357393754062 -0.012982836744803994 1.9539971096025965 
Pedestrian 23 0 -9999.0 -9999.0 -9999.0 -9999.0 1.582054991347604 0.5867686807733712 0.7723736730945426 39.00369830813302 -6.209516480106654 -1.5547738831685853 -2.932569753442925 
Pedestrian 24 0 -9999.0 -9999.0 -9999.0 -9999.0 1.6265380204741335 0.7243144439909336 0.760852002866169 38.741119342965376 -6.883424657147199 -1.4903589825537233 -2.939221901353976 
Pedestrian 444 0 -9999.0 -9999.0 -9999.0 -9999.0 1.502878216947772 0.63 0.63 46.0854713259757 -6.958248729913218 -2.000199684501365 0.12030502174119384 
Car 10 0 -9999.0 -9999.0 -9999.0 -9999.0 2.1574394434890403 5.153142689905318 2.072836565424259 29.156635798427047 -7.765140903330528 -0.30593559891105987 1.9166164844534421 
Car 7 0 -9999.0 -9999.0 -9999.0 -9999.0 1.8372907590833283 5.146615056327163 2.2781257366533887 6.790275421041043 -2.6090648111557817 1.3979244374185948 -2.924498304796833 
