Pedestrian 21 0 -9999.0 -9999.0 -9999.0 -9999.0 1.5486937499742908 1.0873959982889 0.7717083307869881 -20.63483672022984 -0.33417768771851114 2.825823072135876 -1.499274462851771 
Pedestrian 9 0 -9999.0 -9999.0 -9999.0 -9999.0 1.8011808519170776 0.9754172519171165 0.8997259364624444 -10.968663526355943 6.242201787797452 1.600192389163473 -0.9633365980273716 
Car 8 0 -9999.0 -9999.0 -9999.0 -9999.0 2.224459528035265 4.514161950701876 2.211367806206943 9.986105564541015 -11.927439657415094 1.1924357465701254 2.008457344108715 
Pedestrian 222 0 -9999.0 -9999.0 -9999.0 -9999.0 1.8011808519170776 0.9754172519171165 0.8997259364624444 -12.495905671262179 6.420460028200894 1.8187461125762214 2.1782560785564193 
Pedestrian 1 0 -9999.0 -9999.0 -9999.0 -9999.0 1.7617489395297996 0.8962574574403286 0.963365933687516 -3.4301777772658264 2.5220576353757753 1.003130540979668 -2.9863894904700103 
Car 4 0 -9999.0 -9999.0 -9999.0 -9999.0 1.7992530582778123 4.74691242279456 2.468755016224238 -22.386312085796288 4.053793753441123 2.86401225107466 -3.0389663572473538 
Car 2 0 -9999.0 -9999.0 -9999.0 -9999.0 1.869817964234 4.069953276501204 2.1371236263150624 -14.988137550456308 -1.3741097425568054 2.5024884049682683 -2.934984067397208 
Car 1 0 -9999.0 -9999.0 -9999.0 -9999.0 1.563781226033301 2.8241647592695136 1.6755459182934431 -4.0410050211862485 -2.6385567300966453 1.3564100203896567 -2.861186007909126 
Pedestrian 2 0 -9999.0 -9999.0 -9999.0 -9999.0 1.7944659945207295 1.0293865098694976 0.9107676495989551 15.258170745544282 0.49575569142074355 -0.8220978039379707 -3.070489510659872 
Pedestrian 26 0 -9999.0 -9999.0 -9999.0 -9999.0 1.8 0.6955528190278748 0.7008922658629957 44.520149394027875 -5.8815253865150705 -3.076798546737341 0.34521460632258005 
Pedestrian 27 0 -9999.0 -9999.0 -9999.0 -9999.0 1.8 0.7333538995830526 0.7069640180592786 44.25101903782071 -6.470945361988163 -3.0094504942421128 0.33168843981380647 
Pedestrian 22 0 -9999.0 -9999.0 -9999.0 -9999.0 1.6923684871820848 0.8932054390458352 0.8277857904868748 23.587112048174646 -0.8153077153567492 -1.6881112172951704 -3.0700747683031633 
Car 9 0 -9999.0 -9999.0 -9999.0 -9999.0 2.0110678902370904 3.6491073811456296 1.8973721859405868 26.200974916857554 -9.289167916524153 -1.1703194349565444 1.9577669880864441 
Car 5 0 -9999.0 -9999.0 -9999.0 -9999.0 1.8369121115634848 4.774533904144905 2.3211510184741497 -33.55264429164239 0.2532305631324402 4.4627726011789965 -0.15479674201788107 
Pedestrian 23 0 -9999.0 -9999.0 -9999.0 -9999.0 1.582054991347604 0.5867686807733712 0.7723736730945426 33.13625529786703 -5.032131963344274 -2.5893276862609396 -2.932569753442925 
Pedestrian 24 0 -9999.0 -9999.0 -9999.0 -9999.0 1.6265380204741335 0.7243144439909336 0.760852002866169 33.01576413362223 -5.7944791603757775 -2.534532299537651 -2.939221901353976 
Car 10 0 -9999.0 -9999.0 -9999.0 -9999.0 2.1574394434890403 5.153142689905318 2.072836565424259 29.083646450137966 -7.747435241513065 -1.4823229643385352 1.9124006580560096 
Car 7 0 -9999.0 -9999.0 -9999.0 -9999.0 1.8372907590833283 5.146615056327163 2.2781257366533887 6.681496202991445 -2.7820595918311626 0.4576607859207961 -2.924498304796833 
