Pedestrian 21 0 -9999.0 -9999.0 -9999.0 -9999.0 1.5486937499742908 1.0873959982889 0.7717083307869881 -19.211746709813283 4.462886099671512 2.1324737595205954 -1.499274462851771 
Pedestrian 9 0 -9999.0 -9999.0 -9999.0 -9999.0 1.8011808519170776 0.9754172519171165 0.8997259364624444 -11.281545029541446 6.447258036082285 1.2866268527156175 -0.9633365980273716 
Pedestrian 20 0 -9999.0 -9999.0 -9999.0 -9999.0 1.7856978932434147 0.9644830564353185 0.9356425578791832 -16.13312483261794 6.509584024393165 2.1239440738695623 1.7967417648361774 
Car 8 0 -9999.0 -9999.0 -9999.0 -9999.0 2.224459528035265 4.514161950701876 2.211367806206943 9.963134368617556 -12.160331519853717 2.43312100392137 2.0082099783096687 
Pedestrian 222 0 -9999.0 -9999.0 -9999.0 -9999.0 1.8011808519170776 0.9754172519171165 0.8997259364624444 -12.517609632781042 6.422601008597292 1.46853953221468 2.1782560785564193 
Pedestrian 1 0 -9999.0 -9999.0 -9999.0 -9999.0 1.7617489395297996 0.8962574574403286 0.963365933687516 -5.133503518897135 2.5018016740093603 0.8981969726894107 2.65438242209925 
Pedestrian 324 0 -9999.0 -9999.0 -9999.0 -9999.0 1.7342625952305752 0.823781929075537 0.963365933687516 45.2514955741545 -8.875230744578912 -3.1503727608450127 -2.7283393096906376 
Pedestrian 325 0 -9999.0 -9999.0 -9999.0 -9999.0 1.7342625952305752 0.823781929075537 0.8720767755301797 45.08672466379478 -9.231686859058065 -3.106251178139045 -2.728340223751875 
Car 4 0 -9999.0 -9999.0 -9999.0 -9999.0 1.7992530582778123 4.74691242279456 2.468755016224238 -38.28866722352475 2.506381451887336 4.760543014039769 2.852603931764966 
Car 2 0 -9999.0 -9999.0 -9999.0 -9999.0 1.869817964234 4.069953276501204 2.1371236263150624 -15.062005261435797 -1.3471944071065294 2.171967357054069 -2.9349840673972096 
Car 1 0 -9999.0 -9999.0 -9999.0 -9999.0 1.563781226033301 2.8241647592695136 1.6755459182934431 -4.095621726607934 -2.749303378628308 1.2119751113923525 -2.8575768956751624 
Pedestrian 2 0 -9999.0 -9999.0 -9999.0 -9999.0 1.7944659945207295 1.0293865098694976 0.9107676495989551 11.25940412137962 1.2314096630195677 -0.6838459244743949 -3.070489510659872 
Pedestrian 22 0 -9999.0 -9999.0 -9999.0 -9999.0 1.6923684871820848 0.8932054390458352 0.8277857904868748 19.60798457490048 -0.544233125936841 -1.4743915420893732 -3.070074775098014 
Car 9 0 -9999.0 -9999.0 -9999.0 -9999.0 2.0110678902370904 3.6491073811456296 1.8973721859405868 26.074303648895707 -9.511475139341307 -1.2025105583339433 1.953406005735351 
Car 5 0 -9999.0 -9999.0 -9999.0 -9999.0 1.8369121115634848 4.774533904144905 2.3211510184741497 -33.61184498010615 -0.42867668145944526 4.205068965307482 -0.15479674201788107 
Pedestrian 11 0 -9999.0 -9999.0 -9999.0 -9999.0 1.743219227040754 0.6949430683373164 0.6988812923314164 -45.508128972696014 4.0227755863596135 5.401719887923143 0.07151788528662983 
Pedestrian 10 0 -9999.0 -9999.0 -9999.0 -9999.0 1.7700520281650824 0.6950127251504835 0.698726805862869 -45.89997320218854 3.1130935172862078 5.424373468221579 0.07151788528931746 
Pedestrian 230 0 -9999.0 -9999.0 -9999.0 -9999.0 1.6935575153474929 0.7330508550058386 0.695050280878784 -35.69976101787725 0.8579644850986752 4.330673765724308 -0.19160965546591413 
Pedestrian 333 0 -9999.0 -9999.0 -9999.0 -9999.0 1.6935575153474929 0.7330508550058386 0.6474589698422951 -35.72861357454451 1.4283132828629899 4.326159945791004 -0.18382952462251545 
Pedestrian 23 0 -9999.0 -9999.0 -9999.0 -9999.0 1.582054991347604 0.5867686807733712 0.7723736730945426 30.1832998398551 -4.16903876661412 -2.283543364138279 -3.0700747683031633 
Pedestrian 24 0 -9999.0 -9999.0 -9999.0 -9999.0 1.6265380204741335 0.7243144439909336 0.760852002866169 30.11611709601029 -4.952871895468617 -2.187163396276281 -3.0550644263793956 
Car 10 0 -9999.0 -9999.0 -9999.0 -9999.0 2.1574394434890403 5.153142689905318 2.072836565424259 29.084024862420282 -7.74328693318096 -1.4991620120827782 1.913317975831717 
Car 7 0 -9999.0 -9999.0 -9999.0 -9999.0 1.8372907590833283 5.146615056327163 2.2781257366533887 6.648267106468425 -2.878849995626465 0.22098649858005232 -2.924498304796833 
