Pedestrian 21 0 -9999.0 -9999.0 -9999.0 -9999.0 1.5486937499742908 1.0873959982889 0.7717083307869881 -18.58682964594715 5.273794300756059 2.223600867680071 -1.4531973007396903 
Pedestrian 9 0 -9999.0 -9999.0 -9999.0 -9999.0 1.8011808519170776 0.9754172519171165 0.8997259364624444 -11.326664821922048 6.27426042497114 1.312212599431784 -0.9633365980273716 
Pedestrian 20 0 -9999.0 -9999.0 -9999.0 -9999.0 1.7856978932434147 0.9644830564353185 0.9356425578791832 -16.42879539289163 6.025420529146061 2.0951646540419 1.7967417648361774 
Pedestrian 222 0 -9999.0 -9999.0 -9999.0 -9999.0 1.8011808519170776 0.9754172519171165 0.8997259364624444 -12.4610823779235 6.392931193682713 1.4336282654666364 2.1782560785564193 
Pedestrian 1 0 -9999.0 -9999.0 -9999.0 -9999.0 1.7617489395297996 0.8962574574403286 0.963365933687516 -5.330497412574905 2.4450120038861827 0.8496054184964055 2.6404457476888616 
Car 3 0 -9999.0 -9999.0 -9999.0 -9999.0 1.497421924732449 4.274993790819908 2.215006876834789 -2.820276574885498 -10.613245945545959 1.8267147414578686 2.035853497231745 
Pedestrian 324 0 -9999.0 -9999.0 -9999.0 -9999.0 1.7342625952305752 0.823781929075537 0.963365933687516 44.81009910847636 -8.688862250797795 -3.143929229877271 -2.7399854489431323 
Pedestrian 325 0 -9999.0 -9999.0 -9999.0 -9999.0 1.7342625952305752 0.823781929075537 0.8720767755301797 44.636839081027624 -9.075121564332234 -3.077302670512511 -2.7399867648235485 
Car 4 0 -9999.0 -9999.0 -9999.0 -9999.0 1.7992530582778123 4.74691242279456 2.468755016224238 -39.75874374164499 2.4591702837615537 4.854242466988203 2.9112933171964883 
Car 2 0 -9999.0 -9999.0 -9999.0 -9999.0 1.869817964234 4.069953276501204 2.1371236263150624 -15.064064759465545 -1.4079302520947814 2.0603839855873587 -2.9349840673972096 
Car 1 0 -9999.0 -9999.0 -9999.0 -9999.0 1.563781226033301 2.8241647592695136 1.6755459182934431 -4.095314818921352 -2.7470451340627577 1.159675070059749 -2.857470140474179 
Pedestrian 2 0 -9999.0 -9999.0 -9999.0 -9999.0 1.7944659945207295 1.0293865098694976 0.9107676495989551 10.521366452425193 1.2436550244946691 -0.6605937830875602 -3.0704895106066683 
Pedestrian 22 0 -9999.0 -9999.0 -9999.0 -9999.0 1.6923684871820848 0.8932054390458352 0.8277857904868748 19.067878854065132 -0.5432953290834664 -1.3967926075080142 -3.070074740532835 
Car 9 0 -9999.0 -9999.0 -9999.0 -9999.0 2.0110678902370904 3.6491073811456296 1.8973721859405868 26.058124685141244 -9.55596759017949 -1.233366844348745 1.9552082272934097 
Car 5 0 -9999.0 -9999.0 -9999.0 -9999.0 1.8369121115634848 4.774533904144905 2.3211510184741497 -33.688688956983945 -0.25594458006243304 4.267592264714169 -0.15479674201788107 
Pedestrian 11 0 -9999.0 -9999.0 -9999.0 -9999.0 1.743219227040754 0.6949430683373164 0.6988812923314164 -44.843308110114755 3.9960959321583323 5.311094096211793 0.07151788528662983 
Pedestrian 10 0 -9999.0 -9999.0 -9999.0 -9999.0 1.7700520281650824 0.6950127251504835 0.698726805862869 -44.89974708014198 3.1845593797784537 5.361080245034121 0.0715178852887064 
Pedestrian 230 0 -9999.0 -9999.0 -9999.0 -9999.0 1.6935575153474929 0.7330508550058386 0.695050280878784 -35.16728889335675 1.100110296915067 4.237234338711603 -0.1816913676921601 
Pedestrian 333 0 -9999.0 -9999.0 -9999.0 -9999.0 1.6935575153474929 0.7330508550058386 0.6474589698422951 -35.40857386019543 1.8632145533536744 4.233019767763528 -0.16510045848654542 
Pedestrian 23 0 -9999.0 -9999.0 -9999.0 -9999.0 1.582054991347604 0.5867686807733712 0.7723736730945426 29.785088947698764 -4.19557645410582 -2.287787995603045 -3.0890441820673757 
Pedestrian 24 0 -9999.0 -9999.0 -9999.0 -9999.0 1.6265380204741335 0.7243144439909336 0.760852002866169 29.75967684727169 -4.94225485066874 -2.220450003514748 -3.0702062002305652 
Car 10 0 -9999.0 -9999.0 -9999.0 -9999.0 2.1574394434890403 5.153142689905318 2.072836565424259 29.08139307096355 -7.745192069780765 -1.5280412339804812 1.9135686162564927 
Car 7 0 -9999.0 -9999.0 -9999.0 -9999.0 1.8372907590833283 5.146615056327163 2.2781257366533887 6.6419011134318895 -2.8833435888738763 0.17094061072833427 -2.924498304796833 
