Pedestrian 9 0 -9999.0 -9999.0 -9999.0 -9999.0 1.8011808519170776 0.9754172519171165 0.8997259364624444 -10.93258062126861 6.247837896085979 1.9029955761606812 -0.9633365980273716 
Car 8 0 -9999.0 -9999.0 -9999.0 -9999.0 2.224459528035265 4.514161950701876 2.211367806206943 10.002641772064978 -12.119600611471629 1.3135058378874558 2.007856822374176 
Pedestrian 222 0 -9999.0 -9999.0 -9999.0 -9999.0 1.8011808519170776 0.9754172519171165 0.8997259364624444 -12.404195124459338 6.3779675408730485 2.0739562935669134 2.1782560785564193 
Pedestrian 1 0 -9999.0 -9999.0 -9999.0 -9999.0 1.7617489395297996 0.8962574574403286 0.963365933687516 -2.547763749526916 2.418781966333446 1.1231633922233806 -3.059207142117023 
Car 4 0 -9999.0 -9999.0 -9999.0 -9999.0 1.7992530582778123 4.74691242279456 2.468755016224238 -15.963964352183062 2.9459178573359526 2.6157934137527876 -2.9826232069369425 
Car 2 0 -9999.0 -9999.0 -9999.0 -9999.0 1.869817964234 4.069953276501204 2.1371236263150624 -14.981374451890932 -1.2854232359447724 2.7336881858379503 -2.9349840673972096 
Car 1 0 -9999.0 -9999.0 -9999.0 -9999.0 1.563781226033301 2.8241647592695136 1.6755459182934431 -4.02191900487367 -2.6405616011581183 1.5756216765706859 -2.8595013452394564 
Pedestrian 2 0 -9999.0 -9999.0 -9999.0 -9999.0 1.7944659945207295 1.0293865098694976 0.9107676495989551 16.974050946838304 0.27233686544279617 -0.82307369405009 -3.070489510659872 
Pedestrian 26 0 -9999.0 -9999.0 -9999.0 -9999.0 1.8 0.6955528190278748 0.7008922658629957 42.978346998282795 -5.425123940362606 -3.1102137643665757 0.3452146068714157 
Pedestrian 27 0 -9999.0 -9999.0 -9999.0 -9999.0 1.8 0.7333538995830526 0.7069640180592786 42.70923613489813 -6.035214754766057 -3.0513143175416912 0.33252044960189053 
Pedestrian 22 0 -9999.0 -9999.0 -9999.0 -9999.0 1.6923684871820848 0.8932054390458352 0.8277857904868748 25.409278448145933 -1.0253275151689913 -1.7702587564042358 -3.072870008819457 
Car 9 0 -9999.0 -9999.0 -9999.0 -9999.0 2.0110678902370904 3.6491073811456296 1.8973721859405868 26.186344728186473 -9.26017877229182 -0.9821112483360621 1.9584746820952947 
Car 5 0 -9999.0 -9999.0 -9999.0 -9999.0 1.8369121115634848 4.774533904144905 2.3211510184741497 -33.60558368117049 0.17112115685360457 4.522540342197363 -0.15479674201788107 
Pedestrian 23 0 -9999.0 -9999.0 -9999.0 -9999.0 1.582054991347604 0.5867686807733712 0.7723736730945426 34.680130133989735 -5.337036812784804 -2.5347065703388965 -2.932569753442925 
Pedestrian 24 0 -9999.0 -9999.0 -9999.0 -9999.0 1.6265380204741335 0.7243144439909336 0.760852002866169 34.46565013412986 -6.034106058885494 -2.472231210689988 -2.939221901353976 
Pedestrian 444 0 -9999.0 -9999.0 -9999.0 -9999.0 1.502878216947772 0.63 0.63 49.14643648940998 -8.075696666223214 -3.388001626667941 0.3172583847972952 
Car 10 0 -9999.0 -9999.0 -9999.0 -9999.0 2.1574394434890403 5.153142689905318 2.072836565424259 29.097921187001464 -7.742662166675819 -1.2971724547922872 1.9127121529461721 
Car 7 0 -9999.0 -9999.0 -9999.0 -9999.0 1.8372907590833283 5.146615056327163 2.2781257366533887 6.780187608798879 -2.679790573649232 0.5962597317895291 -2.924498304796833 
