Pedestrian 15 0 -9999.0 -9999.0 -9999.0 -9999.0 1.6445419931224023 0.9439663483751304 0.7274568616666712 -24.15240491993664 0.2593637694581534 2.258942433074285 1.9483542274247174 
Pedestrian 14 0 -9999.0 -9999.0 -9999.0 -9999.0 1.6121585248010888 0.5638807898783634 0.6098700835457089 -31.288784481594412 2.4208395248856367 2.975696766912515 0.17004699064769468 
Pedestrian 18 0 -9999.0 -9999.0 -9999.0 -9999.0 1.7917462843484828 0.7713067063640413 0.6942592859985821 -39.548528930560394 4.007801309688709 3.8315004864190922 -0.20726343372793288 
Pedestrian 17 0 -9999.0 -9999.0 -9999.0 -9999.0 1.7139129318266897 0.8143442265930848 0.7556700052514177 -30.289927236131245 9.947921254600384 2.3089587895514665 -2.7574783479866287 
Pedestrian 10 0 -9999.0 -9999.0 -9999.0 -9999.0 1.7700520281650824 0.6950127251504835 0.698726805862869 -37.42600455663298 4.097073846146131 3.7874089269690048 0.07151788528893732 
Pedestrian 11 0 -9999.0 -9999.0 -9999.0 -9999.0 1.743219227040754 0.6949430683373164 0.6988812923314164 -37.66785897309834 4.855196843925512 3.770837099794209 0.07151788528662983 
Pedestrian 9 0 -9999.0 -9999.0 -9999.0 -9999.0 1.8011808519170776 0.9754172519171165 0.8997259364624444 -11.29135802974082 6.3076371502764985 0.6510784719123008 -0.9633365980273716 
Pedestrian 222 0 -9999.0 -9999.0 -9999.0 -9999.0 1.8011808519170776 0.9754172519171165 0.8997259364624444 -12.594674811204168 6.425713138630218 0.7798721035294428 2.1782560785564193 
Pedestrian 1 0 -9999.0 -9999.0 -9999.0 -9999.0 1.7617489395297996 0.8962574574403286 0.963365933687516 -10.613388076808198 -0.2691128112025696 0.9635327090527932 2.797569034849875 
Car 3 0 -9999.0 -9999.0 -9999.0 -9999.0 1.497421924732449 4.274993790819908 2.215006876834789 -3.0660711562591376 -10.821912403222854 1.214743673680854 2.0372605380745306 
Pedestrian 3 0 -9999.0 -9999.0 -9999.0 -9999.0 1.262461173550971 0.8656375095412872 0.8043813596525365 -15.388879294902921 5.516238061117794 0.8989387983217495 2.339123075712738 
Pedestrian 4 0 -9999.0 -9999.0 -9999.0 -9999.0 1.7880067545646343 0.823781929075537 0.8958396887729885 -16.275274622086133 6.249673076185355 1.1892412547546758 2.4231851411200243 
Pedestrian 5 0 -9999.0 -9999.0 -9999.0 -9999.0 1.7974897720650915 0.992589562133693 0.7186775952934377 -24.71298403616406 8.218223945688404 1.9111640109191184 2.6122969490304673 
Pedestrian 8 0 -9999.0 -9999.0 -9999.0 -9999.0 1.8 0.823781929075537 0.963365933687516 -15.394871056867308 6.973143157285069 1.0312749994623034 2.337332891498967 
Pedestrian 324 0 -9999.0 -9999.0 -9999.0 -9999.0 1.7342625952305752 0.823781929075537 0.963365933687516 36.4950418025472 -4.032439606127338 -3.320016585454126 -2.9426380737001026 
Pedestrian 325 0 -9999.0 -9999.0 -9999.0 -9999.0 1.7342625952305752 0.823781929075537 0.8720767755301797 36.29709905577559 -4.578933927775023 -3.2977655308238853 -2.9430546296270297 
Pedestrian 786 0 -9999.0 -9999.0 -9999.0 -9999.0 1.7974897720650915 1.0249044043765634 0.9461904251673465 -30.541405704087328 0.12419083742997986 2.9974968226089267 -2.212261859612406 
Pedestrian 555 0 -9999.0 -9999.0 -9999.0 -9999.0 1.7951268703332972 1.0730522630020127 0.7556700052514177 -28.702588720678644 11.654848480279185 2.0351383321808787 1.369460774881631 
Pedestrian 300 0 -9999.0 -9999.0 -9999.0 -9999.0 1.719110947049838 0.5942389613524003 0.5598340397973025 -6.868986753598999 7.0105373920437435 0.7314443119048921 -1.5232664734070358 
Car 2 0 -9999.0 -9999.0 -9999.0 -9999.0 1.869817964234 4.069953276501204 2.1371236263150624 -15.049103936902986 -1.4613100910876533 1.4196506407899823 -2.9349840673972096 
Car 1 0 -9999.0 -9999.0 -9999.0 -9999.0 1.563781226033301 2.8241647592695136 1.6755459182934431 -4.089643741525053 -2.8728838482182524 0.5124689903871584 -2.8573684610256187 
Pedestrian 2 0 -9999.0 -9999.0 -9999.0 -9999.0 1.7944659945207295 1.0293865098694976 0.9107676495989551 1.0108175147623737 1.5981730852036156 -0.3155633484984201 -3.070489510659872 
Pedestrian 12 0 -9999.0 -9999.0 -9999.0 -9999.0 1.85 0.8304195303104085 0.7980478593464815 -39.938499234923384 6.112336498342677 3.843222697955122 -0.1449043903505025 
Pedestrian 13 0 -9999.0 -9999.0 -9999.0 -9999.0 1.85 0.9178706831151349 0.7423551562594414 -40.02062484650046 5.143697809622757 3.8153465151317967 -0.14693246294131868 
Pedestrian 25 0 -9999.0 -9999.0 -9999.0 -9999.0 1.7260692569806146 0.7202761908522434 0.691398761311719 20.311471438597408 -5.670759722085674 -1.619818223287691 -0.08493069324563685 
Pedestrian 22 0 -9999.0 -9999.0 -9999.0 -9999.0 1.6923684871820848 0.8932054390458352 0.8277857904868748 10.353020636943109 1.5458350638325806 -1.400276894811571 -3.0700747683031633 
Car 9 0 -9999.0 -9999.0 -9999.0 -9999.0 2.0110678902370904 3.6491073811456296 1.8973721859405868 26.0975247375851 -9.385341761087393 -2.0585701562126424 1.9545359700878233 
Pedestrian 16 0 -9999.0 -9999.0 -9999.0 -9999.0 1.7780619257764556 0.6846979994870754 0.7494903408760649 -31.27285959214627 1.6724123951111887 3.01529153076811 0.048406675155603374 
Car 5 0 -9999.0 -9999.0 -9999.0 -9999.0 1.8369121115634848 4.774533904144905 2.3211510184741497 -33.66185269496494 -0.05099904073915922 3.3055138217963087 -0.15479674201788107 
Car 15 0 -9999.0 -9999.0 -9999.0 -9999.0 2 4 1.977826084800126 -45.399635544129296 3.307103562740602 3.853215135027713 -0.3023151478075068 
Pedestrian 23 0 -9999.0 -9999.0 -9999.0 -9999.0 1.582054991347604 0.5867686807733712 0.7723736730945426 23.768013531529704 -3.1883644197822516 -2.3802371120314416 -3.0700747683031633 
Pedestrian 24 0 -9999.0 -9999.0 -9999.0 -9999.0 1.6265380204741335 0.7243144439909336 0.760852002866169 23.5550048898975 -3.9235879508037064 -2.315974252590194 -3.0700747683031633 
Pedestrian 666 0 -9999.0 -9999.0 -9999.0 -9999.0 1.7974897720650915 0.9314450322483807 0.7186775952934377 -25.18219093808878 8.784174047703429 1.9489790715904178 2.6122969489024044 
Car 10 0 -9999.0 -9999.0 -9999.0 -9999.0 2.1574394434890403 5.153142689905318 2.072836565424259 29.00347546310674 -7.8179529864695345 -2.2955023528281018 1.9209677407462653 
Car 7 0 -9999.0 -9999.0 -9999.0 -9999.0 1.8372907590833283 5.146615056327163 2.2781257366533887 6.646617341163171 -2.8871427403078536 -0.44261895696539894 -2.924498304796833 
