Pedestrian 9 0 -9999.0 -9999.0 -9999.0 -9999.0 1.8011808519170776 0.9754172519171165 0.8997259364624444 -11.084023467565371 6.365276313103607 2.1812689252405613 -0.9633365980273716 
Car 8 0 -9999.0 -9999.0 -9999.0 -9999.0 2.224459528035265 4.514161950701876 2.211367806206943 9.963949870461297 -12.015770382222426 1.4325288654583834 2.0078930970073987 
Pedestrian 222 0 -9999.0 -9999.0 -9999.0 -9999.0 1.8011808519170776 0.9754172519171165 0.8997259364624444 -12.371177967028965 6.374242611760838 2.1541763152571716 2.1782560785564193 
Pedestrian 1 0 -9999.0 -9999.0 -9999.0 -9999.0 1.7617489395297996 0.8962574574403286 0.963365933687516 -1.9027692448729823 2.4718916164663103 1.2677717861682076 -3.102119042019295 
Car 4 0 -9999.0 -9999.0 -9999.0 -9999.0 1.7992530582778123 4.74691242279456 2.468755016224238 -10.961857293179976 2.054533112486559 2.3213813076754812 -2.977218502244611 
Car 2 0 -9999.0 -9999.0 -9999.0 -9999.0 1.869817964234 4.069953276501204 2.1371236263150624 -15.009529525896324 -1.1618089584257691 2.883472862029526 -2.9349840673972096 
Car 1 0 -9999.0 -9999.0 -9999.0 -9999.0 1.563781226033301 2.8241647592695136 1.6755459182934431 -4.00033530687811 -2.5119670887265952 1.8017962054713348 -2.858451092160559 
Pedestrian 2 0 -9999.0 -9999.0 -9999.0 -9999.0 1.7944659945207295 1.0293865098694976 0.9107676495989551 18.31266065334606 -0.06315551190238171 -0.754343334605199 -3.070489510659872 
Pedestrian 26 0 -9999.0 -9999.0 -9999.0 -9999.0 1.8 0.6955528190278748 0.7008922658629957 42.00565604678806 -4.812677792017843 -2.8068096395633715 0.3452154313072917 
Pedestrian 27 0 -9999.0 -9999.0 -9999.0 -9999.0 1.8 0.7333538995830526 0.7069640180592786 41.721569430486305 -5.559213108445202 -2.806730943431536 0.3331429322797561 
Pedestrian 22 0 -9999.0 -9999.0 -9999.0 -9999.0 1.6923684871820848 0.8932054390458352 0.8277857904868748 26.565392939538818 -1.2343089992963712 -1.7747161932037925 -3.06839271182238 
Car 9 0 -9999.0 -9999.0 -9999.0 -9999.0 2.0110678902370904 3.6491073811456296 1.8973721859405868 26.178921545602748 -9.261502785011668 -0.7502574281113767 1.9620731304836099 
Car 5 0 -9999.0 -9999.0 -9999.0 -9999.0 1.8369121115634848 4.774533904144905 2.3211510184741497 -33.62700450943455 0.23511746629873637 4.871177948042083 -0.15479674201788107 
Pedestrian 23 0 -9999.0 -9999.0 -9999.0 -9999.0 1.582054991347604 0.5867686807733712 0.7723736730945426 35.81694980371003 -5.575227875586312 -2.4868577626152226 -2.93256975484646 
Pedestrian 24 0 -9999.0 -9999.0 -9999.0 -9999.0 1.6265380204741335 0.7243144439909336 0.760852002866169 35.5545573104276 -6.299472133383249 -2.418440026559641 -2.939221901352818 
Pedestrian 444 0 -9999.0 -9999.0 -9999.0 -9999.0 1.502878216947772 0.63 0.63 48.459541566240794 -7.578764331010388 -3.076561974315717 0.12030502174119384 
Car 10 0 -9999.0 -9999.0 -9999.0 -9999.0 2.1574394434890403 5.153142689905318 2.072836565424259 29.11475817079915 -7.736184039266475 -1.0833525396056614 1.9132452617010607 
Car 7 0 -9999.0 -9999.0 -9999.0 -9999.0 1.8372907590833283 5.146615056327163 2.2781257366533887 6.822230937291836 -2.640481708932153 0.7577696750819758 -2.924498304796833 
