Pedestrian 21 0 -9999.0 -9999.0 -9999.0 -9999.0 1.5486937499742908 1.0873959982889 0.7717083307869881 -19.274597538661133 3.9399495394316912 2.2374641805706483 -1.499274462851771 
Pedestrian 9 0 -9999.0 -9999.0 -9999.0 -9999.0 1.8011808519170776 0.9754172519171165 0.8997259364624444 -11.340605996156121 6.474867348493919 1.409214478697857 -0.9633365980273716 
Pedestrian 20 0 -9999.0 -9999.0 -9999.0 -9999.0 1.7856978932434147 0.9644830564353185 0.9356425578791832 -16.05760078737475 6.958675550510731 2.03734281035463 1.7967417648361774 
Car 8 0 -9999.0 -9999.0 -9999.0 -9999.0 2.224459528035265 4.514161950701876 2.211367806206943 9.94541611834427 -12.116627701488879 1.9887046906819694 2.0082982787013783 
Pedestrian 222 0 -9999.0 -9999.0 -9999.0 -9999.0 1.8011808519170776 0.9754172519171165 0.8997259364624444 -12.54137191388697 6.412121993525234 1.4941607643591304 2.1782560785564193 
Pedestrian 1 0 -9999.0 -9999.0 -9999.0 -9999.0 1.7617489395297996 0.8962574574403286 0.963365933687516 -4.938122311050453 2.5429705192074916 0.9329135155114764 2.712746124811588 
Car 4 0 -9999.0 -9999.0 -9999.0 -9999.0 1.7992530582778123 4.74691242279456 2.468755016224238 -36.665052139584375 2.9397287898072335 4.316270071726537 2.84710464520761 
Car 2 0 -9999.0 -9999.0 -9999.0 -9999.0 1.869817964234 4.069953276501204 2.1371236263150624 -14.986656992339098 -1.3049725402302614 2.246689571376756 -2.9349840673972096 
Car 1 0 -9999.0 -9999.0 -9999.0 -9999.0 1.563781226033301 2.8241647592695136 1.6755459182934431 -4.093360551786946 -2.7494973330592933 1.2429054797926182 -2.8574645705381805 
Pedestrian 2 0 -9999.0 -9999.0 -9999.0 -9999.0 1.7944659945207295 1.0293865098694976 0.9107676495989551 11.602079153793113 1.246089161535231 -0.6622827751069812 -3.0704895109770263 
Pedestrian 22 0 -9999.0 -9999.0 -9999.0 -9999.0 1.6923684871820848 0.8932054390458352 0.8277857904868748 20.08888629678035 -0.523656956444427 -1.4773875586920633 -3.0700747683031633 
Car 9 0 -9999.0 -9999.0 -9999.0 -9999.0 2.0110678902370904 3.6491073811456296 1.8973721859405868 26.093914567819194 -9.460567140767273 -1.1799976304573303 1.9520404045561381 
Car 5 0 -9999.0 -9999.0 -9999.0 -9999.0 1.8369121115634848 4.774533904144905 2.3211510184741497 -33.58578151421341 -0.48488711526599393 4.108561016722535 -0.15479674201788107 
Pedestrian 11 0 -9999.0 -9999.0 -9999.0 -9999.0 1.743219227040754 0.6949430683373164 0.6988812923314164 -45.80301816282498 3.988641749881838 5.426917384364234 0.07151788528662983 
Pedestrian 10 0 -9999.0 -9999.0 -9999.0 -9999.0 1.7700520281650824 0.6950127251504835 0.698726805862869 -45.72967297665577 3.1597840741323866 5.446467288808288 0.07151788528988323 
Pedestrian 230 0 -9999.0 -9999.0 -9999.0 -9999.0 1.6935575153474929 0.7330508550058386 0.695050280878784 -36.15843122551966 0.7602612453418738 4.320005841319854 -0.20154263097460046 
Pedestrian 333 0 -9999.0 -9999.0 -9999.0 -9999.0 1.6935575153474929 0.7330508550058386 0.6474589698422951 -36.14757831678889 1.4257773842729342 4.319870257583759 -0.20249215357902273 
Pedestrian 23 0 -9999.0 -9999.0 -9999.0 -9999.0 1.582054991347604 0.5867686807733712 0.7723736730945426 30.51903249655804 -4.2317790268896145 -2.203350227883385 -2.9999815029145296 
Pedestrian 24 0 -9999.0 -9999.0 -9999.0 -9999.0 1.6265380204741335 0.7243144439909336 0.760852002866169 30.459580064481404 -5.025459669171055 -2.135844269001663 -2.9941630200361065 
Car 10 0 -9999.0 -9999.0 -9999.0 -9999.0 2.1574394434890403 5.153142689905318 2.072836565424259 29.085687564846125 -7.742154976616799 -1.480505048328384 1.9130953179360386 
Car 7 0 -9999.0 -9999.0 -9999.0 -9999.0 1.8372907590833283 5.146615056327163 2.2781257366533887 6.652204837611341 -2.878970168527672 0.2610444754895386 -2.924498304796833 
