Pedestrian 14 0 -9999.0 -9999.0 -9999.0 -9999.0 1.6121585248010888 0.5638807898783634 0.6098700835457089 -30.72613023223627 2.218986277351943 2.9742434282358947 0.16200046643413302 
Pedestrian 18 0 -9999.0 -9999.0 -9999.0 -9999.0 1.7917462843484828 0.7713067063640413 0.6942592859985821 -39.416946128294654 4.119245718230533 3.555934087866452 -0.20726343372793288 
Pedestrian 17 0 -9999.0 -9999.0 -9999.0 -9999.0 1.7139129318266897 0.8143442265930848 0.7556700052514177 -30.2652236915942 10.008146725321394 2.244779231179819 -2.5651201000079524 
Pedestrian 10 0 -9999.0 -9999.0 -9999.0 -9999.0 1.7700520281650824 0.6950127251504835 0.698726805862869 -36.858290932458935 4.464776917363968 3.58792198619934 0.07151788528683944 
Pedestrian 11 0 -9999.0 -9999.0 -9999.0 -9999.0 1.743219227040754 0.6949430683373164 0.6988812923314164 -36.814436408492085 5.22043491654199 3.572035187258092 0.07151788528662983 
Pedestrian 9 0 -9999.0 -9999.0 -9999.0 -9999.0 1.8011808519170776 0.9754172519171165 0.8997259364624444 -11.305091152676153 6.210633019491068 0.6144098518637147 -0.9633365980273716 
Pedestrian 222 0 -9999.0 -9999.0 -9999.0 -9999.0 1.8011808519170776 0.9754172519171165 0.8997259364624444 -12.5863799824812 6.307715913237318 0.8047644838292618 2.1782560785564193 
Pedestrian 1 0 -9999.0 -9999.0 -9999.0 -9999.0 1.7617489395297996 0.8962574574403286 0.963365933687516 -10.894590296193565 -0.33084626967377156 0.9418463912702569 2.8370639421279478 
Car 3 0 -9999.0 -9999.0 -9999.0 -9999.0 1.497421924732449 4.274993790819908 2.215006876834789 -3.0886726632146497 -10.797244627263908 1.1236809446583023 2.0347990257181756 
Pedestrian 3 0 -9999.0 -9999.0 -9999.0 -9999.0 1.262461173550971 0.8656375095412872 0.8043813596525365 -15.691322402719868 5.233954405478589 0.8350111283385434 2.339123075712738 
Pedestrian 4 0 -9999.0 -9999.0 -9999.0 -9999.0 1.7880067545646343 0.823781929075537 0.8958396887729885 -16.762653479613935 6.000708802918575 1.1756709112788613 2.4210112205971495 
Pedestrian 5 0 -9999.0 -9999.0 -9999.0 -9999.0 1.7974897720650915 0.992589562133693 0.7186775952934377 -25.681528585969506 8.097599845248967 1.9560398830356986 2.6122969511863214 
Pedestrian 7 0 -9999.0 -9999.0 -9999.0 -9999.0 1.85 0.823781929075537 0.963365933687516 -14.832267495303794 6.337796237666063 0.9783332764409637 2.311702766228162 
Pedestrian 8 0 -9999.0 -9999.0 -9999.0 -9999.0 1.8 0.823781929075537 0.963365933687516 -15.839690624014555 6.447379914288402 1.0508675687840894 2.337332891498967 
Pedestrian 324 0 -9999.0 -9999.0 -9999.0 -9999.0 1.7342625952305752 0.823781929075537 0.963365933687516 35.39986472239025 -3.5112909463345297 -3.375349896928145 -2.9431044017581076 
Pedestrian 325 0 -9999.0 -9999.0 -9999.0 -9999.0 1.7342625952305752 0.823781929075537 0.8720767755301797 35.30486218830103 -4.027923206563904 -3.354223284450458 -2.9429441772864315 
Pedestrian 786 0 -9999.0 -9999.0 -9999.0 -9999.0 1.7974897720650915 1.0249044043765634 0.9461904251673465 -31.097975000958588 1.2246619877869236 3.0096709118199594 -2.212261859612406 
Pedestrian 555 0 -9999.0 -9999.0 -9999.0 -9999.0 1.7951268703332972 1.0730522630020127 0.7556700052514177 -28.66518659124053 11.094698955439414 2.0583593758310452 1.3694607748816319 
Pedestrian 300 0 -9999.0 -9999.0 -9999.0 -9999.0 1.719110947049838 0.5942389613524003 0.5598340397973025 -6.910210327243539 7.005821504178711 0.6685841389233873 -1.5231828196185422 
Car 2 0 -9999.0 -9999.0 -9999.0 -9999.0 1.869817964234 4.069953276501204 2.1371236263150624 -15.06329340724852 -1.539710207788461 1.2303191755835863 -2.9349840673972096 
Car 1 0 -9999.0 -9999.0 -9999.0 -9999.0 1.563781226033301 2.8241647592695136 1.6755459182934431 -4.094488825344769 -2.8938411198088425 0.4584622932637185 -2.8572435071024422 
Pedestrian 2 0 -9999.0 -9999.0 -9999.0 -9999.0 1.7944659945207295 1.0293865098694976 0.9107676495989551 -0.20105467218057194 1.734712450589013 -0.2909883838510364 -3.070489510659872 
Pedestrian 12 0 -9999.0 -9999.0 -9999.0 -9999.0 1.85 0.8304195303104085 0.7980478593464815 -39.555976542122366 5.803336003942119 3.6088112208747307 -0.1449043903505025 
Pedestrian 13 0 -9999.0 -9999.0 -9999.0 -9999.0 1.85 0.9178706831151349 0.7423551562594414 -39.439785467030376 5.008500918943727 3.5942113719047466 -0.14693246294131868 
Pedestrian 25 0 -9999.0 -9999.0 -9999.0 -9999.0 1.7260692569806146 0.7202761908522434 0.691398761311719 21.75115323326458 -5.788506458028975 -1.8256042268591373 -0.08493046902892054 
Pedestrian 22 0 -9999.0 -9999.0 -9999.0 -9999.0 1.6923684871820848 0.8932054390458352 0.8277857904868748 9.239071524715122 1.6695221076140403 -1.3211938856360488 -3.0700747683031633 
Pedestrian 16 0 -9999.0 -9999.0 -9999.0 -9999.0 1.7780619257764556 0.6846979994870754 0.7494903408760649 -30.620159359019528 1.6108349188769453 3.013778012245994 0.26581926411284407 
Car 5 0 -9999.0 -9999.0 -9999.0 -9999.0 1.8369121115634848 4.774533904144905 2.3211510184741497 -33.73435873923777 -0.011141983223351859 3.2565806480862314 -0.15479674201788107 
Car 15 0 -9999.0 -9999.0 -9999.0 -9999.0 2 4 1.977826084800126 -45.58121388052593 3.7157657313446 3.832214381692445 -0.3023151478075068 
Pedestrian 23 0 -9999.0 -9999.0 -9999.0 -9999.0 1.582054991347604 0.5867686807733712 0.7723736730945426 23.091122115662003 -2.921537025030783 -2.2914911618712273 -3.0700749928388156 
Pedestrian 24 0 -9999.0 -9999.0 -9999.0 -9999.0 1.6265380204741335 0.7243144439909336 0.760852002866169 22.943670487753522 -3.66189550259403 -2.232614212814504 -3.0700828960184374 
Pedestrian 666 0 -9999.0 -9999.0 -9999.0 -9999.0 1.7974897720650915 0.9314450322483807 0.7186775952934377 -25.99498467996016 8.542860146135691 1.9634278119254074 2.6122969489024044 
Car 10 0 -9999.0 -9999.0 -9999.0 -9999.0 2.1574394434890403 5.153142689905318 2.072836565424259 29.003020361679972 -7.822812733703629 -2.27662024516245 1.9220044173973037 
Car 7 0 -9999.0 -9999.0 -9999.0 -9999.0 1.8372907590833283 5.146615056327163 2.2781257366533887 6.667817999447595 -2.834459084930142 -0.5197082050330716 -2.924498304796833 
