Pedestrian 15 0 -9999.0 -9999.0 -9999.0 -9999.0 1.6445419931224023 0.9439663483751304 0.7274568616666712 -23.828070685240537 1.3439400683798808 2.2789500652576056 1.9483542274279806 
Pedestrian 14 0 -9999.0 -9999.0 -9999.0 -9999.0 1.6121585248010888 0.5638807898783634 0.6098700835457089 -31.969716142904037 2.523277614572996 2.9652109209424506 -0.05509525814058236 
Pedestrian 18 0 -9999.0 -9999.0 -9999.0 -9999.0 1.7917462843484828 0.7713067063640413 0.6942592859985821 -40.29503452610208 4.28999832823285 3.8584319762706705 -0.20726343372793288 
Pedestrian 17 0 -9999.0 -9999.0 -9999.0 -9999.0 1.7139129318266897 0.8143442265930848 0.7556700052514177 -29.865124581163933 9.998168595884145 2.4811274722782293 2.69815803559381 
Pedestrian 10 0 -9999.0 -9999.0 -9999.0 -9999.0 1.7700520281650824 0.6950127251504835 0.698726805862869 -38.07597333773869 3.7539180859767085 3.845174862535443 0.07151788531857761 
Pedestrian 11 0 -9999.0 -9999.0 -9999.0 -9999.0 1.743219227040754 0.6949430683373164 0.6988812923314164 -37.90432421698422 4.533602771573686 3.8550222210356857 0.07151788528662983 
Pedestrian 9 0 -9999.0 -9999.0 -9999.0 -9999.0 1.8011808519170776 0.9754172519171165 0.8997259364624444 -11.253799207195541 6.2558586246791466 0.6725148368842714 -0.9633365980273716 
Pedestrian 222 0 -9999.0 -9999.0 -9999.0 -9999.0 1.8011808519170776 0.9754172519171165 0.8997259364624444 -12.575019612616405 6.386564943785473 0.7994221209448112 2.1782560785564193 
Pedestrian 1 0 -9999.0 -9999.0 -9999.0 -9999.0 1.7617489395297996 0.8962574574403286 0.963365933687516 -10.100849521253947 -0.1353344828160693 0.9652828834855218 2.756085893260577 
Car 3 0 -9999.0 -9999.0 -9999.0 -9999.0 1.497421924732449 4.274993790819908 2.215006876834789 -3.0361443565175197 -10.81496908568748 1.236822589079399 2.035854287259511 
Pedestrian 3 0 -9999.0 -9999.0 -9999.0 -9999.0 1.262461173550971 0.8656375095412872 0.8043813596525365 -14.963848562771533 5.941366426623214 0.8626706436826519 2.339123075712738 
Pedestrian 4 0 -9999.0 -9999.0 -9999.0 -9999.0 1.7880067545646343 0.823781929075537 0.8958396887729885 -15.787099716953584 6.499043988784849 1.2028337629987251 2.4253626123595495 
Pedestrian 5 0 -9999.0 -9999.0 -9999.0 -9999.0 1.7974897720650915 0.992589562133693 0.7186775952934377 -23.96476042332732 8.650355353038249 1.8329795634099544 2.6122969487800596 
Pedestrian 8 0 -9999.0 -9999.0 -9999.0 -9999.0 1.8 0.823781929075537 0.963365933687516 -14.628238737476243 7.574997954193427 0.9285184832540856 2.337332891498967 
Pedestrian 324 0 -9999.0 -9999.0 -9999.0 -9999.0 1.7342625952305752 0.823781929075537 0.963365933687516 37.49729645318086 -4.411480822149387 -3.30343191969014 -2.9442518223687415 
Pedestrian 325 0 -9999.0 -9999.0 -9999.0 -9999.0 1.7342625952305752 0.823781929075537 0.8720767755301797 37.228900863516266 -5.01950020954134 -3.2661014585215544 -2.942672148895417 
Pedestrian 300 0 -9999.0 -9999.0 -9999.0 -9999.0 1.719110947049838 0.5942389613524003 0.5598340397973025 -6.88573379917619 6.944178758857375 0.7269580427513076 -1.5232641053203402 
Car 2 0 -9999.0 -9999.0 -9999.0 -9999.0 1.869817964234 4.069953276501204 2.1371236263150624 -15.042080331143836 -1.4790999954427133 1.458826745615131 -2.9349840673972096 
Car 1 0 -9999.0 -9999.0 -9999.0 -9999.0 1.563781226033301 2.8241647592695136 1.6755459182934431 -4.0862926274917335 -2.8765986889968795 0.54826939438282 -2.8574645705381805 
Pedestrian 2 0 -9999.0 -9999.0 -9999.0 -9999.0 1.7944659945207295 1.0293865098694976 0.9107676495989551 2.0556533634019334 1.7707218123505863 -0.4060778264010735 -3.070489510659872 
Pedestrian 12 0 -9999.0 -9999.0 -9999.0 -9999.0 1.85 0.8304195303104085 0.7980478593464815 -39.96023085281199 6.262568040642627 3.9409797486014675 -0.1449043903505025 
Pedestrian 13 0 -9999.0 -9999.0 -9999.0 -9999.0 1.85 0.9178706831151349 0.7423551562594414 -40.2181097485862 5.462018970286666 3.950096783366844 -0.14693246294131868 
Pedestrian 25 0 -9999.0 -9999.0 -9999.0 -9999.0 1.7260692569806146 0.7202761908522434 0.691398761311719 18.894518284238384 -5.552459991038552 -1.4294281239066828 -0.0849305139288461 
Pedestrian 22 0 -9999.0 -9999.0 -9999.0 -9999.0 1.6923684871820848 0.8932054390458352 0.8277857904868748 11.553252435245188 1.3494309645965807 -1.3876422056585604 -3.069476595718788 
Car 9 0 -9999.0 -9999.0 -9999.0 -9999.0 2.0110678902370904 3.6491073811456296 1.8973721859405868 26.084371482189553 -9.418870921382203 -2.051739914717578 1.9517762960032474 
Pedestrian 16 0 -9999.0 -9999.0 -9999.0 -9999.0 1.7780619257764556 0.6846979994870754 0.7494903408760649 -31.94394732639328 1.851158339901976 3.013778012245994 -0.031972932882855076 
Car 5 0 -9999.0 -9999.0 -9999.0 -9999.0 1.8369121115634848 4.774533904144905 2.3211510184741497 -33.62754428739503 -0.14044502820263638 3.344932725040042 -0.15479674201788107 
Car 15 0 -9999.0 -9999.0 -9999.0 -9999.0 2 4 1.977826084800126 -45.11491851903666 3.9586673576049307 3.7515211197694396 -0.3023151478075068 
Pedestrian 23 0 -9999.0 -9999.0 -9999.0 -9999.0 1.582054991347604 0.5867686807733712 0.7723736730945426 24.49383186769372 -3.437020046662664 -2.3730575606644773 -3.0700732379515383 
Pedestrian 24 0 -9999.0 -9999.0 -9999.0 -9999.0 1.6265380204741335 0.7243144439909336 0.760852002866169 24.36002358664477 -4.233955863007262 -2.314428095595307 -3.070457769588703 
Pedestrian 666 0 -9999.0 -9999.0 -9999.0 -9999.0 1.7974897720650915 0.9314450322483807 0.7186775952934377 -24.302649812079085 9.212392533550323 1.8681219739545583 2.6122969489024044 
Car 10 0 -9999.0 -9999.0 -9999.0 -9999.0 2.1574394434890403 5.153142689905318 2.072836565424259 29.004097589443536 -7.812924011165244 -2.312840614726683 1.9199422453104962 
Car 7 0 -9999.0 -9999.0 -9999.0 -9999.0 1.8372907590833283 5.146615056327163 2.2781257366533887 6.627984040184853 -2.9298040227297246 -0.3994943848083958 -2.924498304796833 
