Pedestrian 21 0 -9999.0 -9999.0 -9999.0 -9999.0 1.5486937499742908 1.0873959982889 0.7717083307869881 -20.39500810648509 0.13968343764900598 2.7651331258659386 -1.499274462851771 
Pedestrian 9 0 -9999.0 -9999.0 -9999.0 -9999.0 1.8011808519170776 0.9754172519171165 0.8997259364624444 -11.109871056343943 6.404163545447838 1.622340531465791 -0.9633365980273716 
Car 8 0 -9999.0 -9999.0 -9999.0 -9999.0 2.224459528035265 4.514161950701876 2.211367806206943 9.976653328117276 -11.888584421358837 1.168673832067729 2.008529861178541 
Pedestrian 222 0 -9999.0 -9999.0 -9999.0 -9999.0 1.8011808519170776 0.9754172519171165 0.8997259364624444 -12.47740690440757 6.460223259670846 1.8011914695184652 2.1782560785564193 
Pedestrian 1 0 -9999.0 -9999.0 -9999.0 -9999.0 1.7617489395297996 0.8962574574403286 0.963365933687516 -3.660825940402126 2.555196881437942 0.9851651041091515 -3.0001483103662814 
Car 4 0 -9999.0 -9999.0 -9999.0 -9999.0 1.7992530582778123 4.74691242279456 2.468755016224238 -24.615643256449093 3.935380434074271 3.160996723041499 -3.138463070948106 
Car 2 0 -9999.0 -9999.0 -9999.0 -9999.0 1.869817964234 4.069953276501204 2.1371236263150624 -14.969713470497364 -1.3124701022045044 2.3988069544423736 -2.9349840673972096 
Car 1 0 -9999.0 -9999.0 -9999.0 -9999.0 1.563781226033301 2.8241647592695136 1.6755459182934431 -4.05360114705214 -2.648862202038786 1.3217366265657988 -2.861708294244975 
Pedestrian 2 0 -9999.0 -9999.0 -9999.0 -9999.0 1.7944659945207295 1.0293865098694976 0.9107676495989551 14.702796754762307 0.582436433567044 -0.7750752774844516 -3.070489510659872 
Pedestrian 26 0 -9999.0 -9999.0 -9999.0 -9999.0 1.8 0.6955528190278748 0.7008922658629957 44.89416311929974 -5.958163672325849 -3.2070734003447376 0.3452146067114832 
Pedestrian 27 0 -9999.0 -9999.0 -9999.0 -9999.0 1.8 0.7333538995830526 0.7069640180592786 44.679803758007175 -6.560653345182402 -3.1564632860456 0.33144154146597593 
Pedestrian 22 0 -9999.0 -9999.0 -9999.0 -9999.0 1.6923684871820848 0.8932054390458352 0.8277857904868748 23.17769944724712 -0.8036103267988245 -1.6965162536841145 -3.0700747683031633 
Car 9 0 -9999.0 -9999.0 -9999.0 -9999.0 2.0110678902370904 3.6491073811456296 1.8973721859405868 26.196150885399856 -9.293152012833371 -1.1817388773640956 1.956431457338919 
Car 5 0 -9999.0 -9999.0 -9999.0 -9999.0 1.8369121115634848 4.774533904144905 2.3211510184741497 -33.52495376744602 0.0220358480031912 4.37825382251266 -0.15479674201788107 
Pedestrian 11 0 -9999.0 -9999.0 -9999.0 -9999.0 1.743219227040754 0.6949430683373164 0.6988812923314164 -47.165106048387834 3.1045177814954785 5.435062083488713 0.07151788528662983 
Pedestrian 10 0 -9999.0 -9999.0 -9999.0 -9999.0 1.7700520281650824 0.6950127251504835 0.698726805862869 -47.19333692625546 2.241617770807137 5.449349420123006 0.07151788529312242 
Pedestrian 23 0 -9999.0 -9999.0 -9999.0 -9999.0 1.582054991347604 0.5867686807733712 0.7723736730945426 32.903199381597716 -4.937728024492207 -2.5184239259962173 -2.932726009725224 
Pedestrian 24 0 -9999.0 -9999.0 -9999.0 -9999.0 1.6265380204741335 0.7243144439909336 0.760852002866169 32.77340776017276 -5.6867500821120895 -2.434080821770355 -2.939221901353976 
Car 10 0 -9999.0 -9999.0 -9999.0 -9999.0 2.1574394434890403 5.153142689905318 2.072836565424259 29.083024180375425 -7.746839812583033 -1.4946495431063354 1.9123981145508022 
Car 7 0 -9999.0 -9999.0 -9999.0 -9999.0 1.8372907590833283 5.146615056327163 2.2781257366533887 6.667183247886945 -2.810508836935432 0.42786103823388755 -2.924498304796833 
