Pedestrian 21 0 -9999.0 -9999.0 -9999.0 -9999.0 1.5486937499742908 1.0873959982889 0.7717083307869881 -18.552210553050852 5.661263739906455 2.018692013894321 -1.2926590803196323 
Pedestrian 9 0 -9999.0 -9999.0 -9999.0 -9999.0 1.8011808519170776 0.9754172519171165 0.8997259364624444 -11.306802868547047 6.1159339956702965 1.2737790209197624 -0.9633365980273716 
Pedestrian 20 0 -9999.0 -9999.0 -9999.0 -9999.0 1.7856978932434147 0.9644830564353185 0.9356425578791832 -16.600926150468773 5.691315697039284 2.0500081060186512 1.7967417648361774 
Pedestrian 222 0 -9999.0 -9999.0 -9999.0 -9999.0 1.8011808519170776 0.9754172519171165 0.8997259364624444 -12.421658806483936 6.358599854932411 1.4092234609255525 2.1782560785564193 
Pedestrian 1 0 -9999.0 -9999.0 -9999.0 -9999.0 1.7617489395297996 0.8962574574403286 0.963365933687516 -5.438482855804613 2.403988905852684 0.8265311579593111 2.6440388744031473 
Car 3 0 -9999.0 -9999.0 -9999.0 -9999.0 1.497421924732449 4.274993790819908 2.215006876834789 -2.852711891225184 -10.659986658668071 1.814243359904162 2.035854287259511 
Pedestrian 324 0 -9999.0 -9999.0 -9999.0 -9999.0 1.7342625952305752 0.823781929075537 0.963365933687516 44.58106907898856 -8.546240847315369 -3.139890240732695 -2.7494183923971427 
Pedestrian 325 0 -9999.0 -9999.0 -9999.0 -9999.0 1.7342625952305752 0.823781929075537 0.8720767755301797 44.3939313544831 -8.99211108812255 -3.066028797829991 -2.749418403490459 
Car 4 0 -9999.0 -9999.0 -9999.0 -9999.0 1.7992530582778123 4.74691242279456 2.468755016224238 -40.13734862776674 2.554959726890839 4.811427763401369 2.9112933171964883 
Car 2 0 -9999.0 -9999.0 -9999.0 -9999.0 1.869817964234 4.069953276501204 2.1371236263150624 -15.007447680274854 -1.4445272928177908 1.9934162141130918 -2.934984067397208 
Car 1 0 -9999.0 -9999.0 -9999.0 -9999.0 1.563781226033301 2.8241647592695136 1.6755459182934431 -4.0965023550807915 -2.753314528049401 1.1255738927825136 -2.857387974855886 
Pedestrian 2 0 -9999.0 -9999.0 -9999.0 -9999.0 1.7944659945207295 1.0293865098694976 0.9107676495989551 10.355898738865507 1.2495522323551347 -0.6717739543324013 -3.070489510659872 
Pedestrian 22 0 -9999.0 -9999.0 -9999.0 -9999.0 1.6923684871820848 0.8932054390458352 0.8277857904868748 18.84879398042045 -0.5143293359883976 -1.3829884655464382 -3.0700747683031633 
Car 9 0 -9999.0 -9999.0 -9999.0 -9999.0 2.0110678902370904 3.6491073811456296 1.8973721859405868 26.051895848189677 -9.573775467228826 -1.2518264212734167 1.9562316240351691 
Car 5 0 -9999.0 -9999.0 -9999.0 -9999.0 1.8369121115634848 4.774533904144905 2.3211510184741497 -33.72887729651839 -0.17486551669797443 4.232856147487892 -0.15479674201788107 
Pedestrian 11 0 -9999.0 -9999.0 -9999.0 -9999.0 1.743219227040754 0.6949430683373164 0.6988812923314164 -44.469299578992064 4.023375823405027 5.2362254607692345 0.07151788528662983 
Pedestrian 10 0 -9999.0 -9999.0 -9999.0 -9999.0 1.7700520281650824 0.6950127251504835 0.698726805862869 -44.312789662197076 3.3050953024661567 5.296776356597632 0.07151788528831293 
Pedestrian 230 0 -9999.0 -9999.0 -9999.0 -9999.0 1.6935575153474929 0.7330508550058386 0.695050280878784 -34.909475562806364 1.2407172818096361 4.14669011338197 -0.1752456035249459 
Pedestrian 333 0 -9999.0 -9999.0 -9999.0 -9999.0 1.6935575153474929 0.7330508550058386 0.6474589698422951 -35.24533808566256 2.042502056369388 4.153464774375971 -0.15581491102035727 
Pedestrian 23 0 -9999.0 -9999.0 -9999.0 -9999.0 1.582054991347604 0.5867686807733712 0.7723736730945426 29.574555066351692 -4.217001594499219 -2.271670710418482 -3.084304293636169 
Pedestrian 24 0 -9999.0 -9999.0 -9999.0 -9999.0 1.6265380204741335 0.7243144439909336 0.760852002866169 29.555411891817148 -4.963515881831473 -2.2065282864509372 -3.06926191754434 
Car 10 0 -9999.0 -9999.0 -9999.0 -9999.0 2.1574394434890403 5.153142689905318 2.072836565424259 29.07969248206154 -7.746446066962871 -1.5465672187081412 1.91370358987405 
Car 7 0 -9999.0 -9999.0 -9999.0 -9999.0 1.8372907590833283 5.146615056327163 2.2781257366533887 6.637637938307453 -2.888446068784531 0.1414429053270751 -2.924498304796833 
