Pedestrian 9 0 -9999.0 -9999.0 -9999.0 -9999.0 1.8011808519170776 0.9754172519171165 0.8997259364624444 -10.966982662515896 6.306995568749792 1.7219266055254066 -0.9633365980273716 
Car 8 0 -9999.0 -9999.0 -9999.0 -9999.0 2.224459528035265 4.514161950701876 2.211367806206943 9.994156636645792 -12.064439841179766 1.2545563900966705 2.008253975655677 
Pedestrian 222 0 -9999.0 -9999.0 -9999.0 -9999.0 1.8011808519170776 0.9754172519171165 0.8997259364624444 -12.523339558988091 6.317611990611926 1.900397012543039 2.1782560785564193 
Pedestrian 1 0 -9999.0 -9999.0 -9999.0 -9999.0 1.7617489395297996 0.8962574574403286 0.963365933687516 -3.068389519351173 2.4694385567261232 1.0435040967796558 -3.0061129023924504 
Car 4 0 -9999.0 -9999.0 -9999.0 -9999.0 1.7992530582778123 4.74691242279456 2.468755016224238 -19.55728254466503 3.621478285172479 2.7792669511492063 -2.9607752859248535 
Car 2 0 -9999.0 -9999.0 -9999.0 -9999.0 1.869817964234 4.069953276501204 2.1371236263150624 -14.964309962881975 -1.2557919164338647 2.6505181549531893 -2.9349840673972096 
Car 1 0 -9999.0 -9999.0 -9999.0 -9999.0 1.563781226033301 2.8241647592695136 1.6755459182934431 -4.033757651578846 -2.644732756865727 1.43301757101815 -2.8604838056717288 
Pedestrian 2 0 -9999.0 -9999.0 -9999.0 -9999.0 1.7944659945207295 1.0293865098694976 0.9107676495989551 16.10455778756302 0.4169410249949638 -0.8411507160294702 -3.070489510659872 
Pedestrian 26 0 -9999.0 -9999.0 -9999.0 -9999.0 1.8 0.6955528190278748 0.7008922658629957 43.88527539264517 -5.643508043804635 -3.0556613869576417 0.34521460768967493 
Pedestrian 27 0 -9999.0 -9999.0 -9999.0 -9999.0 1.8 0.7333538995830526 0.7069640180592786 43.583174208371425 -6.305839034658531 -3.0009757343081023 0.33204438539579684 
Pedestrian 22 0 -9999.0 -9999.0 -9999.0 -9999.0 1.6923684871820848 0.8932054390458352 0.8277857904868748 24.42892637730042 -0.8754191009187883 -1.731428405403331 -3.067055602058506 
Car 9 0 -9999.0 -9999.0 -9999.0 -9999.0 2.0110678902370904 3.6491073811456296 1.8973721859405868 26.198944704505738 -9.278478002185604 -1.116922711958925 1.9585141414404568 
Car 5 0 -9999.0 -9999.0 -9999.0 -9999.0 1.8369121115634848 4.774533904144905 2.3211510184741497 -33.58866684398152 0.3043012194529157 4.491208894691096 -0.15479674201788107 
Pedestrian 23 0 -9999.0 -9999.0 -9999.0 -9999.0 1.582054991347604 0.5867686807733712 0.7723736730945426 33.76313403153395 -5.170537965335903 -2.6460608068046056 -2.932568308639233 
Pedestrian 24 0 -9999.0 -9999.0 -9999.0 -9999.0 1.6265380204741335 0.7243144439909336 0.760852002866169 33.64957128661691 -5.931923482192507 -2.5772306424130567 -2.939221901353976 
Car 10 0 -9999.0 -9999.0 -9999.0 -9999.0 2.1574394434890403 5.153142689905318 2.072836565424259 29.087615265745146 -7.74658161666843 -1.4283352601055574 1.912474871705962 
Car 7 0 -9999.0 -9999.0 -9999.0 -9999.0 1.8372907590833283 5.146615056327163 2.2781257366533887 6.718356056573077 -2.736301718318118 0.5085897977270578 -2.924498304796833 
