Car 8 0 -9999.0 -9999.0 -9999.0 -9999.0 2.224459528035265 4.514161950701876 2.211367806206943 9.955609671051981 -12.091835070817577 2.303145358974395 2.008253975655677 
Pedestrian 1 0 -9999.0 -9999.0 -9999.0 -9999.0 1.7617489395297996 0.8962574574403286 0.963365933687516 -1.1451606385401751 2.922884016307421 1.624428813974075 -3.1079680129042337 
Car 4 0 -9999.0 -9999.0 -9999.0 -9999.0 1.7992530582778123 4.74691242279456 2.468755016224238 5.036213384935211 0.5964112431533098 1.351624755925845 -2.978379654203337 
Car 1 0 -9999.0 -9999.0 -9999.0 -9999.0 1.563781226033301 2.8241647592695136 1.6755459182934431 -4.204743845465786 -2.483834878449217 2.4441546904529408 -2.858953413476371 
Pedestrian 2 0 -9999.0 -9999.0 -9999.0 -9999.0 1.7944659945207295 1.0293865098694976 0.9107676495989551 23.970021469460026 -1.9162273069166391 -0.12776858648862938 -2.6893237391912503 
Pedestrian 26 0 -9999.0 -9999.0 -9999.0 -9999.0 1.8 0.6955528190278748 0.7008922658629957 36.502969901259576 -3.0036031386200155 -0.9834719588321146 0.2598328382676023 
Pedestrian 27 0 -9999.0 -9999.0 -9999.0 -9999.0 1.8 0.7333538995830526 0.7069640180592786 36.73134893520227 -3.6877223406878956 -1.0178079261040125 0.265775544169486 
Pedestrian 22 0 -9999.0 -9999.0 -9999.0 -9999.0 1.6923684871820848 0.8932054390458352 0.8277857904868748 32.315695357674265 -2.526150008008869 -0.9185846474350393 -3.070631673362003 
Pedestrian 6 0 -9999.0 -9999.0 -9999.0 -9999.0 1.4787050870040528 0.63 0.63 44.41949209985589 -7.585670028022935 -1.6773490099837451 0.12030310005777967 
Car 9 0 -9999.0 -9999.0 -9999.0 -9999.0 2.0110678902370904 3.6491073811456296 1.8973721859405868 26.165730287839594 -9.314971172778451 0.6092826765738668 1.9425089492519128 
Pedestrian 222 0 -9999.0 -9999.0 -9999.0 -9999.0 1.8011808519170776 0.9754172519171165 0.8997259364624444 -12.239590443552919 6.328857510367118 2.5765386327292665 2.1782560785564193 
Pedestrian 23 0 -9999.0 -9999.0 -9999.0 -9999.0 1.582054991347604 0.5867686807733712 0.7723736730945426 41.218136370876714 -7.1888028011605005 -1.3816600155173102 -2.932569753442925 
Pedestrian 24 0 -9999.0 -9999.0 -9999.0 -9999.0 1.6265380204741335 0.7243144439909336 0.760852002866169 40.66387435571847 -7.415571804259043 -1.3199189420166357 -2.939221901353976 
Pedestrian 444 0 -9999.0 -9999.0 -9999.0 -9999.0 1.502878216947772 0.63 0.63 44.121671569615295 -6.662272490155426 -1.686316558548971 0.12030502174113522 
Car 10 0 -9999.0 -9999.0 -9999.0 -9999.0 2.1574394434890403 5.153142689905318 2.072836565424259 29.18218797304301 -7.7808888350980006 0.1597665821474493 1.9200488129914106 
Car 7 0 -9999.0 -9999.0 -9999.0 -9999.0 1.8372907590833283 5.146615056327163 2.2781257366533887 6.819384157760576 -2.592924553323402 1.5685984868218235 -2.924498304796833 
