Pedestrian 21 0 -9999.0 -9999.0 -9999.0 -9999.0 1.5486937499742908 1.0873959982889 0.7717083307869881 -18.90575688041601 4.848708676841755 2.209959236542791 -1.5160484382781227 
Pedestrian 9 0 -9999.0 -9999.0 -9999.0 -9999.0 1.8011808519170776 0.9754172519171165 0.8997259364624444 -11.34546479057588 6.385905294770789 1.289364909767251 -0.9633365980273716 
Pedestrian 20 0 -9999.0 -9999.0 -9999.0 -9999.0 1.7856978932434147 0.9644830564353185 0.9356425578791832 -16.186382349503045 6.250059002607481 2.071667487777381 1.7967417648361774 
Pedestrian 222 0 -9999.0 -9999.0 -9999.0 -9999.0 1.8011808519170776 0.9754172519171165 0.8997259364624444 -12.49396946506952 6.414211912681677 1.452849042961909 2.1782560785564193 
Pedestrian 1 0 -9999.0 -9999.0 -9999.0 -9999.0 1.7617489395297996 0.8962574574403286 0.963365933687516 -5.230355287530431 2.4764834543852143 0.8746049093819186 2.6426933428945354 
Car 3 0 -9999.0 -9999.0 -9999.0 -9999.0 1.497421924732449 4.274993790819908 2.215006876834789 -2.7683319579403163 -10.575770038081293 1.8193691153114417 2.035854287259511 
Pedestrian 324 0 -9999.0 -9999.0 -9999.0 -9999.0 1.7342625952305752 0.823781929075537 0.963365933687516 45.03291855472639 -8.79442695440556 -3.1473559357747396 -2.73325853129046 
Pedestrian 325 0 -9999.0 -9999.0 -9999.0 -9999.0 1.7342625952305752 0.823781929075537 0.8720767755301797 44.86631314020075 -9.154599934850953 -3.0909789296490393 -2.733260022815781 
Car 4 0 -9999.0 -9999.0 -9999.0 -9999.0 1.7992530582778123 4.74691242279456 2.468755016224238 -39.07838228011312 2.4222300857643266 4.871175989378122 2.911293338516675 
Car 2 0 -9999.0 -9999.0 -9999.0 -9999.0 1.869817964234 4.069953276501204 2.1371236263150624 -15.078260772048498 -1.3753916154558046 2.120253394593408 -2.9349840673972096 
Car 1 0 -9999.0 -9999.0 -9999.0 -9999.0 1.563781226033301 2.8241647592695136 1.6755459182934431 -4.095329150720299 -2.74679729786701 1.1884852567196733 -2.857540293632306 
Pedestrian 2 0 -9999.0 -9999.0 -9999.0 -9999.0 1.7944659945207295 1.0293865098694976 0.9107676495989551 10.903309181560935 1.2337116280452292 -0.6745748565187144 -3.070489510577554 
Pedestrian 22 0 -9999.0 -9999.0 -9999.0 -9999.0 1.6923684871820848 0.8932054390458352 0.8277857904868748 19.321990972053225 -0.5673688929304743 -1.4264198300530162 -3.0700747683031633 
Car 9 0 -9999.0 -9999.0 -9999.0 -9999.0 2.0110678902370904 3.6491073811456296 1.8973721859405868 26.06566697145731 -9.53493824592101 -1.2169160333783542 1.9542608979423175 
Car 5 0 -9999.0 -9999.0 -9999.0 -9999.0 1.8369121115634848 4.774533904144905 2.3211510184741497 -33.64736714751897 -0.34709593820419155 4.251256814898298 -0.15479674201788107 
Pedestrian 11 0 -9999.0 -9999.0 -9999.0 -9999.0 1.743219227040754 0.6949430683373164 0.6988812923314164 -45.20257944800351 4.004364845835208 5.365603570499046 0.07151788528662983 
Pedestrian 10 0 -9999.0 -9999.0 -9999.0 -9999.0 1.7700520281650824 0.6950127251504835 0.698726805862869 -45.473350970434105 3.0961884129035413 5.398082941487948 0.07151788528902792 
Pedestrian 230 0 -9999.0 -9999.0 -9999.0 -9999.0 1.6935575153474929 0.7330508550058386 0.695050280878784 -35.4379139373302 0.9645467632698957 4.307949106585993 -0.18688177938720685 
Pedestrian 333 0 -9999.0 -9999.0 -9999.0 -9999.0 1.6935575153474929 0.7330508550058386 0.6474589698422951 -35.55490261322355 1.6272635215220261 4.297671056944908 -0.17446775916959822 
Pedestrian 23 0 -9999.0 -9999.0 -9999.0 -9999.0 1.582054991347604 0.5867686807733712 0.7723736730945426 29.991354699527964 -4.175042105145854 -2.2949451046295053 -3.085905832396289 
Pedestrian 24 0 -9999.0 -9999.0 -9999.0 -9999.0 1.6265380204741335 0.7243144439909336 0.760852002866169 29.94201069326558 -4.938444948105535 -2.2092462909220707 -3.070084596118299 
Car 10 0 -9999.0 -9999.0 -9999.0 -9999.0 2.1574394434890403 5.153142689905318 2.072836565424259 29.08283439494224 -7.744140504227016 -1.512273005127856 1.9134399878940975 
Car 7 0 -9999.0 -9999.0 -9999.0 -9999.0 1.8372907590833283 5.146615056327163 2.2781257366533887 6.645421690124097 -2.880293642927104 0.19735537247594603 -2.924498304796833 
