Pedestrian 9 0 -9999.0 -9999.0 -9999.0 -9999.0 1.8011808519170776 0.9754172519171165 0.8997259364624444 -11.14977672924895 6.206439376231592 2.3888006756362934 -0.9633365980273716 
Car 8 0 -9999.0 -9999.0 -9999.0 -9999.0 2.224459528035265 4.514161950701876 2.211367806206943 9.965473180680487 -12.063968661745843 1.7765337126509884 2.0093040663154227 
Pedestrian 222 0 -9999.0 -9999.0 -9999.0 -9999.0 1.8011808519170776 0.9754172519171165 0.8997259364624444 -12.57187973697562 6.143331190507229 2.539835573033766 2.1782560785564193 
Pedestrian 1 0 -9999.0 -9999.0 -9999.0 -9999.0 1.7617489395297996 0.8962574574403286 0.963365933687516 -1.199803116883203 2.752339741425014 1.5085049395473635 -3.1079680128854967 
Car 4 0 -9999.0 -9999.0 -9999.0 -9999.0 1.7992530582778123 4.74691242279456 2.468755016224238 -5.0431656420144915 1.1810965865606757 2.0933725632767004 -2.977232459085714 
Car 2 0 -9999.0 -9999.0 -9999.0 -9999.0 1.869817964234 4.069953276501204 2.1371236263150624 -15.143418648762433 -1.222270100255604 3.024676844543043 -2.934984067397208 
Car 1 0 -9999.0 -9999.0 -9999.0 -9999.0 1.563781226033301 2.8241647592695136 1.6755459182934431 -4.085207303973986 -2.4426679306454138 2.146494128353713 -2.8597463382683923 
Pedestrian 2 0 -9999.0 -9999.0 -9999.0 -9999.0 1.7944659945207295 1.0293865098694976 0.9107676495989551 19.996992281896944 -0.42563732969703 -0.5827040248527932 -2.9446003079769216 
Pedestrian 26 0 -9999.0 -9999.0 -9999.0 -9999.0 1.8 0.6955528190278748 0.7008922658629957 40.355540868189074 -4.438331289360913 -2.6550461400920313 0.34522204768427933 
Pedestrian 27 0 -9999.0 -9999.0 -9999.0 -9999.0 1.8 0.7333538995830526 0.7069640180592786 40.14047066200542 -5.077531174053795 -2.5361519465795808 0.33392083210613954 
Pedestrian 22 0 -9999.0 -9999.0 -9999.0 -9999.0 1.6923684871820848 0.8932054390458352 0.8277857904868748 28.24850287956861 -1.6326786379428055 -1.471239671546259 -3.0700747683031633 
Pedestrian 6 0 -9999.0 -9999.0 -9999.0 -9999.0 1.4787050870040528 0.63 0.63 47.28822117460989 -7.715522611342669 -3.0147109435788235 0.1203050217580941 
Car 9 0 -9999.0 -9999.0 -9999.0 -9999.0 2.0110678902370904 3.6491073811456296 1.8973721859405868 26.207724188162533 -9.30028678014317 -0.3924239922508935 1.9717565661149763 
Car 5 0 -9999.0 -9999.0 -9999.0 -9999.0 1.8369121115634848 4.774533904144905 2.3211510184741497 -33.51629833654808 0.04789024120509808 5.143333065115626 -0.15479674201788107 
Pedestrian 23 0 -9999.0 -9999.0 -9999.0 -9999.0 1.582054991347604 0.5867686807733712 0.7723736730945426 37.240922242009184 -5.7124524690815015 -2.329304313785641 -2.932569753442925 
Pedestrian 24 0 -9999.0 -9999.0 -9999.0 -9999.0 1.6265380204741335 0.7243144439909336 0.760852002866169 36.86032179376592 -6.400436045648338 -2.2332952882004062 -2.939221901353976 
Pedestrian 444 0 -9999.0 -9999.0 -9999.0 -9999.0 1.502878216947772 0.63 0.63 47.31037250112723 -7.070787822674552 -3.0090535250849655 0.12030502174119384 
Car 10 0 -9999.0 -9999.0 -9999.0 -9999.0 2.1574394434890403 5.153142689905318 2.072836565424259 29.1376678320632 -7.735008630015536 -0.7510514767248169 1.91446936566002 
Car 7 0 -9999.0 -9999.0 -9999.0 -9999.0 1.8372907590833283 5.146615056327163 2.2781257366533887 6.782772973455149 -2.645236005453448 1.0728783700490176 -2.924498304796833 
