Car 8 0 -9999.0 -9999.0 -9999.0 -9999.0 2.224459528035265 4.514161950701876 2.211367806206943 10.056683637414578 -11.966145592338071 2.287501400763692 2.0060390591138884 
Pedestrian 222 0 -9999.0 -9999.0 -9999.0 -9999.0 1.8011808519170776 0.9754172519171165 0.8997259364624444 -12.526732586912138 6.443370683735919 2.3939319012017446 2.1782560785564193 
Pedestrian 1 0 -9999.0 -9999.0 -9999.0 -9999.0 1.7617489395297996 0.8962574574403286 0.963365933687516 -1.1470876625390407 2.8427493739015044 1.4722455683242406 -3.1079682905143144 
Car 4 0 -9999.0 -9999.0 -9999.0 -9999.0 1.7992530582778123 4.74691242279456 2.468755016224238 -0.48985316656581823 0.8133108450844061 1.60121938348857 -2.978662502724694 
Car 2 0 -9999.0 -9999.0 -9999.0 -9999.0 1.869817964234 4.069953276501204 2.1371236263150624 -14.964422748808264 -1.2731008229746692 3.256166141223367 -2.9349840673972096 
Car 1 0 -9999.0 -9999.0 -9999.0 -9999.0 1.563781226033301 2.8241647592695136 1.6755459182934431 -4.15124163525132 -2.452640465360573 2.1445482694384586 -2.8576600928818703 
Pedestrian 2 0 -9999.0 -9999.0 -9999.0 -9999.0 1.7944659945207295 1.0293865098694976 0.9107676495989551 21.600243583368528 -0.9331660328532971 -0.3714070448146448 -2.849542695596302 
Pedestrian 26 0 -9999.0 -9999.0 -9999.0 -9999.0 1.8 0.6955528190278748 0.7008922658629957 38.90066778444341 -4.054253314384257 -1.7049512602591952 0.3453715368986172 
Pedestrian 27 0 -9999.0 -9999.0 -9999.0 -9999.0 1.8 0.7333538995830526 0.7069640180592786 38.670017125632384 -4.685001672817416 -1.6354900632825542 0.3348776713400312 
Pedestrian 22 0 -9999.0 -9999.0 -9999.0 -9999.0 1.6923684871820848 0.8932054390458352 0.8277857904868748 29.908433969205245 -2.1192872994719156 -1.058592937295252 -3.070384104401775 
Pedestrian 6 0 -9999.0 -9999.0 -9999.0 -9999.0 1.4787050870040528 0.63 0.63 46.3093789573433 -7.742906754948554 -2.1919180610958673 0.12030502174119384 
Car 9 0 -9999.0 -9999.0 -9999.0 -9999.0 2.0110678902370904 3.6491073811456296 1.8973721859405868 26.23726893390557 -9.232153698343488 -0.06380447590988364 1.9574728587337944 
Pedestrian 23 0 -9999.0 -9999.0 -9999.0 -9999.0 1.582054991347604 0.5867686807733712 0.7723736730945426 38.77047110948735 -6.181858564292726 -1.7095244523042001 -2.9325697534429285 
Pedestrian 24 0 -9999.0 -9999.0 -9999.0 -9999.0 1.6265380204741335 0.7243144439909336 0.760852002866169 38.453114781367965 -6.801818399648374 -1.6316185188985368 -2.939221901502963 
Pedestrian 444 0 -9999.0 -9999.0 -9999.0 -9999.0 1.502878216947772 0.63 0.63 46.33707106479137 -7.0939982956152 -2.2042275481680575 0.12030502174119384 
Car 10 0 -9999.0 -9999.0 -9999.0 -9999.0 2.1574394434890403 5.153142689905318 2.072836565424259 29.154487027511344 -7.760451574998668 -0.3633783387302994 1.9163020348831328 
Car 7 0 -9999.0 -9999.0 -9999.0 -9999.0 1.8372907590833283 5.146615056327163 2.2781257366533887 6.784533946036961 -2.6161638498884576 1.3645772315227633 -2.924498304796833 
