Pedestrian 15 0 -9999.0 -9999.0 -9999.0 -9999.0 1.6445419931224023 0.9439663483751304 0.7274568616666712 -23.98998615770021 1.6139335157261412 2.2155973334002788 1.9483542274254422 
Pedestrian 14 0 -9999.0 -9999.0 -9999.0 -9999.0 1.6121585248010888 0.5638807898783634 0.6098700835457089 -32.506773512561175 2.4144696078631904 3.0270741661997866 -0.10956444005734589 
Pedestrian 18 0 -9999.0 -9999.0 -9999.0 -9999.0 1.7917462843484828 0.7713067063640413 0.6942592859985821 -40.62753522892865 4.652657488875058 3.8878675679735926 -0.20726343372793288 
Pedestrian 17 0 -9999.0 -9999.0 -9999.0 -9999.0 1.7139129318266897 0.8143442265930848 0.7556700052514177 -30.17883540044821 9.753893073356817 2.4195377276093053 1.8009170154395377 
Pedestrian 10 0 -9999.0 -9999.0 -9999.0 -9999.0 1.7700520281650824 0.6950127251504835 0.698726805862869 -38.52797542117945 3.804677701717859 3.8257831148072947 0.07151788528662983 
Pedestrian 11 0 -9999.0 -9999.0 -9999.0 -9999.0 1.743219227040754 0.6949430683373164 0.6988812923314164 -38.31787081182829 4.582634963918188 3.8289345602140417 0.07151788528662983 
Pedestrian 9 0 -9999.0 -9999.0 -9999.0 -9999.0 1.8011808519170776 0.9754172519171165 0.8997259364624444 -11.26142331680283 6.182255097496984 0.6683719891325238 -0.9633365980273716 
Pedestrian 222 0 -9999.0 -9999.0 -9999.0 -9999.0 1.8011808519170776 0.9754172519171165 0.8997259364624444 -12.536673510611822 6.223512277404497 0.8087182088964421 2.1782560785564193 
Pedestrian 1 0 -9999.0 -9999.0 -9999.0 -9999.0 1.7617489395297996 0.8962574574403286 0.963365933687516 -9.645562705880879 0.07614522760687382 0.9305636979430383 2.7130351848909022 
Car 3 0 -9999.0 -9999.0 -9999.0 -9999.0 1.497421924732449 4.274993790819908 2.215006876834789 -3.040740131198331 -10.853450566963295 1.2260699004964493 2.035134115210834 
Pedestrian 3 0 -9999.0 -9999.0 -9999.0 -9999.0 1.262461173550971 0.8656375095412872 0.8043813596525365 -14.705538814228818 6.456127771922543 0.8719904056772037 2.339123075712738 
Pedestrian 5 0 -9999.0 -9999.0 -9999.0 -9999.0 1.7974897720650915 0.992589562133693 0.7186775952934377 -23.167078360470185 8.945565455901741 1.7687941906294018 2.6122969487786953 
Pedestrian 8 0 -9999.0 -9999.0 -9999.0 -9999.0 1.8 0.823781929075537 0.963365933687516 -14.216830813629127 7.931931925719735 0.9361373382831454 2.337332891498967 
Pedestrian 324 0 -9999.0 -9999.0 -9999.0 -9999.0 1.7342625952305752 0.823781929075537 0.963365933687516 38.18712177312342 -4.576861529541276 -3.3474127708155166 -2.9473086131685378 
Pedestrian 325 0 -9999.0 -9999.0 -9999.0 -9999.0 1.7342625952305752 0.823781929075537 0.8720767755301797 37.91753389819582 -5.248395858021768 -3.3113799085979005 -2.9419225545636145 
Pedestrian 300 0 -9999.0 -9999.0 -9999.0 -9999.0 1.719110947049838 0.5942389613524003 0.5598340397973025 -6.949291068253722 6.949070446831549 0.7119887507951616 -1.5232683584032465 
Car 2 0 -9999.0 -9999.0 -9999.0 -9999.0 1.869817964234 4.069953276501204 2.1371236263150624 -15.00209267870579 -1.508908276069314 1.3955715325429312 -2.9349840673972096 
Car 1 0 -9999.0 -9999.0 -9999.0 -9999.0 1.563781226033301 2.8241647592695136 1.6755459182934431 -4.086698779931741 -2.900038369119204 0.5554517683338096 -2.8574941392717683 
Pedestrian 2 0 -9999.0 -9999.0 -9999.0 -9999.0 1.7944659945207295 1.0293865098694976 0.9107676495989551 2.7535269429529796 1.7148808796400006 -0.45101274606594954 -3.070489510659872 
Pedestrian 12 0 -9999.0 -9999.0 -9999.0 -9999.0 1.85 0.8304195303104085 0.7980478593464815 -40.35052299674461 6.658848279157079 3.9514706044833234 -0.1449043903505025 
Pedestrian 13 0 -9999.0 -9999.0 -9999.0 -9999.0 1.85 0.9178706831151349 0.7423551562594414 -40.56415237134023 5.643467815590384 3.9230232507568066 -0.14693246294131868 
Pedestrian 25 0 -9999.0 -9999.0 -9999.0 -9999.0 1.7260692569806146 0.7202761908522434 0.691398761311719 17.892520175561888 -5.598222223317657 -1.2850237279098318 -0.0849305139288461 
Pedestrian 22 0 -9999.0 -9999.0 -9999.0 -9999.0 1.6923684871820848 0.8932054390458352 0.8277857904868748 12.140435454326354 1.1368838786500295 -1.4576983693299268 -3.0700747683031633 
Car 9 0 -9999.0 -9999.0 -9999.0 -9999.0 2.0110678902370904 3.6491073811456296 1.8973721859405868 26.061968487007345 -9.468233910436131 -2.041506587646099 1.9496615706449667 
Pedestrian 16 0 -9999.0 -9999.0 -9999.0 -9999.0 1.7780619257764556 0.6846979994870754 0.7494903408760649 -32.53464665380581 1.6620750244301914 3.138180252587823 -0.0980454955926291 
Car 5 0 -9999.0 -9999.0 -9999.0 -9999.0 1.8369121115634848 4.774533904144905 2.3211510184741497 -33.64132141460518 -0.2503962692048023 3.3644761440950246 -0.15479674201788107 
Car 15 0 -9999.0 -9999.0 -9999.0 -9999.0 2 4 1.977826084800126 -44.76872763473792 4.240159218108632 3.640098717938427 -0.3023151478075068 
Pedestrian 230 0 -9999.0 -9999.0 -9999.0 -9999.0 1.6935575153474929 0.7330508550058386 0.695050280878784 -29.36218952313243 -0.5301192789570104 2.8324978127363942 0.6094863620278836 
Pedestrian 23 0 -9999.0 -9999.0 -9999.0 -9999.0 1.582054991347604 0.5867686807733712 0.7723736730945426 25.0636052570402 -3.5829985794106385 -2.4154658494407246 -3.0700747683031633 
Pedestrian 24 0 -9999.0 -9999.0 -9999.0 -9999.0 1.6265380204741335 0.7243144439909336 0.760852002866169 24.923360387625312 -4.330862684377547 -2.3260023781804224 -3.069950408571927 
Pedestrian 666 0 -9999.0 -9999.0 -9999.0 -9999.0 1.7974897720650915 0.9314450322483807 0.7186775952934377 -23.56792376645582 9.4842801195693 1.7806187661794002 2.6122969489024044 
Car 10 0 -9999.0 -9999.0 -9999.0 -9999.0 2.1574394434890403 5.153142689905318 2.072836565424259 29.004929122735057 -7.808902219644588 -2.32180139471763 1.9191878810467458 
Car 7 0 -9999.0 -9999.0 -9999.0 -9999.0 1.8372907590833283 5.146615056327163 2.2781257366533887 6.616670534465678 -2.9514839561753408 -0.4007298684867421 -2.924498304796833 
