Pedestrian 9 0 -9999.0 -9999.0 -9999.0 -9999.0 1.8011808519170776 0.9754172519171165 0.8997259364624444 -11.204369729177547 6.2173842912848105 2.3688947672520024 -0.9633365980273716 
Car 8 0 -9999.0 -9999.0 -9999.0 -9999.0 2.224459528035265 4.514161950701876 2.211367806206943 10.045952915935468 -11.979107631027034 2.029572820905042 2.0087766409924726 
Pedestrian 222 0 -9999.0 -9999.0 -9999.0 -9999.0 1.8011808519170776 0.9754172519171165 0.8997259364624444 -12.659529307724393 6.13911878836102 2.5077067604463075 2.1782560785564193 
Pedestrian 1 0 -9999.0 -9999.0 -9999.0 -9999.0 1.7617489395297996 0.8962574574403286 0.963365933687516 -1.2408898903033245 2.8109150763870194 1.5839547657676973 -3.1079680128854967 
Car 4 0 -9999.0 -9999.0 -9999.0 -9999.0 1.7992530582778123 4.74691242279456 2.468755016224238 -2.2255952531384384 0.8565434366476997 1.7899365850065565 -2.9793241609784236 
Car 2 0 -9999.0 -9999.0 -9999.0 -9999.0 1.869817964234 4.069953276501204 2.1371236263150624 -15.054809041685449 -1.17532584295578 3.24541973040816 -2.9349840673972096 
Car 1 0 -9999.0 -9999.0 -9999.0 -9999.0 1.563781226033301 2.8241647592695136 1.6755459182934431 -4.1372663746156695 -2.4988668150251314 2.16180654428393 -2.858565051957701 
Pedestrian 2 0 -9999.0 -9999.0 -9999.0 -9999.0 1.7944659945207295 1.0293865098694976 0.9107676495989551 20.885197435651268 -0.721293150670422 -0.45037013436436313 -2.9446003042791205 
Pedestrian 26 0 -9999.0 -9999.0 -9999.0 -9999.0 1.8 0.6955528190278748 0.7008922658629957 39.59198816137262 -4.154536709514289 -2.220102992451039 0.3452146068714157 
Pedestrian 27 0 -9999.0 -9999.0 -9999.0 -9999.0 1.8 0.7333538995830526 0.7069640180592786 39.32832149964778 -4.800158667933154 -2.214063008195122 0.33446409932321153 
Pedestrian 22 0 -9999.0 -9999.0 -9999.0 -9999.0 1.6923684871820848 0.8932054390458352 0.8277857904868748 29.170292046628017 -1.8930962784128624 -1.4362489160119551 -3.0700747683031633 
Pedestrian 6 0 -9999.0 -9999.0 -9999.0 -9999.0 1.4787050870040528 0.63 0.63 46.51562622257677 -7.740649407484648 -2.669985617582577 0.12030502187564096 
Car 9 0 -9999.0 -9999.0 -9999.0 -9999.0 2.0110678902370904 3.6491073811456296 1.8973721859405868 26.22848030800631 -9.273860199540355 -0.20393503543809924 1.9669696376006094 
Pedestrian 23 0 -9999.0 -9999.0 -9999.0 -9999.0 1.582054991347604 0.5867686807733712 0.7723736730945426 38.09249333762775 -6.01123479094108 -2.08707550829069 -2.932569753442916 
Pedestrian 24 0 -9999.0 -9999.0 -9999.0 -9999.0 1.6265380204741335 0.7243144439909336 0.760852002866169 37.93026100191017 -6.7914296561837215 -2.050340746101366 -2.9392219013713685 
Pedestrian 444 0 -9999.0 -9999.0 -9999.0 -9999.0 1.502878216947772 0.63 0.63 46.37133660058139 -7.017483794320785 -2.646367686015917 0.12030502174119384 
Car 10 0 -9999.0 -9999.0 -9999.0 -9999.0 2.1574394434890403 5.153142689905318 2.072836565424259 29.147970946307716 -7.746632720156446 -0.5352665922774564 1.9154385217274204 
Car 7 0 -9999.0 -9999.0 -9999.0 -9999.0 1.8372907590833283 5.146615056327163 2.2781257366533887 6.772783935855716 -2.6357776892516243 1.2504649577634872 -2.924498304796833 
