Pedestrian 9 0 -9999.0 -9999.0 -9999.0 -9999.0 1.8011808519170776 0.9754172519171165 0.8997259364624444 -10.972218187387865 6.269129702132098 1.923711281909357 -0.9633365980273716 
Car 8 0 -9999.0 -9999.0 -9999.0 -9999.0 2.224459528035265 4.514161950701876 2.211367806206943 10.000929289065649 -12.039738709899265 1.3384250415156054 2.0077410540387888 
Pedestrian 222 0 -9999.0 -9999.0 -9999.0 -9999.0 1.8011808519170776 0.9754172519171165 0.8997259364624444 -12.364408588944633 6.402136558204211 2.0918726063304254 2.1782560785564193 
Pedestrian 1 0 -9999.0 -9999.0 -9999.0 -9999.0 1.7617489395297996 0.8962574574403286 0.963365933687516 -2.277729022644343 2.4162130000922577 1.1745812854144824 -3.080788300934751 
Car 4 0 -9999.0 -9999.0 -9999.0 -9999.0 1.7992530582778123 4.74691242279456 2.468755016224238 -13.984265327596997 2.6103635882772838 2.443534079911294 -2.9827474173385014 
Car 2 0 -9999.0 -9999.0 -9999.0 -9999.0 1.869817964234 4.069953276501204 2.1371236263150624 -14.971552298005944 -1.1913990157161631 2.701662551934251 -2.934984067397208 
Car 1 0 -9999.0 -9999.0 -9999.0 -9999.0 1.563781226033301 2.8241647592695136 1.6755459182934431 -4.005910823539599 -2.6044787498521673 1.6594105496994678 -2.858701114770474 
Pedestrian 2 0 -9999.0 -9999.0 -9999.0 -9999.0 1.7944659945207295 1.0293865098694976 0.9107676495989551 17.466615595213423 0.048511776631895875 -0.8346520764989229 -3.0706311927312164 
Pedestrian 26 0 -9999.0 -9999.0 -9999.0 -9999.0 1.8 0.6955528190278748 0.7008922658629957 42.57951571833772 -5.132251818809893 -3.0461250200216634 0.3452146068714157 
Pedestrian 27 0 -9999.0 -9999.0 -9999.0 -9999.0 1.8 0.7333538995830526 0.7069640180592786 42.354394712211814 -5.810088541568273 -2.9852594026638855 0.33276871081327997 
Pedestrian 22 0 -9999.0 -9999.0 -9999.0 -9999.0 1.6923684871820848 0.8932054390458352 0.8277857904868748 25.86636665479542 -1.1179515483013096 -1.8094705705153062 -3.0700747683031633 
Car 9 0 -9999.0 -9999.0 -9999.0 -9999.0 2.0110678902370904 3.6491073811456296 1.8973721859405868 26.18066259468293 -9.255453605018113 -0.8952985978062131 1.9590763183699558 
Car 5 0 -9999.0 -9999.0 -9999.0 -9999.0 1.8369121115634848 4.774533904144905 2.3211510184741497 -33.62618345828128 0.26323336576866074 4.64288068418467 -0.15479674201788107 
Pedestrian 23 0 -9999.0 -9999.0 -9999.0 -9999.0 1.582054991347604 0.5867686807733712 0.7723736730945426 35.08999214328203 -5.457530881696917 -2.6774344276396196 -2.932569753442925 
Pedestrian 24 0 -9999.0 -9999.0 -9999.0 -9999.0 1.6265380204741335 0.7243144439909336 0.760852002866169 34.8773578993837 -6.188677822991162 -2.6105292109471567 -2.939221901353976 
Pedestrian 444 0 -9999.0 -9999.0 -9999.0 -9999.0 1.502878216947772 0.63 0.63 48.71357708696968 -8.001387148946437 -3.2635379575214936 0.27803314429841386 
Car 10 0 -9999.0 -9999.0 -9999.0 -9999.0 2.1574394434890403 5.153142689905318 2.072836565424259 29.104396953791717 -7.740088180670858 -1.2153589527456092 1.9128927038298968 
Car 7 0 -9999.0 -9999.0 -9999.0 -9999.0 1.8372907590833283 5.146615056327163 2.2781257366533887 6.805362605771262 -2.658333090675342 0.6525507461641284 -2.924498304796833 
