Pedestrian 15 0 -9999.0 -9999.0 -9999.0 -9999.0 1.6445419931224023 0.9439663483751304 0.7274568616666712 -22.965232169563784 4.218235033302023 1.9465141025170223 1.9483541826763933 
Pedestrian 18 0 -9999.0 -9999.0 -9999.0 -9999.0 1.7917462843484828 0.7713067063640413 0.6942592859985821 -41.231552685223164 6.055625018496667 4.149074118275701 -0.20726343372793288 
Pedestrian 17 0 -9999.0 -9999.0 -9999.0 -9999.0 1.7139129318266897 0.8143442265930848 0.7556700052514177 -31.1382783880284 11.516360102762683 2.680241935717786 1.1276492209458802 
Pedestrian 10 0 -9999.0 -9999.0 -9999.0 -9999.0 1.7700520281650824 0.6950127251504835 0.698726805862869 -40.97891076932114 3.9080703068894453 4.194858216956467 0.07151788573155748 
Pedestrian 11 0 -9999.0 -9999.0 -9999.0 -9999.0 1.743219227040754 0.6949430683373164 0.6988812923314164 -41.233905649729266 4.679889428331853 4.1698059844896065 0.07151788528662983 
Pedestrian 9 0 -9999.0 -9999.0 -9999.0 -9999.0 1.8011808519170776 0.9754172519171165 0.8997259364624444 -11.326206275868289 6.1050827923643 0.7237526845845419 -0.9633365980273716 
Pedestrian 20 0 -9999.0 -9999.0 -9999.0 -9999.0 1.7856978932434147 0.9644830564353185 0.9356425578791832 -17.949051556423157 2.06083120676025 1.8099172520246853 1.7967417648361774 
Pedestrian 222 0 -9999.0 -9999.0 -9999.0 -9999.0 1.8011808519170776 0.9754172519171165 0.8997259364624444 -12.586101041630485 6.249488584095239 0.8433730301452711 2.1782560785564193 
Pedestrian 1 0 -9999.0 -9999.0 -9999.0 -9999.0 1.7617489395297996 0.8962574574403286 0.963365933687516 -7.516106472529676 1.2390413100143438 0.6282488949897046 2.6546779620166188 
Car 3 0 -9999.0 -9999.0 -9999.0 -9999.0 1.497421924732449 4.274993790819908 2.215006876834789 -3.062951686194232 -10.92433657356928 1.269616860672006 2.035711448768181 
Pedestrian 324 0 -9999.0 -9999.0 -9999.0 -9999.0 1.7342625952305752 0.823781929075537 0.963365933687516 41.24063832190027 -6.589247776053615 -3.193772774074165 -2.8929029739252528 
Pedestrian 325 0 -9999.0 -9999.0 -9999.0 -9999.0 1.7342625952305752 0.823781929075537 0.8720767755301797 41.04360684214907 -7.198242479298895 -3.1648794842324732 -2.897339729105388 
Car 2 0 -9999.0 -9999.0 -9999.0 -9999.0 1.869817964234 4.069953276501204 2.1371236263150624 -14.969649847332319 -1.6256196602578112 1.532060680543836 -2.9349840673972096 
Car 1 0 -9999.0 -9999.0 -9999.0 -9999.0 1.563781226033301 2.8241647592695136 1.6755459182934431 -4.1679350642668656 -2.903329382092445 0.602962905335117 -2.858579410778198 
Pedestrian 2 0 -9999.0 -9999.0 -9999.0 -9999.0 1.7944659945207295 1.0293865098694976 0.9107676495989551 6.327273569949707 1.2325153750001934 -0.7812914762419523 -3.07048951065987 
Pedestrian 12 0 -9999.0 -9999.0 -9999.0 -9999.0 1.85 0.8304195303104085 0.7980478593464815 -40.649694426565645 7.70060111674268 4.180529609913245 -0.1449043903505025 
Pedestrian 13 0 -9999.0 -9999.0 -9999.0 -9999.0 1.85 0.9178706831151349 0.7423551562594414 -40.92959509565648 6.7518276773525265 4.19525733119377 -0.14693246294131868 
Pedestrian 22 0 -9999.0 -9999.0 -9999.0 -9999.0 1.6923684871820848 0.8932054390458352 0.8277857904868748 15.361678582691274 0.23733160265460068 -1.6699073805725844 -3.069777919613646 
Car 9 0 -9999.0 -9999.0 -9999.0 -9999.0 2.0110678902370904 3.6491073811456296 1.8973721859405868 26.03030942313119 -9.589310667805911 -1.7663509913861917 1.9549261619938765 
Pedestrian 19 0 -9999.0 -9999.0 -9999.0 -9999.0 1.8928920887638014 0.7068290503330851 0.6784749610722705 -40.96414745747195 3.12299394216657 4.2700144522072865 0.08197832620308443 
Car 5 0 -9999.0 -9999.0 -9999.0 -9999.0 1.8369121115634848 4.774533904144905 2.3211510184741497 -33.80377889817447 -0.23259280838255858 3.468595523600701 -0.15479674201788107 
Pedestrian 230 0 -9999.0 -9999.0 -9999.0 -9999.0 1.6935575153474929 0.7330508550058386 0.695050280878784 -31.39546137179935 1.417296924023071 3.215147627570926 0.6094863620278836 
Pedestrian 333 0 -9999.0 -9999.0 -9999.0 -9999.0 1.6935575153474929 0.7330508550058386 0.6474589698422951 -31.51687050372279 2.310542823090403 3.226428693417939 0.3739178385080706 
Pedestrian 23 0 -9999.0 -9999.0 -9999.0 -9999.0 1.582054991347604 0.5867686807733712 0.7723736730945426 27.16708933260656 -4.166127096243102 -2.4982225230392525 -3.070249614902382 
Pedestrian 24 0 -9999.0 -9999.0 -9999.0 -9999.0 1.6265380204741335 0.7243144439909336 0.760852002866169 27.168265180455986 -4.931597626395796 -2.4385201455925816 -3.0703553348341046 
Car 10 0 -9999.0 -9999.0 -9999.0 -9999.0 2.1574394434890403 5.153142689905318 2.072836565424259 29.034031912758902 -7.7800460260968585 -2.0440227373224715 1.9161761226838703 
Car 7 0 -9999.0 -9999.0 -9999.0 -9999.0 1.8372907590833283 5.146615056327163 2.2781257366533887 6.581099867816648 -3.003796970154378 -0.35027655865237095 -2.924498304796833 
