Pedestrian 15 0 -9999.0 -9999.0 -9999.0 -9999.0 1.6445419931224023 0.9439663483751304 0.7274568616666712 -23.685512600316283 2.6468025530257444 1.8276464224082296 1.9483542274254422 
Pedestrian 18 0 -9999.0 -9999.0 -9999.0 -9999.0 1.7917462843484828 0.7713067063640413 0.6942592859985821 -41.01006936108402 5.141491965894477 3.8753983360544453 -0.20726343372793288 
Pedestrian 17 0 -9999.0 -9999.0 -9999.0 -9999.0 1.7139129318266897 0.8143442265930848 0.7556700052514177 -30.25286326885457 10.231364213211721 2.292005482568869 1.3605548406505132 
Pedestrian 10 0 -9999.0 -9999.0 -9999.0 -9999.0 1.7700520281650824 0.6950127251504835 0.698726805862869 -39.56269868472549 4.036053536673712 3.7606482445559335 0.07151789152092469 
Pedestrian 11 0 -9999.0 -9999.0 -9999.0 -9999.0 1.743219227040754 0.6949430683373164 0.6988812923314164 -39.555604408544056 4.747998177857343 3.8000496990319577 0.07151788528662983 
Pedestrian 9 0 -9999.0 -9999.0 -9999.0 -9999.0 1.8011808519170776 0.9754172519171165 0.8997259364624444 -11.274472177203261 6.228365477537751 0.6206718084520086 -0.9633365980273716 
Pedestrian 20 0 -9999.0 -9999.0 -9999.0 -9999.0 1.7856978932434147 0.9644830564353185 0.9356425578791832 -19.859781141084564 1.6866190530129415 1.8234946847709614 1.7967417648361774 
Pedestrian 222 0 -9999.0 -9999.0 -9999.0 -9999.0 1.8011808519170776 0.9754172519171165 0.8997259364624444 -12.587856168819705 6.271459326550999 0.7479286312854457 2.1782560785564193 
Pedestrian 1 0 -9999.0 -9999.0 -9999.0 -9999.0 1.7617489395297996 0.8962574574403286 0.963365933687516 -8.874015225387149 0.423215491559124 0.7456794753767789 2.6083494585483393 
Car 3 0 -9999.0 -9999.0 -9999.0 -9999.0 1.497421924732449 4.274993790819908 2.215006876834789 -3.065018207518213 -10.9220282805784 1.1761722076312244 2.0351863660418346 
Pedestrian 8 0 -9999.0 -9999.0 -9999.0 -9999.0 1.8 0.823781929075537 0.963365933687516 -13.892883607692754 8.358515241460355 0.8605440075355326 2.337332891498967 
Pedestrian 324 0 -9999.0 -9999.0 -9999.0 -9999.0 1.7342625952305752 0.823781929075537 0.963365933687516 39.357180699152195 -5.02453997071186 -3.3320036924324254 -2.922079666191248 
Pedestrian 325 0 -9999.0 -9999.0 -9999.0 -9999.0 1.7342625952305752 0.823781929075537 0.8720767755301797 39.14851221794752 -5.744121753917156 -3.273176251765575 -2.927697020640231 
Car 2 0 -9999.0 -9999.0 -9999.0 -9999.0 1.869817964234 4.069953276501204 2.1371236263150624 -15.088016796621357 -1.483566699925099 1.346208407676271 -2.934984067397208 
Car 1 0 -9999.0 -9999.0 -9999.0 -9999.0 1.563781226033301 2.8241647592695136 1.6755459182934431 -4.109292311265787 -2.9069736462558424 0.5336118331703725 -2.8573814527459938 
Pedestrian 2 0 -9999.0 -9999.0 -9999.0 -9999.0 1.7944659945207295 1.0293865098694976 0.9107676495989551 4.167594078845915 1.5135425822762367 -0.6812405850178818 -3.070489510659872 
Pedestrian 12 0 -9999.0 -9999.0 -9999.0 -9999.0 1.85 0.8304195303104085 0.7980478593464815 -40.4132511977518 6.9708173986239865 3.9399519620866617 -0.1449043903505025 
Pedestrian 13 0 -9999.0 -9999.0 -9999.0 -9999.0 1.85 0.9178706831151349 0.7423551562594414 -40.819798505051956 6.038133206154191 3.9230232507568066 -0.14693246294131868 
Pedestrian 25 0 -9999.0 -9999.0 -9999.0 -9999.0 1.7260692569806146 0.7202761908522434 0.691398761311719 16.247899250101238 -5.691609921717982 -1.1146215472908099 -0.1907999156034741 
Pedestrian 22 0 -9999.0 -9999.0 -9999.0 -9999.0 1.6923684871820848 0.8932054390458352 0.8277857904868748 13.438525753029946 0.8405839942818201 -1.5887743797789922 -3.0700747683031633 
Car 9 0 -9999.0 -9999.0 -9999.0 -9999.0 2.0110678902370904 3.6491073811456296 1.8973721859405868 26.02254951748661 -9.558610505547946 -1.9944574628351133 1.9478127072244416 
Pedestrian 19 0 -9999.0 -9999.0 -9999.0 -9999.0 1.8928920887638014 0.7068290503330851 0.6784749610722705 -39.59058199530796 3.199024551358009 3.826684383509498 0.08197832620308532 
Pedestrian 16 0 -9999.0 -9999.0 -9999.0 -9999.0 1.7780619257764556 0.6846979994870754 0.7494903408760649 -33.436861032277456 1.2043311931661487 3.293684999208698 -0.14848504355975223 
Car 5 0 -9999.0 -9999.0 -9999.0 -9999.0 1.8369121115634848 4.774533904144905 2.3211510184741497 -33.71886528378482 -0.3707504949433831 3.381364991885481 -0.15479674201788107 
Car 15 0 -9999.0 -9999.0 -9999.0 -9999.0 2 4 1.977826084800126 -46.51718857217675 2.7360722880097192 3.617880557578298 -0.3023151478075068 
Pedestrian 230 0 -9999.0 -9999.0 -9999.0 -9999.0 1.6935575153474929 0.7330508550058386 0.695050280878784 -29.902482734317005 0.13675202863682298 2.9950426777680623 0.6134845394268371 
Pedestrian 333 0 -9999.0 -9999.0 -9999.0 -9999.0 1.6935575153474929 0.7330508550058386 0.6474589698422951 -29.984456098489318 0.8659538300022205 3.0009723537171684 0.6094863620278836 
Pedestrian 23 0 -9999.0 -9999.0 -9999.0 -9999.0 1.582054991347604 0.5867686807733712 0.7723736730945426 25.935659840938854 -4.028137832340895 -2.643825001866376 -3.070392824116828 
Pedestrian 24 0 -9999.0 -9999.0 -9999.0 -9999.0 1.6265380204741335 0.7243144439909336 0.760852002866169 25.790006228952738 -4.78277564334275 -2.5323133914520146 -3.0703790775583357 
Car 10 0 -9999.0 -9999.0 -9999.0 -9999.0 2.1574394434890403 5.153142689905318 2.072836565424259 29.00971043664574 -7.800590970984162 -2.2950592463592296 1.9179707632270464 
Car 7 0 -9999.0 -9999.0 -9999.0 -9999.0 1.8372907590833283 5.146615056327163 2.2781257366533887 6.601132641742489 -2.9750411186905117 -0.42566541849693945 -2.924498304796833 
