Pedestrian 15 0 -9999.0 -9999.0 -9999.0 -9999.0 1.6445419931224023 0.9439663483751304 0.7274568616666712 -22.420281168533812 5.334005886058983 2.0788772959917554 1.948354056314244 
Pedestrian 18 0 -9999.0 -9999.0 -9999.0 -9999.0 1.7917462843484828 0.7713067063640413 0.6942592859985821 -41.278324862083515 6.409387089680067 4.2590360526329745 -0.20726343372793288 
Pedestrian 10 0 -9999.0 -9999.0 -9999.0 -9999.0 1.7700520281650824 0.6950127251504835 0.698726805862869 -42.14642600328098 3.6825707974839914 4.305485909915873 0.07151788528662983 
Pedestrian 11 0 -9999.0 -9999.0 -9999.0 -9999.0 1.743219227040754 0.6949430683373164 0.6988812923314164 -41.936950500686976 4.442044010560003 4.230255354459901 0.07151788528662983 
Pedestrian 9 0 -9999.0 -9999.0 -9999.0 -9999.0 1.8011808519170776 0.9754172519171165 0.8997259364624444 -11.276294694920745 6.188374031922585 0.8831863326804105 -0.9633365980273716 
Pedestrian 20 0 -9999.0 -9999.0 -9999.0 -9999.0 1.7856978932434147 0.9644830564353185 0.9356425578791832 -17.349943513565083 3.1942437653266897 1.8639232457486288 1.7967417648361774 
Pedestrian 222 0 -9999.0 -9999.0 -9999.0 -9999.0 1.8011808519170776 0.9754172519171165 0.8997259364624444 -12.596089468634522 6.15413164675439 1.0660024553228349 2.1782560785564193 
Pedestrian 1 0 -9999.0 -9999.0 -9999.0 -9999.0 1.7617489395297996 0.8962574574403286 0.963365933687516 -6.692077526823907 1.6701360183018676 0.65122198436544 2.65438242209925 
Car 3 0 -9999.0 -9999.0 -9999.0 -9999.0 1.497421924732449 4.274993790819908 2.215006876834789 -2.992861467458901 -10.924264993643943 1.4432185055943019 2.03353119547549 
Pedestrian 324 0 -9999.0 -9999.0 -9999.0 -9999.0 1.7342625952305752 0.823781929075537 0.963365933687516 42.51391153753228 -7.1952440748955055 -3.200657125267917 -2.8577541206610846 
Pedestrian 325 0 -9999.0 -9999.0 -9999.0 -9999.0 1.7342625952305752 0.823781929075537 0.8720767755301797 42.21869941125644 -7.964331912821204 -3.1567240331175763 -2.857754039335532 
Car 2 0 -9999.0 -9999.0 -9999.0 -9999.0 1.869817964234 4.069953276501204 2.1371236263150624 -15.016559355652069 -1.5569476523924757 1.5710539357641398 -2.934984067397208 
Car 1 0 -9999.0 -9999.0 -9999.0 -9999.0 1.563781226033301 2.8241647592695136 1.6755459182934431 -4.163441402299099 -2.90241643215143 0.7488542819395246 -2.8585305944015573 
Pedestrian 2 0 -9999.0 -9999.0 -9999.0 -9999.0 1.7944659945207295 1.0293865098694976 0.9107676495989551 7.862648189219784 1.1615852177530062 -0.793491850497126 -3.070489510659872 
Pedestrian 12 0 -9999.0 -9999.0 -9999.0 -9999.0 1.85 0.8304195303104085 0.7980478593464815 -40.79147273099066 8.109097198196494 4.260631008176981 -0.1449043903505025 
Pedestrian 13 0 -9999.0 -9999.0 -9999.0 -9999.0 1.85 0.9178706831151349 0.7423551562594414 -41.141740754198935 7.198045750823293 4.258307941185718 -0.14693246294131868 
Pedestrian 22 0 -9999.0 -9999.0 -9999.0 -9999.0 1.6923684871820848 0.8932054390458352 0.8277857904868748 16.553657195552425 -0.24679732310977062 -1.664389085210378 -3.0699440102291753 
Car 9 0 -9999.0 -9999.0 -9999.0 -9999.0 2.0110678902370904 3.6491073811456296 1.8973721859405868 26.03893386437265 -9.603892724845608 -1.5274983963013051 1.9616858042344045 
Pedestrian 19 0 -9999.0 -9999.0 -9999.0 -9999.0 1.8928920887638014 0.7068290503330851 0.6784749610722705 -41.89340087194962 2.8705224503417317 4.381413417181216 0.08197832620308532 
Car 5 0 -9999.0 -9999.0 -9999.0 -9999.0 1.8369121115634848 4.774533904144905 2.3211510184741497 -33.772926252592946 -0.23614411298968277 3.745459489119415 -0.15479674201788107 
Pedestrian 230 0 -9999.0 -9999.0 -9999.0 -9999.0 1.6935575153474929 0.7330508550058386 0.695050280878784 -32.85143639835991 1.599849410931993 3.54733941538213 -0.019278135616129788 
Pedestrian 333 0 -9999.0 -9999.0 -9999.0 -9999.0 1.6935575153474929 0.7330508550058386 0.6474589698422951 -32.948065364643796 2.3401216978332258 3.5241583883486154 -0.022911022832014183 
Pedestrian 23 0 -9999.0 -9999.0 -9999.0 -9999.0 1.582054991347604 0.5867686807733712 0.7723736730945426 27.929092822726336 -4.228712983411436 -2.440111770756813 -3.0703720220405284 
Pedestrian 24 0 -9999.0 -9999.0 -9999.0 -9999.0 1.6265380204741335 0.7243144439909336 0.760852002866169 27.98556849801597 -4.997652417038858 -2.3991976537059254 -3.0703123828870638 
Car 10 0 -9999.0 -9999.0 -9999.0 -9999.0 2.1574394434890403 5.153142689905318 2.072836565424259 29.05387964834397 -7.765575390060303 -1.8270523480013727 1.915179089828296 
Car 7 0 -9999.0 -9999.0 -9999.0 -9999.0 1.8372907590833283 5.146615056327163 2.2781257366533887 6.5872121164741575 -2.9861348042681946 -0.20123448732306418 -2.924498304796833 
