Pedestrian 9 0 -9999.0 -9999.0 -9999.0 -9999.0 1.8011808519170776 0.9754172519171165 0.8997259364624444 -11.194615951370904 6.225204377971517 2.3013614168242005 -0.9633365980273716 
Car 8 0 -9999.0 -9999.0 -9999.0 -9999.0 2.224459528035265 4.514161950701876 2.211367806206943 10.068567329254867 -11.968382179581956 2.203048597566852 2.0074602924782425 
Pedestrian 222 0 -9999.0 -9999.0 -9999.0 -9999.0 1.8011808519170776 0.9754172519171165 0.8997259364624444 -12.585485759878669 6.3381839953595085 2.4170358794586053 2.1782560785564193 
Pedestrian 1 0 -9999.0 -9999.0 -9999.0 -9999.0 1.7617489395297996 0.8962574574403286 0.963365933687516 -1.1036250151900207 2.8320522578866116 1.4918248064438695 -3.107968250793993 
Car 4 0 -9999.0 -9999.0 -9999.0 -9999.0 1.7992530582778123 4.74691242279456 2.468755016224238 -1.048824708270673 0.8267242605184537 1.648680028120667 -2.978855107918289 
Car 2 0 -9999.0 -9999.0 -9999.0 -9999.0 1.869817964234 4.069953276501204 2.1371236263150624 -14.993244922039114 -1.2186724025881561 3.2705360085964914 -2.9349840673972096 
Car 1 0 -9999.0 -9999.0 -9999.0 -9999.0 1.563781226033301 2.8241647592695136 1.6755459182934431 -4.151456183583447 -2.4786417210885983 2.1360767224417274 -2.857929070696306 
Pedestrian 2 0 -9999.0 -9999.0 -9999.0 -9999.0 1.7944659945207295 1.0293865098694976 0.9107676495989551 21.480887158685704 -0.7499012195827967 -0.4024884892059374 -2.9446003079769216 
Pedestrian 26 0 -9999.0 -9999.0 -9999.0 -9999.0 1.8 0.6955528190278748 0.7008922658629957 39.12113194006517 -4.0974090932123 -1.9139818290171713 0.34537427593441095 
Pedestrian 27 0 -9999.0 -9999.0 -9999.0 -9999.0 1.8 0.7333538995830526 0.7069640180592786 38.87367221700579 -4.719011797063508 -1.8535790637146627 0.33476652215899705 
Pedestrian 22 0 -9999.0 -9999.0 -9999.0 -9999.0 1.6923684871820848 0.8932054390458352 0.8277857904868748 29.66260459053897 -2.047515356086075 -1.1634253721919037 -3.0702656562724684 
Pedestrian 6 0 -9999.0 -9999.0 -9999.0 -9999.0 1.4787050870040528 0.63 0.63 46.389867866608114 -7.839332575467317 -2.387979133726527 0.120305021239 
Car 9 0 -9999.0 -9999.0 -9999.0 -9999.0 2.0110678902370904 3.6491073811456296 1.8973721859405868 26.235393653062758 -9.245795499468302 -0.11187902498382246 1.9608936852697614 
Pedestrian 23 0 -9999.0 -9999.0 -9999.0 -9999.0 1.582054991347604 0.5867686807733712 0.7723736730945426 38.54075296172616 -6.152486259499319 -1.9142461242978874 -2.9325697534429302 
Pedestrian 24 0 -9999.0 -9999.0 -9999.0 -9999.0 1.6265380204741335 0.7243144439909336 0.760852002866169 38.21932032146861 -6.766733309618889 -1.8268254889107138 -2.939221901353976 
Pedestrian 444 0 -9999.0 -9999.0 -9999.0 -9999.0 1.502878216947772 0.63 0.63 46.532663751749546 -7.118281164802411 -2.360878498714525 0.12030502174119384 
Car 10 0 -9999.0 -9999.0 -9999.0 -9999.0 2.1574394434890403 5.153142689905318 2.072836565424259 29.1523593441388 -7.75569908780735 -0.4208334331914264 1.9160017159673561 
Car 7 0 -9999.0 -9999.0 -9999.0 -9999.0 1.8372907590833283 5.146615056327163 2.2781257366533887 6.779461717545662 -2.623211608956322 1.3288568984450955 -2.924498304796833 
