Pedestrian 21 0 -9999.0 -9999.0 -9999.0 -9999.0 1.5486937499742908 1.0873959982889 0.7717083307869881 -19.668947536021054 2.446274951382905 2.319392654984097 -1.499274462851771 
Pedestrian 9 0 -9999.0 -9999.0 -9999.0 -9999.0 1.8011808519170776 0.9754172519171165 0.8997259364624444 -11.282010320301623 6.485071686383535 1.4906714980223965 -0.9633365980273716 
Car 8 0 -9999.0 -9999.0 -9999.0 -9999.0 2.224459528035265 4.514161950701876 2.211367806206943 9.940684192097274 -11.974568312592199 1.3503623385584662 2.008490556384764 
Pedestrian 222 0 -9999.0 -9999.0 -9999.0 -9999.0 1.8011808519170776 0.9754172519171165 0.8997259364624444 -12.531024085117938 6.334133020345256 1.5853655904461723 2.1782560785564193 
Pedestrian 1 0 -9999.0 -9999.0 -9999.0 -9999.0 1.7617489395297996 0.8962574574403286 0.963365933687516 -4.426676589759949 2.597678001128412 0.9655604510993525 2.9834311617672835 
Car 4 0 -9999.0 -9999.0 -9999.0 -9999.0 1.7992530582778123 4.74691242279456 2.468755016224238 -31.952680953796904 3.5400276245527116 3.8175940603568312 3.048606308652648 
Car 2 0 -9999.0 -9999.0 -9999.0 -9999.0 1.869817964234 4.069953276501204 2.1371236263150624 -14.928533198712076 -1.2548954451805254 2.268072964425277 -2.9349840673972096 
Car 1 0 -9999.0 -9999.0 -9999.0 -9999.0 1.563781226033301 2.8241647592695136 1.6755459182934431 -4.068294428743564 -2.686256447284896 1.2591566756604569 -2.8574645705381805 
Pedestrian 2 0 -9999.0 -9999.0 -9999.0 -9999.0 1.7944659945207295 1.0293865098694976 0.9107676495989551 12.873835059179736 1.0580919753259548 -0.7173342521479025 -3.070489505401767 
Pedestrian 27 0 -9999.0 -9999.0 -9999.0 -9999.0 1.8 0.7333538995830526 0.7069640180592786 46.17012527118738 -7.067771753360951 -3.492382571126813 0.3310633167662278 
Pedestrian 22 0 -9999.0 -9999.0 -9999.0 -9999.0 1.6923684871820848 0.8932054390458352 0.8277857904868748 21.427917770809636 -0.7259108332185521 -1.5941342720813667 -3.0700747683031633 
Car 9 0 -9999.0 -9999.0 -9999.0 -9999.0 2.0110678902370904 3.6491073811456296 1.8973721859405868 26.147065771321174 -9.344814040169306 -1.160731699109261 1.9513125994944271 
Car 5 0 -9999.0 -9999.0 -9999.0 -9999.0 1.8369121115634848 4.774533904144905 2.3211510184741497 -33.75122530691584 0.022543071208954157 4.2186527719810245 -0.15479674201788107 
Pedestrian 11 0 -9999.0 -9999.0 -9999.0 -9999.0 1.743219227040754 0.6949430683373164 0.6988812923314164 -45.939232754491016 3.6567016141178703 5.2543698280272135 0.07151788528662983 
Pedestrian 10 0 -9999.0 -9999.0 -9999.0 -9999.0 1.7700520281650824 0.6950127251504835 0.698726805862869 -45.9993960101177 2.6845472296574258 5.22716113733168 0.07151788529123593 
Pedestrian 333 0 -9999.0 -9999.0 -9999.0 -9999.0 1.6935575153474929 0.7330508550058386 0.6474589698422951 -37.24035342972149 1.7421822208447153 4.3924117278929025 -0.2420516798230814 
Pedestrian 23 0 -9999.0 -9999.0 -9999.0 -9999.0 1.582054991347604 0.5867686807733712 0.7723736730945426 31.528763045692635 -4.62154104335728 -2.238621379616768 -2.925930830322887 
Pedestrian 24 0 -9999.0 -9999.0 -9999.0 -9999.0 1.6265380204741335 0.7243144439909336 0.760852002866169 31.383334018194173 -5.343227280529931 -2.170642155349797 -2.935013013217672 
Car 10 0 -9999.0 -9999.0 -9999.0 -9999.0 2.1574394434890403 5.153142689905318 2.072836565424259 29.08616927696041 -7.7423838095287865 -1.4719648004987302 1.9126647312703415 
Car 7 0 -9999.0 -9999.0 -9999.0 -9999.0 1.8372907590833283 5.146615056327163 2.2781257366533887 6.655258113570466 -2.875828915498638 0.3353533522567744 -2.924498304796833 
