Car 8 0 -9999.0 -9999.0 -9999.0 -9999.0 2.224459528035265 4.514161950701876 2.211367806206943 10.012395352627303 -12.069845848815076 2.3685041881723654 2.003985448400911 
Pedestrian 222 0 -9999.0 -9999.0 -9999.0 -9999.0 1.8011808519170776 0.9754172519171165 0.8997259364624444 -12.383044860207477 6.328840067621514 2.6261227154477207 2.1782560785564193 
Pedestrian 1 0 -9999.0 -9999.0 -9999.0 -9999.0 1.7617489395297996 0.8962574574403286 0.963365933687516 -1.051444815802734 2.861316505576455 1.6498806098738126 -3.107968013141651 
Car 4 0 -9999.0 -9999.0 -9999.0 -9999.0 1.7992530582778123 4.74691242279456 2.468755016224238 3.3969774008654583 0.6585864980399341 1.4846982083876425 -2.979098481235763 
Car 2 0 -9999.0 -9999.0 -9999.0 -9999.0 1.869817964234 4.069953276501204 2.1371236263150624 -15.08718900053721 -1.2445359071855848 3.1046471773048676 -2.9349840673972096 
Car 1 0 -9999.0 -9999.0 -9999.0 -9999.0 1.563781226033301 2.8241647592695136 1.6755459182934431 -4.15269057906446 -2.3680036185131805 2.4472654009183636 -2.8581333285757573 
Pedestrian 2 0 -9999.0 -9999.0 -9999.0 -9999.0 1.7944659945207295 1.0293865098694976 0.9107676495989551 23.240729577579085 -1.590630292018521 -0.1962497943676195 -2.69209538272278 
Pedestrian 26 0 -9999.0 -9999.0 -9999.0 -9999.0 1.8 0.6955528190278748 0.7008922658629957 37.62103319170287 -3.1290193976402096 -1.3468740973919862 0.2909299802124856 
Pedestrian 27 0 -9999.0 -9999.0 -9999.0 -9999.0 1.8 0.7333538995830526 0.7069640180592786 37.428001234210676 -3.822647793812465 -1.3170521909271222 0.2909299083453831 
Pedestrian 22 0 -9999.0 -9999.0 -9999.0 -9999.0 1.6923684871820848 0.8932054390458352 0.8277857904868748 31.63663776190113 -2.3799919480270573 -1.0512880197639227 -3.0749704528997377 
Pedestrian 6 0 -9999.0 -9999.0 -9999.0 -9999.0 1.4787050870040528 0.63 0.63 44.98733127693458 -7.623348709355967 -1.6683012159685788 0.12030554031742469 
Car 9 0 -9999.0 -9999.0 -9999.0 -9999.0 2.0110678902370904 3.6491073811456296 1.8973721859405868 26.20326996089596 -9.252838084133593 0.3898678371612315 1.940912212974359 
Pedestrian 23 0 -9999.0 -9999.0 -9999.0 -9999.0 1.582054991347604 0.5867686807733712 0.7723736730945426 40.64527705635559 -6.717769237161259 -1.2762752721356772 -2.932569753442925 
Pedestrian 24 0 -9999.0 -9999.0 -9999.0 -9999.0 1.6265380204741335 0.7243144439909336 0.760852002866169 40.11230687720419 -7.0399174459328115 -1.2004418226312847 -2.939221901353976 
Pedestrian 889 0 -9999.0 -9999.0 -9999.0 -9999.0 1.6780659822972481 0.746646364267392 0.7967938042366157 57.35027304020497 -12.295861821503873 -2.328405836252592 -1.4125839233449966 
Pedestrian 444 0 -9999.0 -9999.0 -9999.0 -9999.0 1.502878216947772 0.63 0.63 44.982443139645056 -7.0046124240079015 -1.6169364466845273 0.12030502174119384 
Car 10 0 -9999.0 -9999.0 -9999.0 -9999.0 2.1574394434890403 5.153142689905318 2.072836565424259 29.172098694613762 -7.78234087486653 0.017611736505280542 1.9187946290582047 
Car 7 0 -9999.0 -9999.0 -9999.0 -9999.0 1.8372907590833283 5.146615056327163 2.2781257366533887 6.817956216307006 -2.5856132396009777 1.5370957358271586 -2.924498304796833 
