Pedestrian 15 0 -9999.0 -9999.0 -9999.0 -9999.0 1.6445419931224023 0.9439663483751304 0.7274568616666712 -22.20105073617829 5.842379655365048 1.9375161639232807 1.9483539854559986 
Pedestrian 21 0 -9999.0 -9999.0 -9999.0 -9999.0 1.5486937499742908 1.0873959982889 0.7717083307869881 -17.57113096903285 7.348219669140178 1.6942628002659168 -0.9344182447943972 
Pedestrian 10 0 -9999.0 -9999.0 -9999.0 -9999.0 1.7700520281650824 0.6950127251504835 0.698726805862869 -42.5598197280937 3.4860363052527314 4.268705801384716 0.0715178852885181 
Pedestrian 11 0 -9999.0 -9999.0 -9999.0 -9999.0 1.743219227040754 0.6949430683373164 0.6988812923314164 -42.51584732633738 4.235383693358265 4.26733558855668 0.07151788528662983 
Pedestrian 9 0 -9999.0 -9999.0 -9999.0 -9999.0 1.8011808519170776 0.9754172519171165 0.8997259364624444 -11.256342782685735 6.30010089459201 0.9581251509880256 -0.9633365980273716 
Pedestrian 20 0 -9999.0 -9999.0 -9999.0 -9999.0 1.7856978932434147 0.9644830564353185 0.9356425578791832 -17.494151713485458 4.513980231910424 1.8598178593569614 1.7967417648361774 
Pedestrian 222 0 -9999.0 -9999.0 -9999.0 -9999.0 1.8011808519170776 0.9754172519171165 0.8997259364624444 -12.639642127086324 6.268367529578134 1.1072872020957598 2.1782560785564193 
Pedestrian 1 0 -9999.0 -9999.0 -9999.0 -9999.0 1.7617489395297996 0.8962574574403286 0.963365933687516 -6.186832074539296 1.9612297601399238 0.7035372292213061 2.65438242209925 
Car 3 0 -9999.0 -9999.0 -9999.0 -9999.0 1.497421924732449 4.274993790819908 2.215006876834789 -3.0212476232734153 -10.872954003680483 1.5433689148708538 2.035854287259511 
Pedestrian 324 0 -9999.0 -9999.0 -9999.0 -9999.0 1.7342625952305752 0.823781929075537 0.963365933687516 43.09210194246379 -7.679726374327997 -3.1300194067229903 -2.8335793893678165 
Pedestrian 325 0 -9999.0 -9999.0 -9999.0 -9999.0 1.7342625952305752 0.823781929075537 0.8720767755301797 42.85114204050716 -8.368867240453337 -3.091921412029605 -2.833586496749497 
Car 2 0 -9999.0 -9999.0 -9999.0 -9999.0 1.869817964234 4.069953276501204 2.1371236263150624 -15.068328466014894 -1.548636985082608 1.6267186432923941 -2.934984067397208 
Car 1 0 -9999.0 -9999.0 -9999.0 -9999.0 1.563781226033301 2.8241647592695136 1.6755459182934431 -4.137269909985415 -2.876349584135588 0.8644445665710612 -2.8576915024787546 
Pedestrian 2 0 -9999.0 -9999.0 -9999.0 -9999.0 1.7944659945207295 1.0293865098694976 0.9107676495989551 8.661674440389161 1.2549352840107613 -0.7500898355114604 -3.070489510659872 
Pedestrian 12 0 -9999.0 -9999.0 -9999.0 -9999.0 1.85 0.8304195303104085 0.7980478593464815 -41.497836863194394 7.910508380878606 4.30257722284151 -0.1449043903505025 
Pedestrian 13 0 -9999.0 -9999.0 -9999.0 -9999.0 1.85 0.9178706831151349 0.7423551562594414 -41.51628538085579 7.029701859802135 4.286995129748534 -0.14693246294131868 
Pedestrian 22 0 -9999.0 -9999.0 -9999.0 -9999.0 1.6923684871820848 0.8932054390458352 0.8277857904868748 17.27671615470886 -0.4585881682177889 -1.5832556208663713 -3.0700747683031633 
Car 9 0 -9999.0 -9999.0 -9999.0 -9999.0 2.0110678902370904 3.6491073811456296 1.8973721859405868 26.038766628858877 -9.612133793478817 -1.4105269845774642 1.9617326773218 
Pedestrian 19 0 -9999.0 -9999.0 -9999.0 -9999.0 1.8928920887638014 0.7068290503330851 0.6784749610722705 -42.606590844543014 2.692319010330885 4.315268070526054 0.08197832620308532 
Car 5 0 -9999.0 -9999.0 -9999.0 -9999.0 1.8369121115634848 4.774533904144905 2.3211510184741497 -33.80110821861067 -0.1541108463657233 3.6697238935935603 -0.15479674201788107 
Pedestrian 230 0 -9999.0 -9999.0 -9999.0 -9999.0 1.6935575153474929 0.7330508550058386 0.695050280878784 -33.64612905924733 1.6656690694458902 3.6991276668547575 -0.0658890858356358 
Pedestrian 333 0 -9999.0 -9999.0 -9999.0 -9999.0 1.6935575153474929 0.7330508550058386 0.6474589698422951 -33.71164325422985 2.367249838861384 3.71170803161921 -0.10498432257809043 
Pedestrian 23 0 -9999.0 -9999.0 -9999.0 -9999.0 1.582054991347604 0.5867686807733712 0.7723736730945426 28.528392280358943 -4.266509734112892 -2.337249625853281 -3.070429410549462 
Pedestrian 24 0 -9999.0 -9999.0 -9999.0 -9999.0 1.6265380204741335 0.7243144439909336 0.760852002866169 28.455619301260732 -5.018729457825356 -2.2825484178213866 -3.070323068302365 
Car 10 0 -9999.0 -9999.0 -9999.0 -9999.0 2.1574394434890403 5.153142689905318 2.072836565424259 29.064324845036538 -7.757879673979806 -1.7133220832386282 1.914638110031916 
Car 7 0 -9999.0 -9999.0 -9999.0 -9999.0 1.8372907590833283 5.146615056327163 2.2781257366533887 6.602311443485709 -2.953261370394798 -0.08426736838069718 -2.924498304796833 
