Pedestrian 15 0 -9999.0 -9999.0 -9999.0 -9999.0 1.6445419931224023 0.9439663483751304 0.7274568616666712 -22.35273389000047 5.178571953785523 2.0967963099870865 1.948354079867613 
Pedestrian 18 0 -9999.0 -9999.0 -9999.0 -9999.0 1.7917462843484828 0.7713067063640413 0.6942592859985821 -41.27735458155941 6.378820315519057 4.219779149477474 -0.20726343372793288 
Pedestrian 10 0 -9999.0 -9999.0 -9999.0 -9999.0 1.7700520281650824 0.6950127251504835 0.698726805862869 -41.84743266309879 3.725457787229418 4.300208251915355 0.07151788531855452 
Pedestrian 11 0 -9999.0 -9999.0 -9999.0 -9999.0 1.743219227040754 0.6949430683373164 0.6988812923314164 -41.79394026006845 4.577968805790166 4.253775071055187 0.07151788528662983 
Pedestrian 9 0 -9999.0 -9999.0 -9999.0 -9999.0 1.8011808519170776 0.9754172519171165 0.8997259364624444 -11.292041579432416 6.209368263912963 0.8955555621408327 -0.9633365980273716 
Pedestrian 20 0 -9999.0 -9999.0 -9999.0 -9999.0 1.7856978932434147 0.9644830564353185 0.9356425578791832 -17.48843884534054 2.9499113894457394 1.917884234493558 1.7967417648361774 
Pedestrian 222 0 -9999.0 -9999.0 -9999.0 -9999.0 1.8011808519170776 0.9754172519171165 0.8997259364624444 -12.593506021414058 6.149379073648213 1.0334272748128637 2.1782560785564193 
Pedestrian 1 0 -9999.0 -9999.0 -9999.0 -9999.0 1.7617489395297996 0.8962574574403286 0.963365933687516 -6.762889403455081 1.5631735355479552 0.6445422972151942 2.65438242209925 
Car 3 0 -9999.0 -9999.0 -9999.0 -9999.0 1.497421924732449 4.274993790819908 2.215006876834789 -2.9926354013423806 -10.927613000425822 1.4086423729301192 2.033056212506299 
Pedestrian 324 0 -9999.0 -9999.0 -9999.0 -9999.0 1.7342625952305752 0.823781929075537 0.963365933687516 42.28629731730613 -7.040318878314667 -3.2197403367430275 -2.8653923795995127 
Pedestrian 325 0 -9999.0 -9999.0 -9999.0 -9999.0 1.7342625952305752 0.823781929075537 0.8720767755301797 42.00221315389885 -7.821226505359249 -3.1697100110243643 -2.865392377820852 
Car 2 0 -9999.0 -9999.0 -9999.0 -9999.0 1.869817964234 4.069953276501204 2.1371236263150624 -14.98625193729086 -1.5681343127026992 1.5626024520176318 -2.9349840673972096 
Car 1 0 -9999.0 -9999.0 -9999.0 -9999.0 1.563781226033301 2.8241647592695136 1.6755459182934431 -4.169070967235409 -2.9052604058864557 0.7147192674179561 -2.858724147185761 
Pedestrian 2 0 -9999.0 -9999.0 -9999.0 -9999.0 1.7944659945207295 1.0293865098694976 0.9107676495989551 7.509746203168673 1.1725496062286713 -0.7981079750519519 -3.070489510659879 
Pedestrian 12 0 -9999.0 -9999.0 -9999.0 -9999.0 1.85 0.8304195303104085 0.7980478593464815 -40.47942457613146 8.142403819562494 4.240915390296595 -0.1449043903505025 
Pedestrian 13 0 -9999.0 -9999.0 -9999.0 -9999.0 1.85 0.9178706831151349 0.7423551562594414 -41.00532598743487 7.180261159438973 4.258994483301803 -0.14693246294131868 
Pedestrian 22 0 -9999.0 -9999.0 -9999.0 -9999.0 1.6923684871820848 0.8932054390458352 0.8277857904868748 16.358842456662472 -0.19389156116994669 -1.6884218884565496 -3.069791821997782 
Car 9 0 -9999.0 -9999.0 -9999.0 -9999.0 2.0110678902370904 3.6491073811456296 1.8973721859405868 26.03860062299303 -9.599702564799756 -1.5734020653504535 1.9608960425023696 
Pedestrian 19 0 -9999.0 -9999.0 -9999.0 -9999.0 1.8928920887638014 0.7068290503330851 0.6784749610722705 -41.774940772682335 2.9238796617801857 4.367599651571227 0.08197832620308532 
Car 5 0 -9999.0 -9999.0 -9999.0 -9999.0 1.8369121115634848 4.774533904144905 2.3211510184741497 -33.7744724741357 -0.23959770848375195 3.698132823904579 -0.15479674201788107 
Pedestrian 230 0 -9999.0 -9999.0 -9999.0 -9999.0 1.6935575153474929 0.7330508550058386 0.695050280878784 -32.61505490807004 1.5880531358157504 3.486999311358823 -0.07918907756032034 
Pedestrian 333 0 -9999.0 -9999.0 -9999.0 -9999.0 1.6935575153474929 0.7330508550058386 0.6474589698422951 -32.69082373437191 2.421578234671151 3.4632477280010048 -0.12222329412340294 
Pedestrian 23 0 -9999.0 -9999.0 -9999.0 -9999.0 1.582054991347604 0.5867686807733712 0.7723736730945426 27.70484708744984 -4.169673496875103 -2.480211904214925 -3.070347960747176 
Pedestrian 24 0 -9999.0 -9999.0 -9999.0 -9999.0 1.6265380204741335 0.7243144439909336 0.760852002866169 27.85116105633884 -4.961616522943717 -2.4463374238357813 -3.0705252903560805 
Car 10 0 -9999.0 -9999.0 -9999.0 -9999.0 2.1574394434890403 5.153142689905318 2.072836565424259 29.050062354223094 -7.768361212818295 -1.8687619700023779 1.915369894608716 
Car 7 0 -9999.0 -9999.0 -9999.0 -9999.0 1.8372907590833283 5.146615056327163 2.2781257366533887 6.583886209370179 -2.9939050542609755 -0.23680149412686757 -2.924498304796833 
