Pedestrian 15 0 -9999.0 -9999.0 -9999.0 -9999.0 1.6445419931224023 0.9439663483751304 0.7274568616666712 -23.935494137045783 1.3704559944694965 2.2465625504132865 1.9483542274280374 
Pedestrian 14 0 -9999.0 -9999.0 -9999.0 -9999.0 1.6121585248010888 0.5638807898783634 0.6098700835457089 -32.32885426764896 2.451089360760097 2.995419659411931 -0.11872330052649183 
Pedestrian 18 0 -9999.0 -9999.0 -9999.0 -9999.0 1.7917462843484828 0.7713067063640413 0.6942592859985821 -40.469792884614854 4.501940189327508 3.8798783714746468 -0.20726343372793288 
Pedestrian 17 0 -9999.0 -9999.0 -9999.0 -9999.0 1.7139129318266897 0.8143442265930848 0.7556700052514177 -30.050260291066902 9.811881492377422 2.4685564965803164 2.1149859547906544 
Pedestrian 10 0 -9999.0 -9999.0 -9999.0 -9999.0 1.7700520281650824 0.6950127251504835 0.698726805862869 -38.46052585699443 3.8178018237676747 3.877464688968672 0.07151788516705437 
Pedestrian 11 0 -9999.0 -9999.0 -9999.0 -9999.0 1.743219227040754 0.6949430683373164 0.6988812923314164 -38.188640538470324 4.623503007557772 3.8808874153282007 0.07151788528662983 
Pedestrian 9 0 -9999.0 -9999.0 -9999.0 -9999.0 1.8011808519170776 0.9754172519171165 0.8997259364624444 -11.243730338576572 6.225181169757946 0.6675766524774713 -0.9633365980273716 
Pedestrian 222 0 -9999.0 -9999.0 -9999.0 -9999.0 1.8011808519170776 0.9754172519171165 0.8997259364624444 -12.549501002713539 6.283821067062266 0.808443881462596 2.1782560785564193 
Pedestrian 1 0 -9999.0 -9999.0 -9999.0 -9999.0 1.7617489395297996 0.8962574574403286 0.963365933687516 -9.78878868315452 -0.007580257392645881 0.9474789221251467 2.729568234216412 
Car 3 0 -9999.0 -9999.0 -9999.0 -9999.0 1.497421924732449 4.274993790819908 2.215006876834789 -3.033385493235741 -10.828551658076076 1.215669250785898 2.0347965405661057 
Pedestrian 3 0 -9999.0 -9999.0 -9999.0 -9999.0 1.262461173550971 0.8656375095412872 0.8043813596525365 -14.780183479615197 6.319390241974908 0.8204901673412457 2.339123075712738 
Pedestrian 4 0 -9999.0 -9999.0 -9999.0 -9999.0 1.7880067545646343 0.823781929075537 0.8958396887729885 -15.54241885986028 6.624032569696061 1.2096465395921854 2.4264539948201858 
Pedestrian 5 0 -9999.0 -9999.0 -9999.0 -9999.0 1.7974897720650915 0.992589562133693 0.7186775952934377 -23.523205208255952 8.712381745486729 1.8182816603352339 2.6122969487774945 
Pedestrian 8 0 -9999.0 -9999.0 -9999.0 -9999.0 1.8 0.823781929075537 0.963365933687516 -14.323137930047798 7.828284063061141 0.9383383495323183 2.337332891498967 
Pedestrian 324 0 -9999.0 -9999.0 -9999.0 -9999.0 1.7342625952305752 0.823781929075537 0.963365933687516 37.96082411670737 -4.524369145821356 -3.3320268009855196 -2.947002401156727 
Pedestrian 325 0 -9999.0 -9999.0 -9999.0 -9999.0 1.7342625952305752 0.823781929075537 0.8720767755301797 37.686987535371884 -5.174123324653638 -3.2968987414108746 -2.9420102016015157 
Pedestrian 300 0 -9999.0 -9999.0 -9999.0 -9999.0 1.719110947049838 0.5942389613524003 0.5598340397973025 -6.923406990848157 6.941114985664342 0.716408340647766 -1.5232678898617174 
Car 2 0 -9999.0 -9999.0 -9999.0 -9999.0 1.869817964234 4.069953276501204 2.1371236263150624 -15.022265578967906 -1.5048359255378778 1.4203856226083316 -2.934984067397208 
Car 1 0 -9999.0 -9999.0 -9999.0 -9999.0 1.563781226033301 2.8241647592695136 1.6755459182934431 -4.085916772186704 -2.891737566971105 0.5550766876106606 -2.8574916913679758 
Pedestrian 2 0 -9999.0 -9999.0 -9999.0 -9999.0 1.7944659945207295 1.0293865098694976 0.9107676495989551 2.494327970623507 1.742616063370233 -0.4445184286752235 -3.070489510659872 
Pedestrian 12 0 -9999.0 -9999.0 -9999.0 -9999.0 1.85 0.8304195303104085 0.7980478593464815 -40.27768118034345 6.501283346592325 3.948112802254018 -0.1449043903505025 
Pedestrian 13 0 -9999.0 -9999.0 -9999.0 -9999.0 1.85 0.9178706831151349 0.7423551562594414 -40.42474750949215 5.577092669632899 3.9230232507568066 -0.14693246294131868 
Pedestrian 25 0 -9999.0 -9999.0 -9999.0 -9999.0 1.7260692569806146 0.7202761908522434 0.691398761311719 18.11464064929794 -5.649974993025696 -1.4268182728699943 -0.0849305139288461 
Pedestrian 22 0 -9999.0 -9999.0 -9999.0 -9999.0 1.6923684871820848 0.8932054390458352 0.8277857904868748 11.874312133517185 1.1938708058662246 -1.430640600216211 -3.074397359426415 
Car 9 0 -9999.0 -9999.0 -9999.0 -9999.0 2.0110678902370904 3.6491073811456296 1.8973721859405868 26.070274594063292 -9.450094831849741 -2.045798486912813 1.950334736867406 
Pedestrian 16 0 -9999.0 -9999.0 -9999.0 -9999.0 1.7780619257764556 0.6846979994870754 0.7494903408760649 -32.30366759385806 1.7429012089649094 3.0850070809264505 -0.06764747103986402 
Car 5 0 -9999.0 -9999.0 -9999.0 -9999.0 1.8369121115634848 4.774533904144905 2.3211510184741497 -33.63317088112621 -0.2123312283375859 3.358938144988008 -0.15479674201788107 
Car 15 0 -9999.0 -9999.0 -9999.0 -9999.0 2 4 1.977826084800126 -44.925323991238585 4.30583375033403 3.6747350699154255 -0.3023151478075068 
Pedestrian 23 0 -9999.0 -9999.0 -9999.0 -9999.0 1.582054991347604 0.5867686807733712 0.7723736730945426 24.897124133600638 -3.5228480466480816 -2.421674823846973 -3.0700446119327385 
Pedestrian 24 0 -9999.0 -9999.0 -9999.0 -9999.0 1.6265380204741335 0.7243144439909336 0.760852002866169 24.799924648607817 -4.269562387288641 -2.3508334269766404 -3.0698942368093327 
Pedestrian 666 0 -9999.0 -9999.0 -9999.0 -9999.0 1.7974897720650915 0.9314450322483807 0.7186775952934377 -23.863019997176817 9.259951943372664 1.815756263833612 2.6122969489024044 
Car 10 0 -9999.0 -9999.0 -9999.0 -9999.0 2.1574394434890403 5.153142689905318 2.072836565424259 29.004566246673644 -7.810282175970869 -2.3198710198260546 1.9194363312953406 
Car 7 0 -9999.0 -9999.0 -9999.0 -9999.0 1.8372907590833283 5.146615056327163 2.2781257366533887 6.620187669525313 -2.945198519809353 -0.3977154045511436 -2.924498304796833 
