Pedestrian 21 0 -9999.0 -9999.0 -9999.0 -9999.0 1.5486937499742908 1.0873959982889 0.7717083307869881 -18.420109950296663 6.0914008751178015 2.125925446734435 -1.1723737768734317 
Pedestrian 11 0 -9999.0 -9999.0 -9999.0 -9999.0 1.743219227040754 0.6949430683373164 0.6988812923314164 -43.83191010584478 4.284722846008098 5.017954832672287 0.07151788528662983 
Pedestrian 9 0 -9999.0 -9999.0 -9999.0 -9999.0 1.8011808519170776 0.9754172519171165 0.8997259364624444 -11.231009846381076 6.165855919055272 1.2108732939405151 -0.9633365980273716 
Pedestrian 20 0 -9999.0 -9999.0 -9999.0 -9999.0 1.7856978932434147 0.9644830564353185 0.9356425578791832 -16.75417596755765 5.317200278789009 1.9559640490776307 1.7967417648361774 
Pedestrian 222 0 -9999.0 -9999.0 -9999.0 -9999.0 1.8011808519170776 0.9754172519171165 0.8997259364624444 -12.39719259535316 6.2948437146784695 1.330910374750123 2.1782560785564193 
Pedestrian 1 0 -9999.0 -9999.0 -9999.0 -9999.0 1.7617489395297996 0.8962574574403286 0.963365933687516 -5.695882578727743 2.279976821413039 0.7993429365166953 2.65438242209925 
Car 3 0 -9999.0 -9999.0 -9999.0 -9999.0 1.497421924732449 4.274993790819908 2.215006876834789 -2.888056500625177 -10.767011132636124 1.7231331052189043 2.0358451750177924 
Pedestrian 324 0 -9999.0 -9999.0 -9999.0 -9999.0 1.7342625952305752 0.823781929075537 0.963365933687516 44.101575792959935 -8.156458368628257 -3.130577521591835 -2.776969708596198 
Pedestrian 325 0 -9999.0 -9999.0 -9999.0 -9999.0 1.7342625952305752 0.823781929075537 0.8720767755301797 43.86750829224877 -8.811638787361463 -3.053837435934405 -2.776964578963266 
Car 4 0 -9999.0 -9999.0 -9999.0 -9999.0 1.7992530582778123 4.74691242279456 2.468755016224238 -41.151851592659554 1.808372266256025 4.760333909321927 -0.2302993363933048 
Car 2 0 -9999.0 -9999.0 -9999.0 -9999.0 1.869817964234 4.069953276501204 2.1371236263150624 -14.839256019637839 -1.5165580120216573 1.8485412109786896 -2.934984067397208 
Car 1 0 -9999.0 -9999.0 -9999.0 -9999.0 1.563781226033301 2.8241647592695136 1.6755459182934431 -4.1045430915823236 -2.7885331744723105 1.043723236964449 -2.857268215401451 
Pedestrian 2 0 -9999.0 -9999.0 -9999.0 -9999.0 1.7944659945207295 1.0293865098694976 0.9107676495989551 9.756128369177782 1.2812003921312705 -0.6819374831820211 -3.070489510659872 
Pedestrian 22 0 -9999.0 -9999.0 -9999.0 -9999.0 1.6923684871820848 0.8932054390458352 0.8277857904868748 18.397134333700258 -0.5178247318858245 -1.4365824289081635 -3.0700742646607218 
Car 9 0 -9999.0 -9999.0 -9999.0 -9999.0 2.0110678902370904 3.6491073811456296 1.8973721859405868 26.043587474081864 -9.598368737365393 -1.29504804562354 1.958389475641935 
Car 5 0 -9999.0 -9999.0 -9999.0 -9999.0 1.8369121115634848 4.774533904144905 2.3211510184741497 -33.78713403774615 -0.0899373213542421 3.997358930503118 -0.15479674201788107 
Pedestrian 10 0 -9999.0 -9999.0 -9999.0 -9999.0 1.7700520281650824 0.6950127251504835 0.698726805862869 -43.527551692811215 3.4843311592144195 5.020317311281383 0.07151788528722314 
Pedestrian 230 0 -9999.0 -9999.0 -9999.0 -9999.0 1.6935575153474929 0.7330508550058386 0.695050280878784 -34.47446932193503 1.4715567431010403 4.003257408244897 -0.15546671539356538 
Pedestrian 333 0 -9999.0 -9999.0 -9999.0 -9999.0 1.6935575153474929 0.7330508550058386 0.6474589698422951 -34.775976962132006 2.153490034924735 4.009762238414156 -0.13722910702345814 
Pedestrian 23 0 -9999.0 -9999.0 -9999.0 -9999.0 1.582054991347604 0.5867686807733712 0.7723736730945426 29.180642558669966 -4.2084397888433465 -2.2507461889693716 -3.0703977283826127 
Pedestrian 24 0 -9999.0 -9999.0 -9999.0 -9999.0 1.6265380204741335 0.7243144439909336 0.760852002866169 29.169494040628546 -4.9908269777639855 -2.1954422123633766 -3.0705091283935264 
Car 10 0 -9999.0 -9999.0 -9999.0 -9999.0 2.1574394434890403 5.153142689905318 2.072836565424259 29.075514905418867 -7.74955183098901 -1.591922587502582 1.9139913683059095 
Car 7 0 -9999.0 -9999.0 -9999.0 -9999.0 1.8372907590833283 5.146615056327163 2.2781257366533887 6.626989787542493 -2.9052944766479762 0.0733216635703226 -2.924498304796833 
