Pedestrian 21 0 -9999.0 -9999.0 -9999.0 -9999.0 1.5486937499742908 1.0873959982889 0.7717083307869881 -20.274868067870305 0.4260092730074303 2.7411167618743115 -1.499274462851771 
Pedestrian 9 0 -9999.0 -9999.0 -9999.0 -9999.0 1.8011808519170776 0.9754172519171165 0.8997259364624444 -11.236562343646478 6.4426201821397155 1.658545062847905 -0.9633365980273716 
Car 8 0 -9999.0 -9999.0 -9999.0 -9999.0 2.224459528035265 4.514161950701876 2.211367806206943 9.971219933613417 -11.882304945313352 1.1655996935798316 2.0085497445515745 
Pedestrian 222 0 -9999.0 -9999.0 -9999.0 -9999.0 1.8011808519170776 0.9754172519171165 0.8997259364624444 -12.504429635473816 6.417043388250233 1.7923607175839649 2.1782560785564193 
Pedestrian 1 0 -9999.0 -9999.0 -9999.0 -9999.0 1.7617489395297996 0.8962574574403286 0.963365933687516 -3.7740016747679865 2.569463565689294 0.9787925547910425 -3.0186315070164973 
Car 4 0 -9999.0 -9999.0 -9999.0 -9999.0 1.7992530582778123 4.74691242279456 2.468755016224238 -25.851929481413986 3.8848711040780803 3.423181716166836 3.1055537685582113 
Car 2 0 -9999.0 -9999.0 -9999.0 -9999.0 1.869817964234 4.069953276501204 2.1371236263150624 -14.951148603308823 -1.2438967526744096 2.3498817790412176 -2.9349840673972096 
Car 1 0 -9999.0 -9999.0 -9999.0 -9999.0 1.563781226033301 2.8241647592695136 1.6755459182934431 -4.059632793957573 -2.655384877066147 1.3079845641708905 -2.861729056474857 
Pedestrian 2 0 -9999.0 -9999.0 -9999.0 -9999.0 1.7944659945207295 1.0293865098694976 0.9107676495989551 14.421722626399568 0.6609920668118466 -0.7633515158600354 -3.07048951454016 
Pedestrian 26 0 -9999.0 -9999.0 -9999.0 -9999.0 1.8 0.6955528190278748 0.7008922658629957 45.10223359952703 -6.004040699038201 -3.327009122210345 0.3452146068714157 
Pedestrian 27 0 -9999.0 -9999.0 -9999.0 -9999.0 1.8 0.7333538995830526 0.7069640180592786 44.894686301805415 -6.605214075677462 -3.2851202411088267 0.33131604161041306 
Pedestrian 22 0 -9999.0 -9999.0 -9999.0 -9999.0 1.6923684871820848 0.8932054390458352 0.8277857904868748 22.90612030611039 -0.7554541739081283 -1.671904455909787 -3.07012465017611 
Car 9 0 -9999.0 -9999.0 -9999.0 -9999.0 2.0110678902370904 3.6491073811456296 1.8973721859405868 26.19199084671527 -9.295465429229326 -1.1822140691558052 1.9556118415530896 
Car 5 0 -9999.0 -9999.0 -9999.0 -9999.0 1.8369121115634848 4.774533904144905 2.3211510184741497 -33.53534421333529 -0.05505869954440438 4.340213370279283 -0.15479674201788107 
Pedestrian 11 0 -9999.0 -9999.0 -9999.0 -9999.0 1.743219227040754 0.6949430683373164 0.6988812923314164 -46.9874500751262 3.110465734541277 5.332657587719856 0.07151788528662983 
Pedestrian 10 0 -9999.0 -9999.0 -9999.0 -9999.0 1.7700520281650824 0.6950127251504835 0.698726805862869 -47.04777013359886 2.1916604643961053 5.333549849488338 0.07151788529285241 
Pedestrian 23 0 -9999.0 -9999.0 -9999.0 -9999.0 1.582054991347604 0.5867686807733712 0.7723736730945426 32.647978682949045 -4.8590917755384435 -2.4639665894044094 -2.932569753442925 
Pedestrian 24 0 -9999.0 -9999.0 -9999.0 -9999.0 1.6265380204741335 0.7243144439909336 0.760852002866169 32.5161418417149 -5.59400039285519 -2.3959096385635434 -2.939221901353976 
Car 10 0 -9999.0 -9999.0 -9999.0 -9999.0 2.1574394434890403 5.153142689905318 2.072836565424259 29.083157705135484 -7.7462998244770835 -1.4955424687937282 1.9124104659439354 
Car 7 0 -9999.0 -9999.0 -9999.0 -9999.0 1.8372907590833283 5.146615056327163 2.2781257366533887 6.662575207318991 -2.823634721875016 0.413812199622187 -2.924498304796833 
