Pedestrian 21 0 -9999.0 -9999.0 -9999.0 -9999.0 1.5486937499742908 1.0873959982889 0.7717083307869881 -19.854262391355714 1.8963105426202338 2.4993329022047504 -1.499274462851771 
Pedestrian 9 0 -9999.0 -9999.0 -9999.0 -9999.0 1.8011808519170776 0.9754172519171165 0.8997259364624444 -11.267110745801162 6.493816182546985 1.68130672794794 -0.9633365980273716 
Car 8 0 -9999.0 -9999.0 -9999.0 -9999.0 2.224459528035265 4.514161950701876 2.211367806206943 9.94906331668417 -11.925133402834057 1.2398874845404546 2.008538701868222 
Pedestrian 222 0 -9999.0 -9999.0 -9999.0 -9999.0 1.8011808519170776 0.9754172519171165 0.8997259364624444 -12.613431157725087 6.207334099751275 1.6727553333656942 2.1782560785564193 
Pedestrian 1 0 -9999.0 -9999.0 -9999.0 -9999.0 1.7617489395297996 0.8962574574403286 0.963365933687516 -4.213956451585477 2.5998053142143576 0.9681385612065672 3.1003689264130934 
Car 4 0 -9999.0 -9999.0 -9999.0 -9999.0 1.7992530582778123 4.74691242279456 2.468755016224238 -29.7782765071785 3.8885845350706107 3.7882669751512674 3.0589447365308793 
Car 2 0 -9999.0 -9999.0 -9999.0 -9999.0 1.869817964234 4.069953276501204 2.1371236263150624 -14.93132179166326 -1.2061316707579288 2.2617863894511654 -2.9349840673972096 
Car 1 0 -9999.0 -9999.0 -9999.0 -9999.0 1.563781226033301 2.8241647592695136 1.6755459182934431 -4.066301489472936 -2.671883691130855 1.268558018705843 -2.859028098264787 
Pedestrian 2 0 -9999.0 -9999.0 -9999.0 -9999.0 1.7944659945207295 1.0293865098694976 0.9107676495989551 13.348918927084751 0.8903853047936773 -0.7376546295252058 -3.0704895041932794 
Pedestrian 27 0 -9999.0 -9999.0 -9999.0 -9999.0 1.8 0.7333538995830526 0.7069640180592786 45.74973513069295 -6.901520293804971 -3.555551814820544 0.331052116946724 
Pedestrian 22 0 -9999.0 -9999.0 -9999.0 -9999.0 1.6923684871820848 0.8932054390458352 0.8277857904868748 21.926344873255935 -0.7100942044920087 -1.690373173871332 -3.0700747683031633 
Car 9 0 -9999.0 -9999.0 -9999.0 -9999.0 2.0110678902370904 3.6491073811456296 1.8973721859405868 26.165374785487497 -9.318339055896082 -1.167326669019538 1.9523416747608557 
Car 5 0 -9999.0 -9999.0 -9999.0 -9999.0 1.8369121115634848 4.774533904144905 2.3211510184741497 -33.72699983194806 0.07124577009305581 4.275323218375113 -0.15479674201788107 
Pedestrian 11 0 -9999.0 -9999.0 -9999.0 -9999.0 1.743219227040754 0.6949430683373164 0.6988812923314164 -46.38146330953763 3.756356680811342 5.552165147376415 0.07151788528662983 
Pedestrian 10 0 -9999.0 -9999.0 -9999.0 -9999.0 1.7700520281650824 0.6950127251504835 0.698726805862869 -46.20801617745998 2.7343248352912717 5.556803189860545 0.07151788529177416 
Pedestrian 333 0 -9999.0 -9999.0 -9999.0 -9999.0 1.6935575153474929 0.7330508550058386 0.6474589698422951 -37.65223030690185 1.7551868846865701 4.462798191092805 -0.2340720034456254 
Pedestrian 23 0 -9999.0 -9999.0 -9999.0 -9999.0 1.582054991347604 0.5867686807733712 0.7723736730945426 31.873853035389217 -4.683756142256755 -2.217120587494424 -2.9349534952006415 
Pedestrian 24 0 -9999.0 -9999.0 -9999.0 -9999.0 1.6265380204741335 0.7243144439909336 0.760852002866169 31.76817128811453 -5.43127789804105 -2.1447984312530157 -2.939221901353976 
Car 10 0 -9999.0 -9999.0 -9999.0 -9999.0 2.1574394434890403 5.153142689905318 2.072836565424259 29.085170225814007 -7.743532589789332 -1.4805640681230754 1.9125468272695336 
Car 7 0 -9999.0 -9999.0 -9999.0 -9999.0 1.8372907590833283 5.146615056327163 2.2781257366533887 6.655484794050277 -2.8645930981408587 0.3611118205415851 -2.924498304796833 
