Car 8 0 -9999.0 -9999.0 -9999.0 -9999.0 2.224459528035265 4.514161950701876 2.211367806206943 9.919459915398772 -11.94481631380025 2.4100891719772806 2.005816629950882 
Pedestrian 222 0 -9999.0 -9999.0 -9999.0 -9999.0 1.8011808519170776 0.9754172519171165 0.8997259364624444 -12.4081479978367 6.441574774178317 2.56219554986966 2.1782560785564193 
Pedestrian 1 0 -9999.0 -9999.0 -9999.0 -9999.0 1.7617489395297996 0.8962574574403286 0.963365933687516 -1.2567271932608632 2.8813943120287275 1.6050342400425512 -3.1079680128854967 
Car 4 0 -9999.0 -9999.0 -9999.0 -9999.0 1.7992530582778123 4.74691242279456 2.468755016224238 1.1693984937295787 0.7255715984609636 1.5582122182531792 -2.9790493303434253 
Car 2 0 -9999.0 -9999.0 -9999.0 -9999.0 1.869817964234 4.069953276501204 2.1371236263150624 -15.024403269224308 -1.091127390865596 3.1356145172997847 -2.9349840673972096 
Car 1 0 -9999.0 -9999.0 -9999.0 -9999.0 1.563781226033301 2.8241647592695136 1.6755459182934431 -4.12714460858989 -2.3393698859923195 2.284009345192156 -2.857241940042792 
Pedestrian 2 0 -9999.0 -9999.0 -9999.0 -9999.0 1.7944659945207295 1.0293865098694976 0.9107676495989551 22.451475924724207 -1.1459406003229302 -0.31975611864197057 -2.849542695596302 
Pedestrian 26 0 -9999.0 -9999.0 -9999.0 -9999.0 1.8 0.6955528190278748 0.7008922658629957 38.3502596807352 -3.6959771862238378 -1.4935133407037604 0.3452146068714148 
Pedestrian 27 0 -9999.0 -9999.0 -9999.0 -9999.0 1.8 0.7333538995830526 0.7069640180592786 38.10929981336229 -4.342362204003852 -1.436989870334829 0.33484054433048627 
Pedestrian 22 0 -9999.0 -9999.0 -9999.0 -9999.0 1.6923684871820848 0.8932054390458352 0.8277857904868748 30.686940967881057 -2.2427106536641785 -1.0265891563969594 -3.0694240699001973 
Pedestrian 6 0 -9999.0 -9999.0 -9999.0 -9999.0 1.4787050870040528 0.63 0.63 45.703005627594756 -7.600602036225487 -1.846689362154814 0.12030502174119384 
Car 9 0 -9999.0 -9999.0 -9999.0 -9999.0 2.0110678902370904 3.6491073811456296 1.8973721859405868 26.23421648326088 -9.20735444796492 0.10001214224880167 1.9475529302598247 
Pedestrian 23 0 -9999.0 -9999.0 -9999.0 -9999.0 1.582054991347604 0.5867686807733712 0.7723736730945426 39.49162974864121 -6.303130041345548 -1.5550175387202159 -2.932569753442925 
Pedestrian 24 0 -9999.0 -9999.0 -9999.0 -9999.0 1.6265380204741335 0.7243144439909336 0.760852002866169 39.31348063774848 -7.040767564345683 -1.472261117420255 -2.939221903641826 
Pedestrian 889 0 -9999.0 -9999.0 -9999.0 -9999.0 1.6780659822972481 0.746646364267392 0.7967938042366157 57.32822813379389 -12.434557259190958 -2.32091086981703 -0.19470246252875079 
Pedestrian 444 0 -9999.0 -9999.0 -9999.0 -9999.0 1.502878216947772 0.63 0.63 45.806666693640146 -6.952765031103654 -1.847328640182817 0.12030502174119384 
Car 10 0 -9999.0 -9999.0 -9999.0 -9999.0 2.1574394434890403 5.153142689905318 2.072836565424259 29.16114565291917 -7.773600385637222 -0.19285546183952773 1.9172863072845558 
Car 7 0 -9999.0 -9999.0 -9999.0 -9999.0 1.8372907590833283 5.146615056327163 2.2781257366533887 6.802211808314528 -2.5962351774431034 1.4565214044879058 -2.924498304796833 
