Car 8 0 -9999.0 -9999.0 -9999.0 -9999.0 2.224459528035265 4.514161950701876 2.211367806206943 9.826608883495021 -12.083466341346062 2.3769665887804194 2.008253975655677 
Pedestrian 1 0 -9999.0 -9999.0 -9999.0 -9999.0 1.7617489395297996 0.8962574574403286 0.963365933687516 -1.2445864262673902 2.847206501124414 1.6150122905377464 -3.1079680128854967 
Car 4 0 -9999.0 -9999.0 -9999.0 -9999.0 1.7992530582778123 4.74691242279456 2.468755016224238 7.558176295843403 0.12712008473490743 1.1635128593676034 -2.978662502724694 
Pedestrian 2 0 -9999.0 -9999.0 -9999.0 -9999.0 1.7944659945207295 1.0293865098694976 0.9107676495989551 25.06130476227267 -2.4097649321355474 -0.08087596860718609 -2.699550283214929 
Pedestrian 26 0 -9999.0 -9999.0 -9999.0 -9999.0 1.8 0.6955528190278748 0.7008922658629957 35.649520696611184 -3.144391410328731 -0.7847499071467613 0.2909299802124856 
Pedestrian 27 0 -9999.0 -9999.0 -9999.0 -9999.0 1.8 0.7333538995830526 0.7069640180592786 35.59105015275829 -3.851124477230591 -0.7596254031985328 0.2909299802124856 
Pedestrian 22 0 -9999.0 -9999.0 -9999.0 -9999.0 1.6923684871820848 0.8932054390458352 0.8277857904868748 33.57524505515458 -2.5862356835671605 -0.656639793172471 -3.0700747683031633 
Pedestrian 6 0 -9999.0 -9999.0 -9999.0 -9999.0 1.4787050870040528 0.63 0.63 43.889950771547035 -7.5246036678084165 -1.075080558966411 0.12008939132144825 
Car 9 0 -9999.0 -9999.0 -9999.0 -9999.0 2.0110678902370904 3.6491073811456296 1.8973721859405868 26.10906581540933 -9.297920494458115 0.7670358988929612 1.9524023913744646 
Pedestrian 222 0 -9999.0 -9999.0 -9999.0 -9999.0 1.8011808519170776 0.9754172519171165 0.8997259364624444 -11.67000598472553 6.38432764298388 2.594150015097359 2.1782560785564193 
Pedestrian 23 0 -9999.0 -9999.0 -9999.0 -9999.0 1.582054991347604 0.5867686807733712 0.7723736730945426 42.51256888640053 -7.763100613471755 -0.9297141148026137 -2.932569753442925 
Pedestrian 24 0 -9999.0 -9999.0 -9999.0 -9999.0 1.6265380204741335 0.7243144439909336 0.760852002866169 41.90137541876192 -8.097574950901906 -0.8497058330670823 -2.932569753442925 
Car 10 0 -9999.0 -9999.0 -9999.0 -9999.0 2.1574394434890403 5.153142689905318 2.072836565424259 29.200946201808215 -7.770264103249033 0.38093398278040336 1.9222653127278733 
Car 7 0 -9999.0 -9999.0 -9999.0 -9999.0 1.8372907590833283 5.146615056327163 2.2781257366533887 6.810979846976806 -2.62081079851311 1.5919963546394376 -2.924498304796833 
