Pedestrian 9 0 -9999.0 -9999.0 -9999.0 -9999.0 1.8011808519170776 0.9754172519171165 0.8997259364624444 -11.200681385611999 6.222083899023469 2.337298740267584 -0.9633365980273716 
Car 8 0 -9999.0 -9999.0 -9999.0 -9999.0 2.224459528035265 4.514161950701876 2.211367806206943 10.060897975497051 -11.969826651850537 2.11256195348641 2.008253975655677 
Pedestrian 222 0 -9999.0 -9999.0 -9999.0 -9999.0 1.8011808519170776 0.9754172519171165 0.8997259364624444 -12.635142190182153 6.219763330988997 2.4653080386981414 2.1782560785564193 
Pedestrian 1 0 -9999.0 -9999.0 -9999.0 -9999.0 1.7617489395297996 0.8962574574403286 0.963365933687516 -1.1447552239558454 2.8224420721802694 1.5373293982045915 -3.1079680128854967 
Car 4 0 -9999.0 -9999.0 -9999.0 -9999.0 1.7992530582778123 4.74691242279456 2.468755016224238 -1.624180450077025 0.8377106327301216 1.7134527723862707 -2.9791287869520495 
Car 2 0 -9999.0 -9999.0 -9999.0 -9999.0 1.869817964234 4.069953276501204 2.1371236263150624 -15.026929729811872 -1.1617254550566272 3.2678695977140833 -2.9349840673972096 
Car 1 0 -9999.0 -9999.0 -9999.0 -9999.0 1.563781226033301 2.8241647592695136 1.6755459182934431 -4.146372796305304 -2.493772896621715 2.144831928443398 -2.8582362280928777 
Pedestrian 2 0 -9999.0 -9999.0 -9999.0 -9999.0 1.7944659945207295 1.0293865098694976 0.9107676495989551 21.21346748967401 -0.7039208113937967 -0.42378604099077277 -2.970156869052289 
Pedestrian 26 0 -9999.0 -9999.0 -9999.0 -9999.0 1.8 0.6955528190278748 0.7008922658629957 39.36041355225949 -4.120417671612595 -2.088255618151898 0.34529711875816194 
Pedestrian 27 0 -9999.0 -9999.0 -9999.0 -9999.0 1.8 0.7333538995830526 0.7069640180592786 39.096727205017025 -4.754397225853749 -2.0519046164007335 0.3346189539181452 
Pedestrian 22 0 -9999.0 -9999.0 -9999.0 -9999.0 1.6923684871820848 0.8932054390458352 0.8277857904868748 29.418002550089163 -1.9699218032521735 -1.3083294869607993 -3.07014869401692 
Pedestrian 6 0 -9999.0 -9999.0 -9999.0 -9999.0 1.4787050870040528 0.63 0.63 46.412831505102105 -7.836652881143574 -2.5664755771131222 0.12030502174119384 
Car 9 0 -9999.0 -9999.0 -9999.0 -9999.0 2.0110678902370904 3.6491073811456296 1.8973721859405868 26.23239724975548 -9.260121699788659 -0.15833527454768406 1.9641163604300171 
Pedestrian 23 0 -9999.0 -9999.0 -9999.0 -9999.0 1.582054991347604 0.5867686807733712 0.7723736730945426 38.31297003347547 -6.099427110911926 -2.0626639551800228 -2.932569753442925 
Pedestrian 24 0 -9999.0 -9999.0 -9999.0 -9999.0 1.6265380204741335 0.7243144439909336 0.760852002866169 38.07778951805323 -6.82173165361601 -2.011318790958458 -2.939221901353976 
Pedestrian 444 0 -9999.0 -9999.0 -9999.0 -9999.0 1.502878216947772 0.63 0.63 46.308544889812254 -7.069208600854434 -2.536648565482338 0.12030502174119384 
Car 10 0 -9999.0 -9999.0 -9999.0 -9999.0 2.1574394434890403 5.153142689905318 2.072836565424259 29.15019970802117 -7.751030986959742 -0.47828284807036103 1.9157137061283027 
Car 7 0 -9999.0 -9999.0 -9999.0 -9999.0 1.8372907590833283 5.146615056327163 2.2781257366533887 6.775412208333047 -2.6298786585174136 1.2907388777500204 -2.924498304796833 
