Car 8 0 -9999.0 -9999.0 -9999.0 -9999.0 2.224459528035265 4.514161950701876 2.211367806206943 9.980118135679506 -12.015562378994105 2.4101666334819845 2.0039247095336155 
Pedestrian 222 0 -9999.0 -9999.0 -9999.0 -9999.0 1.8011808519170776 0.9754172519171165 0.8997259364624444 -12.38992684779836 6.361927757323063 2.6481233503262938 2.1782560785564193 
Pedestrian 1 0 -9999.0 -9999.0 -9999.0 -9999.0 1.7617489395297996 0.8962574574403286 0.963365933687516 -1.101014599378136 2.848313589099185 1.645261618901967 -3.1079680128854967 
Car 4 0 -9999.0 -9999.0 -9999.0 -9999.0 1.7992530582778123 4.74691242279456 2.468755016224238 2.2801317315432725 0.6736506786783947 1.5433294322334061 -2.9793565359817364 
Car 2 0 -9999.0 -9999.0 -9999.0 -9999.0 1.869817964234 4.069953276501204 2.1371236263150624 -15.14522606269067 -1.1633962694462336 3.0642014409113654 -2.934984067397208 
Car 1 0 -9999.0 -9999.0 -9999.0 -9999.0 1.563781226033301 2.8241647592695136 1.6755459182934431 -4.12379869839326 -2.3101767739283976 2.392715306647672 -2.8574645705381805 
Pedestrian 2 0 -9999.0 -9999.0 -9999.0 -9999.0 1.7944659945207295 1.0293865098694976 0.9107676495989551 22.80403812045535 -1.3149880732722699 -0.26268443135337105 -2.6893237391912503 
Pedestrian 26 0 -9999.0 -9999.0 -9999.0 -9999.0 1.8 0.6955528190278748 0.7008922658629957 37.97335713144172 -3.467216997357488 -1.3097858161508533 0.3452146068714148 
Pedestrian 27 0 -9999.0 -9999.0 -9999.0 -9999.0 1.8 0.7333538995830526 0.7069640180592786 37.74156042034888 -4.111855577732847 -1.2490629253642511 0.33484054433048627 
Pedestrian 22 0 -9999.0 -9999.0 -9999.0 -9999.0 1.6923684871820848 0.8932054390458352 0.8277857904868748 31.157340947254806 -2.2962266513682654 -1.0696451389332697 -3.0731256525004014 
Pedestrian 6 0 -9999.0 -9999.0 -9999.0 -9999.0 1.4787050870040528 0.63 0.63 45.35125244221127 -7.330376132334344 -1.805324504636508 0.12030502174119384 
Car 9 0 -9999.0 -9999.0 -9999.0 -9999.0 2.0110678902370904 3.6491073811456296 1.8973721859405868 26.222887034784296 -9.216775476010335 0.23428538905124235 1.9428538381494853 
Pedestrian 23 0 -9999.0 -9999.0 -9999.0 -9999.0 1.582054991347604 0.5867686807733712 0.7723736730945426 40.06817518135434 -6.422100590465315 -1.4489019789733653 -2.932569753442925 
Pedestrian 24 0 -9999.0 -9999.0 -9999.0 -9999.0 1.6265380204741335 0.7243144439909336 0.760852002866169 39.58855398271665 -7.00246824502725 -1.359768509525397 -2.939221901353976 
Pedestrian 889 0 -9999.0 -9999.0 -9999.0 -9999.0 1.6780659822972481 0.746646364267392 0.7967938042366157 57.33902271879806 -12.349421265903272 -2.325234075476589 -0.1513464881297466 
Pedestrian 444 0 -9999.0 -9999.0 -9999.0 -9999.0 1.502878216947772 0.63 0.63 45.45490511945099 -6.7211739383297475 -1.7981109057655722 0.12030502174119384 
Car 10 0 -9999.0 -9999.0 -9999.0 -9999.0 2.1574394434890403 5.153142689905318 2.072836565424259 29.16622702633796 -7.779689086977692 -0.08414896503004937 1.9180138515948446 
Car 7 0 -9999.0 -9999.0 -9999.0 -9999.0 1.8372907590833283 5.146615056327163 2.2781257366533887 6.812245477182919 -2.587664814129576 1.5032424977521872 -2.924498304796833 
