Pedestrian 15 0 -9999.0 -9999.0 -9999.0 -9999.0 1.6445419931224023 0.9439663483751304 0.7274568616666712 -22.812072249090974 4.4559890659280565 2.111402617277407 1.9483541271524611 
Pedestrian 18 0 -9999.0 -9999.0 -9999.0 -9999.0 1.7917462843484828 0.7713067063640413 0.6942592859985821 -41.26207648402085 6.248947009101643 4.315342209332439 -0.20726343372793288 
Pedestrian 10 0 -9999.0 -9999.0 -9999.0 -9999.0 1.7700520281650824 0.6950127251504835 0.698726805862869 -41.269821829789905 3.944903822200762 4.329881181393585 0.07151788516718582 
Pedestrian 11 0 -9999.0 -9999.0 -9999.0 -9999.0 1.743219227040754 0.6949430683373164 0.6988812923314164 -41.49706146823336 4.739246667580317 4.297286062454565 0.07151788528662983 
Pedestrian 9 0 -9999.0 -9999.0 -9999.0 -9999.0 1.8011808519170776 0.9754172519171165 0.8997259364624444 -11.316975569257977 6.1348142958633645 0.7821228976558935 -0.9633365980273716 
Pedestrian 20 0 -9999.0 -9999.0 -9999.0 -9999.0 1.7856978932434147 0.9644830564353185 0.9356425578791832 -17.74813494355968 2.57180308834007 1.8451222230416133 1.7967417648361774 
Pedestrian 222 0 -9999.0 -9999.0 -9999.0 -9999.0 1.8011808519170776 0.9754172519171165 0.8997259364624444 -12.618619168513103 6.194885950860542 0.9264207080742848 2.1782560785564193 
Pedestrian 1 0 -9999.0 -9999.0 -9999.0 -9999.0 1.7617489395297996 0.8962574574403286 0.963365933687516 -7.157364074135172 1.387929077352028 0.6484758851245743 2.65438242209925 
Car 3 0 -9999.0 -9999.0 -9999.0 -9999.0 1.497421924732449 4.274993790819908 2.215006876834789 -3.0446068042079375 -10.914129769535224 1.3463355353139097 2.0356093966954845 
Pedestrian 324 0 -9999.0 -9999.0 -9999.0 -9999.0 1.7342625952305752 0.823781929075537 0.963365933687516 41.755623162709036 -6.866446291797702 -3.2029346527775004 -2.882613892394792 
Pedestrian 325 0 -9999.0 -9999.0 -9999.0 -9999.0 1.7342625952305752 0.823781929075537 0.8720767755301797 41.53498094407716 -7.5265415132914475 -3.171812714958826 -2.882613948106016 
Car 2 0 -9999.0 -9999.0 -9999.0 -9999.0 1.869817964234 4.069953276501204 2.1371236263150624 -14.959315487836765 -1.598527775189086 1.5486229516132914 -2.9349840673972096 
Car 1 0 -9999.0 -9999.0 -9999.0 -9999.0 1.563781226033301 2.8241647592695136 1.6755459182934431 -4.17277470553025 -2.9062021780109 0.6536769442528878 -2.8588073249454364 
Pedestrian 2 0 -9999.0 -9999.0 -9999.0 -9999.0 1.7944659945207295 1.0293865098694976 0.9107676495989551 6.974660526771507 1.243788939427419 -0.8155664919350833 -3.0704895106598755 
Pedestrian 12 0 -9999.0 -9999.0 -9999.0 -9999.0 1.85 0.8304195303104085 0.7980478593464815 -40.27620717694611 8.059738636220581 4.314020930150037 -0.1449043903505025 
Pedestrian 13 0 -9999.0 -9999.0 -9999.0 -9999.0 1.85 0.9178706831151349 0.7423551562594414 -40.83049276203017 7.010706116239947 4.332579032602055 -0.14693246294131868 
Pedestrian 22 0 -9999.0 -9999.0 -9999.0 -9999.0 1.6923684871820848 0.8932054390458352 0.8277857904868748 15.784437247334681 0.025160680877580048 -1.6810290581042628 -3.069714024791315 
Car 9 0 -9999.0 -9999.0 -9999.0 -9999.0 2.0110678902370904 3.6491073811456296 1.8973721859405868 26.036159678731117 -9.591980932932925 -1.6724121245670223 1.958156491576899 
Pedestrian 19 0 -9999.0 -9999.0 -9999.0 -9999.0 1.8928920887638014 0.7068290503330851 0.6784749610722705 -41.498378320429254 3.191548808788069 4.407209616717524 0.08197832620308532 
Car 5 0 -9999.0 -9999.0 -9999.0 -9999.0 1.8369121115634848 4.774533904144905 2.3211510184741497 -33.78805420353756 -0.2317115066305941 3.562954464781054 -0.15479674201788107 
Pedestrian 230 0 -9999.0 -9999.0 -9999.0 -9999.0 1.6935575153474929 0.7330508550058386 0.695050280878784 -32.116775921307664 1.5563473809802228 3.336597174162939 -0.1139480517659699 
Pedestrian 333 0 -9999.0 -9999.0 -9999.0 -9999.0 1.6935575153474929 0.7330508550058386 0.6474589698422951 -32.111503083230076 2.397032712443151 3.343501211878397 -0.07263971914723655 
Pedestrian 23 0 -9999.0 -9999.0 -9999.0 -9999.0 1.582054991347604 0.5867686807733712 0.7723736730945426 27.41006694401568 -4.15298225606928 -2.5024873130426823 -3.070297676253741 
Pedestrian 24 0 -9999.0 -9999.0 -9999.0 -9999.0 1.6265380204741335 0.7243144439909336 0.760852002866169 27.38919103208524 -4.9425934793903545 -2.4560854750121197 -3.0701474482444144 
Car 10 0 -9999.0 -9999.0 -9999.0 -9999.0 2.1574394434890403 5.153142689905318 2.072836565424259 29.04210943147073 -7.774134575316481 -1.9558314574149036 1.9157638184107348 
Car 7 0 -9999.0 -9999.0 -9999.0 -9999.0 1.8372907590833283 5.146615056327163 2.2781257366533887 6.580605399526826 -3.0026299035825086 -0.29936095968976206 -2.924498304796833 
