Pedestrian 9 0 -9999.0 -9999.0 -9999.0 -9999.0 1.8011808519170776 0.9754172519171165 0.8997259364624444 -11.062458718227314 6.306886386763878 2.3375000729480866 -0.9633365980273716 
Car 8 0 -9999.0 -9999.0 -9999.0 -9999.0 2.224459528035265 4.514161950701876 2.211367806206943 9.93360610988039 -12.098148038754532 1.677876845883186 2.0089689637270745 
Pedestrian 222 0 -9999.0 -9999.0 -9999.0 -9999.0 1.8011808519170776 0.9754172519171165 0.8997259364624444 -12.49373090254314 6.222712890607928 2.462722681903936 2.1782560785564193 
Pedestrian 1 0 -9999.0 -9999.0 -9999.0 -9999.0 1.7617489395297996 0.8962574574403286 0.963365933687516 -1.4154057008535026 2.724907136848902 1.419755497147185 -3.107805550304761 
Car 4 0 -9999.0 -9999.0 -9999.0 -9999.0 1.7992530582778123 4.74691242279456 2.468755016224238 -6.573092188942754 1.4350160293990013 2.131845162458762 -2.9786500302962526 
Car 2 0 -9999.0 -9999.0 -9999.0 -9999.0 1.869817964234 4.069953276501204 2.1371236263150624 -15.057700408160429 -1.2293186237914706 3.0405322159170334 -2.9349840673972096 
Car 1 0 -9999.0 -9999.0 -9999.0 -9999.0 1.563781226033301 2.8241647592695136 1.6755459182934431 -4.0578602088227615 -2.410448270018774 2.0620573405846807 -2.8599183040050633 
Pedestrian 2 0 -9999.0 -9999.0 -9999.0 -9999.0 1.7944659945207295 1.0293865098694976 0.9107676495989551 19.481648249206597 -0.39515987740043224 -0.6085431137892162 -2.9446003079769216 
Pedestrian 26 0 -9999.0 -9999.0 -9999.0 -9999.0 1.8 0.6955528190278748 0.7008922658629957 40.80586620519762 -4.492292851871006 -2.7819175591598175 0.3452146068714157 
Pedestrian 27 0 -9999.0 -9999.0 -9999.0 -9999.0 1.8 0.7333538995830526 0.7069640180592786 40.567724139889144 -5.149707320143909 -2.713641748402219 0.3337062860476623 
Pedestrian 22 0 -9999.0 -9999.0 -9999.0 -9999.0 1.6923684871820848 0.8932054390458352 0.8277857904868748 27.78667085231993 -1.4973493539223135 -1.5170779784325856 -3.0703037953474936 
Pedestrian 6 0 -9999.0 -9999.0 -9999.0 -9999.0 1.4787050870040528 0.63 0.63 47.69204326188478 -7.804861747019755 -3.1550018001196873 0.12030502174119384 
Car 9 0 -9999.0 -9999.0 -9999.0 -9999.0 2.0110678902370904 3.6491073811456296 1.8973721859405868 26.19685108996591 -9.29415118453699 -0.493402293702647 1.9701821548980885 
Car 5 0 -9999.0 -9999.0 -9999.0 -9999.0 1.8369121115634848 4.774533904144905 2.3211510184741497 -33.65777044028865 0.37981883253111703 5.079739377984612 -0.15479674201788107 
Pedestrian 23 0 -9999.0 -9999.0 -9999.0 -9999.0 1.582054991347604 0.5867686807733712 0.7723736730945426 36.74731961364896 -5.681410779411275 -2.395206853528725 -2.932569753442925 
Pedestrian 24 0 -9999.0 -9999.0 -9999.0 -9999.0 1.6265380204741335 0.7243144439909336 0.760852002866169 36.495772206229326 -6.372611272609474 -2.3325345609281305 -2.939221901353976 
Pedestrian 444 0 -9999.0 -9999.0 -9999.0 -9999.0 1.502878216947772 0.63 0.63 47.70847499476424 -7.128764609574507 -3.133460571986334 0.12030502174119384 
Car 10 0 -9999.0 -9999.0 -9999.0 -9999.0 2.1574394434890403 5.153142689905318 2.072836565424259 29.131583778508173 -7.733230700508811 -0.8506897037213379 1.9140606088547472 
Car 7 0 -9999.0 -9999.0 -9999.0 -9999.0 1.8372907590833283 5.146615056327163 2.2781257366533887 6.7972837550452185 -2.6426271673792603 0.9789599825941127 -2.924498304796833 
