Car 8 0 -9999.0 -9999.0 -9999.0 -9999.0 2.224459528035265 4.514161950701876 2.211367806206943 10.0069127640251 -12.048286737808814 2.393079103277698 2.003371638565568 
Pedestrian 222 0 -9999.0 -9999.0 -9999.0 -9999.0 1.8011808519170776 0.9754172519171165 0.8997259364624444 -12.389880325686237 6.340393830859323 2.645177139521317 2.1782560785564193 
Pedestrian 1 0 -9999.0 -9999.0 -9999.0 -9999.0 1.7617489395297996 0.8962574574403286 0.963365933687516 -1.0485279952327262 2.8384822521923656 1.6612302531454066 -3.1079680128854967 
Car 4 0 -9999.0 -9999.0 -9999.0 -9999.0 1.7992530582778123 4.74691242279456 2.468755016224238 2.8400126480800734 0.6633379110875356 1.519406158657113 -2.979291002336385 
Car 2 0 -9999.0 -9999.0 -9999.0 -9999.0 1.869817964234 4.069953276501204 2.1371236263150624 -15.137826010654011 -1.208510569820247 3.071950974902639 -2.9349840673972096 
Car 1 0 -9999.0 -9999.0 -9999.0 -9999.0 1.563781226033301 2.8241647592695136 1.6755459182934431 -4.1350309358407635 -2.3304130134909786 2.4274030929596777 -2.857764865315776 
Pedestrian 2 0 -9999.0 -9999.0 -9999.0 -9999.0 1.7944659945207295 1.0293865098694976 0.9107676495989551 23.01615256959798 -1.470831367575936 -0.23962370582243475 -2.6893237391912503 
Pedestrian 26 0 -9999.0 -9999.0 -9999.0 -9999.0 1.8 0.6955528190278748 0.7008922658629957 37.86927270790823 -3.270373438329568 -1.3499236311646443 0.3452146068714157 
Pedestrian 27 0 -9999.0 -9999.0 -9999.0 -9999.0 1.8 0.7333538995830526 0.7069640180592786 37.608848521752094 -3.9460084557760853 -1.2959038664606837 0.33484054433048627 
Pedestrian 22 0 -9999.0 -9999.0 -9999.0 -9999.0 1.6923684871820848 0.8932054390458352 0.8277857904868748 31.37749468681916 -2.33923982486847 -1.0978962248904696 -3.0759372090523325 
Pedestrian 6 0 -9999.0 -9999.0 -9999.0 -9999.0 1.4787050870040528 0.63 0.63 45.2049380089369 -7.49436553895934 -1.69935930982349 0.12030502174119384 
Car 9 0 -9999.0 -9999.0 -9999.0 -9999.0 2.0110678902370904 3.6491073811456296 1.8973721859405868 26.213945219945366 -9.232323649342034 0.3107100142141416 1.9415336975932007 
Pedestrian 23 0 -9999.0 -9999.0 -9999.0 -9999.0 1.582054991347604 0.5867686807733712 0.7723736730945426 40.400401512497986 -6.584449880761692 -1.2990718040571962 -2.932569753442925 
Pedestrian 24 0 -9999.0 -9999.0 -9999.0 -9999.0 1.6265380204741335 0.7243144439909336 0.760852002866169 39.93241349909579 -6.906992676036903 -1.2273177464675606 -2.939221901353976 
Pedestrian 889 0 -9999.0 -9999.0 -9999.0 -9999.0 1.6780659822972481 0.746646364267392 0.7967938042366157 57.34463069684985 -12.32043586695482 -2.326901871371866 -0.6443501790039861 
Pedestrian 444 0 -9999.0 -9999.0 -9999.0 -9999.0 1.502878216947772 0.63 0.63 45.26872855855909 -6.851698086402525 -1.7073472190319923 0.12030502174119384 
Car 10 0 -9999.0 -9999.0 -9999.0 -9999.0 2.1574394434890403 5.153142689905318 2.072836565424259 29.169071279957276 -7.781443320994488 -0.03229954559077715 1.918398896629995 
Car 7 0 -9999.0 -9999.0 -9999.0 -9999.0 1.8372907590833283 5.146615056327163 2.2781257366533887 6.815667227624439 -2.5858239200106294 1.5217257170556786 -2.924498304796833 
