Pedestrian 21 0 -9999.0 -9999.0 -9999.0 -9999.0 1.5486937499742908 1.0873959982889 0.7717083307869881 -19.56359414026707 2.633440701939499 2.2493938509613516 -1.499274462851771 
Pedestrian 9 0 -9999.0 -9999.0 -9999.0 -9999.0 1.8011808519170776 0.9754172519171165 0.8997259364624444 -11.273349047685485 6.441561646523355 1.4217485130107428 -0.9633365980273716 
Car 8 0 -9999.0 -9999.0 -9999.0 -9999.0 2.224459528035265 4.514161950701876 2.211367806206943 9.938106725258141 -12.00295754364688 1.4319823985774305 2.0084585961223986 
Pedestrian 222 0 -9999.0 -9999.0 -9999.0 -9999.0 1.8011808519170776 0.9754172519171165 0.8997259364624444 -12.527379683648205 6.358012732552281 1.5574949074904716 2.1782560785564193 
Pedestrian 1 0 -9999.0 -9999.0 -9999.0 -9999.0 1.7617489395297996 0.8962574574403286 0.963365933687516 -4.531607194165949 2.592332956635926 0.9630902320581185 2.9227605849183664 
Car 4 0 -9999.0 -9999.0 -9999.0 -9999.0 1.7992530582778123 4.74691242279456 2.468755016224238 -33.02574238186832 3.3837283116026358 3.9179032646492855 3.0229791834381814 
Car 2 0 -9999.0 -9999.0 -9999.0 -9999.0 1.869817964234 4.069953276501204 2.1371236263150624 -14.924085727629851 -1.2674771380654506 2.2745841604320733 -2.9349840673972096 
Car 1 0 -9999.0 -9999.0 -9999.0 -9999.0 1.563781226033301 2.8241647592695136 1.6755459182934431 -4.072247324869778 -2.699055058846943 1.2574358342977199 -2.8571078760498043 
Pedestrian 2 0 -9999.0 -9999.0 -9999.0 -9999.0 1.7944659945207295 1.0293865098694976 0.9107676495989551 12.654828765268748 1.1302932762077949 -0.7077484411807264 -3.0704895067986335 
Pedestrian 27 0 -9999.0 -9999.0 -9999.0 -9999.0 1.8 0.7333538995830526 0.7069640180592786 46.38005079909718 -7.153673343966088 -3.430791569508807 0.33109032686187767 
Pedestrian 22 0 -9999.0 -9999.0 -9999.0 -9999.0 1.6923684871820848 0.8932054390458352 0.8277857904868748 21.071372012075116 -0.595163090738961 -1.570177824356817 -3.0700747683031633 
Car 9 0 -9999.0 -9999.0 -9999.0 -9999.0 2.0110678902370904 3.6491073811456296 1.8973721859405868 26.13689016790446 -9.363387531406376 -1.1601876960417365 1.9510886424433593 
Car 5 0 -9999.0 -9999.0 -9999.0 -9999.0 1.8369121115634848 4.774533904144905 2.3211510184741497 -33.725121840367684 -0.07811845418931312 4.17749606569622 -0.15479674201788107 
Pedestrian 11 0 -9999.0 -9999.0 -9999.0 -9999.0 1.743219227040754 0.6949430683373164 0.6988812923314164 -45.76453719383719 3.7343164360550265 5.307369673022933 0.07151788528662983 
Pedestrian 10 0 -9999.0 -9999.0 -9999.0 -9999.0 1.7700520281650824 0.6950127251504835 0.698726805862869 -45.517717839261614 2.9683542982182543 5.327586104439269 0.07151788529096503 
Pedestrian 333 0 -9999.0 -9999.0 -9999.0 -9999.0 1.6935575153474929 0.7330508550058386 0.6474589698422951 -37.02028531064649 1.6732044895714078 4.371875343432848 -0.23986619998996517 
Pedestrian 23 0 -9999.0 -9999.0 -9999.0 -9999.0 1.582054991347604 0.5867686807733712 0.7723736730945426 31.335628449371022 -4.554440149921047 -2.2075287478539782 -2.919604927161858 
Pedestrian 24 0 -9999.0 -9999.0 -9999.0 -9999.0 1.6265380204741335 0.7243144439909336 0.760852002866169 31.188811802116916 -5.275065905702246 -2.1148220952887122 -2.929920436125112 
Car 10 0 -9999.0 -9999.0 -9999.0 -9999.0 2.1574394434890403 5.153142689905318 2.072836565424259 29.086454640148023 -7.742009532419818 -1.4697719658747195 1.9127358206578275 
Car 7 0 -9999.0 -9999.0 -9999.0 -9999.0 1.8372907590833283 5.146615056327163 2.2781257366533887 6.655141803810229 -2.8786489264200212 0.3221512200398218 -2.924498304796833 
