Car 8 0 -9999.0 -9999.0 -9999.0 -9999.0 2.224459528035265 4.514161950701876 2.211367806206943 9.852095193834737 -12.086537153512827 2.350890835367813 2.00878817588875 
Pedestrian 1 0 -9999.0 -9999.0 -9999.0 -9999.0 1.7617489395297996 0.8962574574403286 0.963365933687516 -1.0043782296384918 2.9714529682532307 1.6174190816844543 -3.1079680128854967 
Car 4 0 -9999.0 -9999.0 -9999.0 -9999.0 1.7992530582778123 4.74691242279456 2.468755016224238 7.065836145466596 0.24257000082600305 1.19802400303892 -2.9785071517937176 
Car 1 0 -9999.0 -9999.0 -9999.0 -9999.0 1.563781226033301 2.8241647592695136 1.6755459182934431 -4.159810671437109 -2.3580969731915116 2.378893816609141 -2.8574645705381805 
Pedestrian 2 0 -9999.0 -9999.0 -9999.0 -9999.0 1.7944659945207295 1.0293865098694976 0.9107676495989551 24.734654237634288 -2.3594814032437297 -0.04302720943571929 -2.6893237391912503 
Pedestrian 26 0 -9999.0 -9999.0 -9999.0 -9999.0 1.8 0.6955528190278748 0.7008922658629957 35.89256307098211 -3.152955700901808 -0.7520036669151252 0.2909299802124856 
Pedestrian 27 0 -9999.0 -9999.0 -9999.0 -9999.0 1.8 0.7333538995830526 0.7069640180592786 35.80070893533254 -3.85415604962781 -0.7164197779037299 0.2909299802124856 
Pedestrian 22 0 -9999.0 -9999.0 -9999.0 -9999.0 1.6923684871820848 0.8932054390458352 0.8277857904868748 33.329282573203336 -2.627406936735107 -0.5740664560856594 -3.0700747683031633 
Pedestrian 6 0 -9999.0 -9999.0 -9999.0 -9999.0 1.4787050870040528 0.63 0.63 43.95152498746563 -7.6088105971416455 -1.1739123610017614 0.12018591255826827 
Car 9 0 -9999.0 -9999.0 -9999.0 -9999.0 2.0110678902370904 3.6491073811456296 1.8973721859405868 26.119548102420445 -9.311135287115414 0.751049249017868 1.9500757933163584 
Pedestrian 222 0 -9999.0 -9999.0 -9999.0 -9999.0 1.8011808519170776 0.9754172519171165 0.8997259364624444 -11.799394972783677 6.370696351732452 2.585818217063552 2.1782560785564193 
Pedestrian 23 0 -9999.0 -9999.0 -9999.0 -9999.0 1.582054991347604 0.5867686807733712 0.7723736730945426 42.20995923896648 -7.581606626387511 -1.0565790420026657 -2.932569753442925 
Pedestrian 24 0 -9999.0 -9999.0 -9999.0 -9999.0 1.6265380204741335 0.7243144439909336 0.760852002866169 41.586881160893846 -7.932115709788549 -0.9800414047057022 -2.939221901353976 
Pedestrian 444 0 -9999.0 -9999.0 -9999.0 -9999.0 1.502878216947772 0.63 0.63 43.926458477888715 -6.915374197428071 -1.1525730655686612 0.12030502174119384 
Car 10 0 -9999.0 -9999.0 -9999.0 -9999.0 2.1574394434890403 5.153142689905318 2.072836565424259 29.197104319819356 -7.7727686152357425 0.3374241212468774 1.9218161293398666 
Car 7 0 -9999.0 -9999.0 -9999.0 -9999.0 1.8372907590833283 5.146615056327163 2.2781257366533887 6.81315948705835 -2.614507032710771 1.5886619679292315 -2.924498304796833 
