Pedestrian 15 0 -9999.0 -9999.0 -9999.0 -9999.0 1.6445419931224023 0.9439663483751304 0.7274568616666712 -23.474161432765925 3.14264380014259 2.0010107933809023 1.9483542274254422 
Pedestrian 18 0 -9999.0 -9999.0 -9999.0 -9999.0 1.7917462843484828 0.7713067063640413 0.6942592859985821 -41.09661116754555 5.627126875804372 3.8784509145522907 -0.20726343372793288 
Pedestrian 17 0 -9999.0 -9999.0 -9999.0 -9999.0 1.7139129318266897 0.8143442265930848 0.7556700052514177 -30.47317030665412 10.757631152931136 2.404813873563375 1.3440493978443353 
Pedestrian 10 0 -9999.0 -9999.0 -9999.0 -9999.0 1.7700520281650824 0.6950127251504835 0.698726805862869 -40.504878493482394 4.00402416404417 3.81665084149254 0.07151788528662983 
Pedestrian 11 0 -9999.0 -9999.0 -9999.0 -9999.0 1.743219227040754 0.6949430683373164 0.6988812923314164 -40.28043166271548 4.77960664205048 3.815417000081479 0.07151788528662983 
Pedestrian 9 0 -9999.0 -9999.0 -9999.0 -9999.0 1.8011808519170776 0.9754172519171165 0.8997259364624444 -11.271709477794342 6.191444201869677 0.6324979848084344 -0.9633365980273716 
Pedestrian 20 0 -9999.0 -9999.0 -9999.0 -9999.0 1.7856978932434147 0.9644830564353185 0.9356425578791832 -18.705516445156242 1.2451638379636993 1.8408373392085382 1.7967417648361774 
Pedestrian 222 0 -9999.0 -9999.0 -9999.0 -9999.0 1.8011808519170776 0.9754172519171165 0.8997259364624444 -12.408464388273366 6.166892022439645 0.7647097415915947 2.1782560785564193 
Pedestrian 1 0 -9999.0 -9999.0 -9999.0 -9999.0 1.7617489395297996 0.8962574574403286 0.963365933687516 -8.31752870954531 0.7673796031007931 0.6426627805957921 2.606065697323963 
Car 3 0 -9999.0 -9999.0 -9999.0 -9999.0 1.497421924732449 4.274993790819908 2.215006876834789 -3.0520421157583626 -10.903110269748462 1.1996952917699761 2.0355639774973966 
Pedestrian 324 0 -9999.0 -9999.0 -9999.0 -9999.0 1.7342625952305752 0.823781929075537 0.963365933687516 40.06437671287728 -5.543022563836593 -3.265586919020383 -2.9035173718836376 
Pedestrian 325 0 -9999.0 -9999.0 -9999.0 -9999.0 1.7342625952305752 0.823781929075537 0.8720767755301797 39.87387234445574 -6.199055610411758 -3.2366329104342437 -2.903322598922493 
Car 2 0 -9999.0 -9999.0 -9999.0 -9999.0 1.869817964234 4.069953276501204 2.1371236263150624 -15.09890481214187 -1.5687488628193518 1.430483646925759 -2.9349840673972096 
Car 1 0 -9999.0 -9999.0 -9999.0 -9999.0 1.563781226033301 2.8241647592695136 1.6755459182934431 -4.133613338490508 -2.897606693341415 0.5321414030529804 -2.857591053949566 
Pedestrian 2 0 -9999.0 -9999.0 -9999.0 -9999.0 1.7944659945207295 1.0293865098694976 0.9107676495989551 5.032772650876537 1.410717502522972 -0.7575076415335704 -3.070489510659872 
Pedestrian 12 0 -9999.0 -9999.0 -9999.0 -9999.0 1.85 0.8304195303104085 0.7980478593464815 -40.52391795463223 7.348287137490984 3.912917200408295 -0.1449043903505025 
Pedestrian 13 0 -9999.0 -9999.0 -9999.0 -9999.0 1.85 0.9178706831151349 0.7423551562594414 -40.733251988374754 6.43972212388734 3.9230232507568066 -0.14693246294131868 
Pedestrian 22 0 -9999.0 -9999.0 -9999.0 -9999.0 1.6923684871820848 0.8932054390458352 0.8277857904868748 14.257119742935656 0.638212134747514 -1.6468589492800005 -3.0700747683031633 
Car 9 0 -9999.0 -9999.0 -9999.0 -9999.0 2.0110678902370904 3.6491073811456296 1.8973721859405868 26.014615938281874 -9.587703764188971 -1.935206758232692 1.9489242855923408 
Pedestrian 19 0 -9999.0 -9999.0 -9999.0 -9999.0 1.8928920887638014 0.7068290503330851 0.6784749610722705 -40.103974655320364 3.0864727347511622 3.887300869228332 0.08197832620308532 
Car 5 0 -9999.0 -9999.0 -9999.0 -9999.0 1.8369121115634848 4.774533904144905 2.3211510184741497 -33.77560178121178 -0.32679305809479436 3.3896271425555042 -0.15479674201788107 
Pedestrian 230 0 -9999.0 -9999.0 -9999.0 -9999.0 1.6935575153474929 0.7330508550058386 0.695050280878784 -30.437340983836478 0.3691284054168443 3.012938080466678 0.6094863620278836 
Pedestrian 333 0 -9999.0 -9999.0 -9999.0 -9999.0 1.6935575153474929 0.7330508550058386 0.6474589698422951 -30.541342852981277 1.3087482257104566 3.009644352671952 0.6094863620278836 
Pedestrian 23 0 -9999.0 -9999.0 -9999.0 -9999.0 1.582054991347604 0.5867686807733712 0.7723736730945426 26.312288367727675 -3.97682015306459 -2.522033452043171 -3.0702066301482045 
Pedestrian 24 0 -9999.0 -9999.0 -9999.0 -9999.0 1.6265380204741335 0.7243144439909336 0.760852002866169 26.307081086590777 -4.7834932534507235 -2.520066183344212 -3.070017429923581 
Car 10 0 -9999.0 -9999.0 -9999.0 -9999.0 2.1574394434890403 5.153142689905318 2.072836565424259 29.016403135502177 -7.793911914871398 -2.23140898501111 1.917272847982824 
Car 7 0 -9999.0 -9999.0 -9999.0 -9999.0 1.8372907590833283 5.146615056327163 2.2781257366533887 6.592322573444231 -2.9876435582566274 -0.42213830285056186 -2.924498304796833 
