Pedestrian 9 0 -9999.0 -9999.0 -9999.0 -9999.0 1.8011808519170776 0.9754172519171165 0.8997259364624444 -11.108934478796623 6.24507136539628 2.367351895051609 -0.9633365980273716 
Car 8 0 -9999.0 -9999.0 -9999.0 -9999.0 2.224459528035265 4.514161950701876 2.211367806206943 9.947676224948452 -12.08385810372603 1.7262279302334032 2.009167116296366 
Pedestrian 222 0 -9999.0 -9999.0 -9999.0 -9999.0 1.8011808519170776 0.9754172519171165 0.8997259364624444 -12.531595940760239 6.182967289313999 2.509476856416812 2.1782560785564193 
Pedestrian 1 0 -9999.0 -9999.0 -9999.0 -9999.0 1.7617489395297996 0.8962574574403286 0.963365933687516 -1.299022094860329 2.7429479558759513 1.4572220241021343 -3.1078710316156517 
Car 4 0 -9999.0 -9999.0 -9999.0 -9999.0 1.7992530582778123 4.74691242279456 2.468755016224238 -5.813190151900941 1.3111831541640393 2.1299152000030386 -2.977234971365869 
Car 2 0 -9999.0 -9999.0 -9999.0 -9999.0 1.869817964234 4.069953276501204 2.1371236263150624 -15.120705412291573 -1.2227807559939776 3.0210277037365683 -2.9349840673972096 
Car 1 0 -9999.0 -9999.0 -9999.0 -9999.0 1.563781226033301 2.8241647592695136 1.6755459182934431 -4.071617822832583 -2.423381133550864 2.1085315445607096 -2.859891373467553 
Pedestrian 2 0 -9999.0 -9999.0 -9999.0 -9999.0 1.7944659945207295 1.0293865098694976 0.9107676495989551 19.7690594324111 -0.4154325809698753 -0.5917842610364102 -2.953093851932671 
Pedestrian 26 0 -9999.0 -9999.0 -9999.0 -9999.0 1.8 0.6955528190278748 0.7008922658629957 40.56919204401915 -4.469715281558914 -2.7602079278553298 0.34521911483013845 
Pedestrian 27 0 -9999.0 -9999.0 -9999.0 -9999.0 1.8 0.7333538995830526 0.7069640180592786 40.336733842156605 -5.127655833609774 -2.62369446198723 0.33381234547314076 
Pedestrian 22 0 -9999.0 -9999.0 -9999.0 -9999.0 1.6923684871820848 0.8932054390458352 0.8277857904868748 28.024628300040778 -1.5661325770537857 -1.4804571511532874 -3.0701853949662414 
Pedestrian 6 0 -9999.0 -9999.0 -9999.0 -9999.0 1.4787050870040528 0.63 0.63 47.47359422449069 -7.715752904437407 -3.084801252363779 0.12030502175132618 
Car 9 0 -9999.0 -9999.0 -9999.0 -9999.0 2.0110678902370904 3.6491073811456296 1.8973721859405868 26.202210143117735 -9.298389295426903 -0.4423232625401713 1.9712148588017673 
Car 5 0 -9999.0 -9999.0 -9999.0 -9999.0 1.8369121115634848 4.774533904144905 2.3211510184741497 -33.59181596567954 0.15970664573325563 5.10211871188287 -0.15479674201788107 
Pedestrian 23 0 -9999.0 -9999.0 -9999.0 -9999.0 1.582054991347604 0.5867686807733712 0.7723736730945426 37.0333844767253 -5.685139514618789 -2.3401960974837266 -2.9325697534411965 
Pedestrian 24 0 -9999.0 -9999.0 -9999.0 -9999.0 1.6265380204741335 0.7243144439909336 0.760852002866169 36.68107951103848 -6.400241309404403 -2.259871879758518 -2.9392219013538288 
Pedestrian 444 0 -9999.0 -9999.0 -9999.0 -9999.0 1.502878216947772 0.63 0.63 47.581888179568374 -7.110891636006137 -3.0710223453432306 0.12030502174119384 
Car 10 0 -9999.0 -9999.0 -9999.0 -9999.0 2.1574394434890403 5.153142689905318 2.072836565424259 29.134702304143584 -7.733837041951987 -0.8012823794112346 1.914259659145916 
Car 7 0 -9999.0 -9999.0 -9999.0 -9999.0 1.8372907590833283 5.146615056327163 2.2781257366533887 6.7896849358353135 -2.644236590858534 1.0261636148624995 -2.924498304796833 
