Pedestrian 15 0 -9999.0 -9999.0 -9999.0 -9999.0 1.6445419931224023 0.9439663483751304 0.7274568616666712 -22.390502815656767 5.50551238765436 1.9681012174346328 1.9483540089008518 
Pedestrian 10 0 -9999.0 -9999.0 -9999.0 -9999.0 1.7700520281650824 0.6950127251504835 0.698726805862869 -42.32339515446561 3.4782301646165235 4.478860798688422 0.07151788528382141 
Pedestrian 11 0 -9999.0 -9999.0 -9999.0 -9999.0 1.743219227040754 0.6949430683373164 0.6988812923314164 -42.39015568916757 4.34100795145868 4.468238375793796 0.07151788528662983 
Pedestrian 9 0 -9999.0 -9999.0 -9999.0 -9999.0 1.8011808519170776 0.9754172519171165 0.8997259364624444 -11.314831696695167 6.2881125832907605 0.9411304152890344 -0.9633365980273716 
Pedestrian 20 0 -9999.0 -9999.0 -9999.0 -9999.0 1.7856978932434147 0.9644830564353185 0.9356425578791832 -17.438463710120573 4.016816975914537 1.8495626626134254 1.7967417648361774 
Pedestrian 222 0 -9999.0 -9999.0 -9999.0 -9999.0 1.8011808519170776 0.9754172519171165 0.8997259364624444 -12.637878395009945 6.226971055927115 1.0893609911695543 2.1782560785564193 
Pedestrian 1 0 -9999.0 -9999.0 -9999.0 -9999.0 1.7617489395297996 0.8962574574403286 0.963365933687516 -6.301806191565903 1.8808179499048592 0.6798453921507202 2.65438242209925 
Car 3 0 -9999.0 -9999.0 -9999.0 -9999.0 1.497421924732449 4.274993790819908 2.215006876834789 -3.033985767016526 -10.887454734181675 1.5086626659341638 2.0364201247953595 
Pedestrian 324 0 -9999.0 -9999.0 -9999.0 -9999.0 1.7342625952305752 0.823781929075537 0.963365933687516 42.871180375477756 -7.615223635271538 -3.1441985922959326 -2.8426524847752788 
Pedestrian 325 0 -9999.0 -9999.0 -9999.0 -9999.0 1.7342625952305752 0.823781929075537 0.8720767755301797 42.63636942279982 -8.239918483180551 -3.1143184360520024 -2.8426524201227643 
Car 2 0 -9999.0 -9999.0 -9999.0 -9999.0 1.869817964234 4.069953276501204 2.1371236263150624 -15.080753559194893 -1.548477768230784 1.5995502189374826 -2.9349840673972096 
Car 1 0 -9999.0 -9999.0 -9999.0 -9999.0 1.563781226033301 2.8241647592695136 1.6755459182934431 -4.146813313630853 -2.8886857517476305 0.8238359252776942 -2.857971143893833 
Pedestrian 2 0 -9999.0 -9999.0 -9999.0 -9999.0 1.7944659945207295 1.0293865098694976 0.9107676495989551 8.313794371316762 1.276966049528864 -0.7553952783825536 -3.070489510659872 
Pedestrian 12 0 -9999.0 -9999.0 -9999.0 -9999.0 1.85 0.8304195303104085 0.7980478593464815 -41.39153252992215 8.0131850572283 4.528706738666078 -0.1449043903505025 
Pedestrian 13 0 -9999.0 -9999.0 -9999.0 -9999.0 1.85 0.9178706831151349 0.7423551562594414 -41.4093451697383 7.069315684496874 4.524557795544652 -0.14693246294131868 
Pedestrian 22 0 -9999.0 -9999.0 -9999.0 -9999.0 1.6923684871820848 0.8932054390458352 0.8277857904868748 17.15178138146647 -0.43171619082403834 -1.65206130205162 -3.0700747683031633 
Car 9 0 -9999.0 -9999.0 -9999.0 -9999.0 2.0110678902370904 3.6491073811456296 1.8973721859405868 26.03880785503992 -9.610506739731056 -1.4461443606359217 1.9620482471015066 
Pedestrian 19 0 -9999.0 -9999.0 -9999.0 -9999.0 1.8928920887638014 0.7068290503330851 0.6784749610722705 -42.332063651158165 2.7824283411454203 4.542959908192778 0.08197832620308532 
Car 5 0 -9999.0 -9999.0 -9999.0 -9999.0 1.8369121115634848 4.774533904144905 2.3211510184741497 -33.78822409174559 -0.19116444676044078 3.7162103846993655 -0.15479674201788107 
Pedestrian 230 0 -9999.0 -9999.0 -9999.0 -9999.0 1.6935575153474929 0.7330508550058386 0.695050280878784 -33.3887427869853 1.652552104535748 3.642689654619312 -0.031933722128986375 
Pedestrian 333 0 -9999.0 -9999.0 -9999.0 -9999.0 1.6935575153474929 0.7330508550058386 0.6474589698422951 -33.445478469711695 2.379911544094761 3.641234475316548 -0.07775339088984268 
Pedestrian 23 0 -9999.0 -9999.0 -9999.0 -9999.0 1.582054991347604 0.5867686807733712 0.7723736730945426 28.359368368673127 -4.268916170131547 -2.3768855070597974 -3.0703361236811055 
Pedestrian 24 0 -9999.0 -9999.0 -9999.0 -9999.0 1.6265380204741335 0.7243144439909336 0.760852002866169 28.28869086558098 -5.0552702394890545 -2.3149808330303374 -3.0701162771113477 
Car 10 0 -9999.0 -9999.0 -9999.0 -9999.0 2.1574394434890403 5.153142689905318 2.072836565424259 29.06103312328907 -7.760315413366541 -1.7491062481724335 1.914812532763655 
Car 7 0 -9999.0 -9999.0 -9999.0 -9999.0 1.8372907590833283 5.146615056327163 2.2781257366533887 6.596645594582347 -2.9652785177185237 -0.12421901715839087 -2.924498304796833 
