Pedestrian 21 0 -9999.0 -9999.0 -9999.0 -9999.0 1.5486937499742908 1.0873959982889 0.7717083307869881 -20.51445642559059 -0.10608986263605588 2.675084181235116 -1.499274462851771 
Pedestrian 9 0 -9999.0 -9999.0 -9999.0 -9999.0 1.8011808519170776 0.9754172519171165 0.8997259364624444 -11.032592098913987 6.326444601625854 1.6004070290387165 -0.9633365980273716 
Car 8 0 -9999.0 -9999.0 -9999.0 -9999.0 2.224459528035265 4.514161950701876 2.211367806206943 9.981651823610187 -11.903270640405081 1.1779655189723954 2.008499482884993 
Pedestrian 222 0 -9999.0 -9999.0 -9999.0 -9999.0 1.8011808519170776 0.9754172519171165 0.8997259364624444 -12.478651831110897 6.455268443170354 1.8086805765481808 2.1782560785564193 
Pedestrian 1 0 -9999.0 -9999.0 -9999.0 -9999.0 1.7617489395297996 0.8962574574403286 0.963365933687516 -3.5468206551144035 2.539272836557263 0.9932334796211113 -2.989832122885481 
Car 4 0 -9999.0 -9999.0 -9999.0 -9999.0 1.7992530582778123 4.74691242279456 2.468755016224238 -23.41477881452461 3.857261326328881 2.948223420066465 -3.0900971040990317 
Car 2 0 -9999.0 -9999.0 -9999.0 -9999.0 1.869817964234 4.069953276501204 2.1371236263150624 -14.984359140185571 -1.3653335956672896 2.451164883651775 -2.9349840673972096 
Car 1 0 -9999.0 -9999.0 -9999.0 -9999.0 1.563781226033301 2.8241647592695136 1.6755459182934431 -4.047063768659483 -2.64284401333861 1.337633812870334 -2.8614955433396414 
Pedestrian 2 0 -9999.0 -9999.0 -9999.0 -9999.0 1.7944659945207295 1.0293865098694976 0.9107676495989551 14.983759684342997 0.5204829812001858 -0.8024880521541082 -3.070489498151302 
Pedestrian 26 0 -9999.0 -9999.0 -9999.0 -9999.0 1.8 0.6955528190278748 0.7008922658629957 44.70504387850037 -5.921251151506591 -3.1262167506534975 0.34521460647792335 
Pedestrian 27 0 -9999.0 -9999.0 -9999.0 -9999.0 1.8 0.7333538995830526 0.7069640180592786 44.468246017053275 -6.533440302376976 -3.0639513362178317 0.3315659608197574 
Pedestrian 22 0 -9999.0 -9999.0 -9999.0 -9999.0 1.6923684871820848 0.8932054390458352 0.8277857904868748 23.36041674920597 -0.8127465303204687 -1.6885885726040812 -3.069990900854794 
Car 9 0 -9999.0 -9999.0 -9999.0 -9999.0 2.0110678902370904 3.6491073811456296 1.8973721859405868 26.199155323022712 -9.291226297515436 -1.1780529373067015 1.9571608746064975 
Car 5 0 -9999.0 -9999.0 -9999.0 -9999.0 1.8369121115634848 4.774533904144905 2.3211510184741497 -33.53385932224236 0.13706452936625893 4.422144532539943 -0.15479674201788107 
Pedestrian 23 0 -9999.0 -9999.0 -9999.0 -9999.0 1.582054991347604 0.5867686807733712 0.7723736730945426 33.08355407206348 -4.99731709358737 -2.5451355411991488 -2.9326634978155326 
Pedestrian 24 0 -9999.0 -9999.0 -9999.0 -9999.0 1.6265380204741335 0.7243144439909336 0.760852002866169 32.926884594793066 -5.769106826603068 -2.504465177587152 -2.939221901353976 
Car 10 0 -9999.0 -9999.0 -9999.0 -9999.0 2.1574394434890403 5.153142689905318 2.072836565424259 29.0831650000652 -7.747230843701254 -1.490502504151641 1.9123948014954486 
Car 7 0 -9999.0 -9999.0 -9999.0 -9999.0 1.8372907590833283 5.146615056327163 2.2781257366533887 6.673377969591056 -2.7966590304113916 0.4423740145536902 -2.924498304796833 
