Car 8 0 -9999.0 -9999.0 -9999.0 -9999.0 2.224459528035265 4.514161950701876 2.211367806206943 9.903259534441288 -12.091273440678275 2.3101235456764377 2.0093222449385273 
Pedestrian 1 0 -9999.0 -9999.0 -9999.0 -9999.0 1.7617489395297996 0.8962574574403286 0.963365933687516 -1.028281539333583 2.9861989095644397 1.61799905550146 -3.10796801287702 
Car 4 0 -9999.0 -9999.0 -9999.0 -9999.0 1.7992530582778123 4.74691242279456 2.468755016224238 6.071489545218399 0.4514282800247196 1.2699800889203232 -2.9782955233626325 
Car 1 0 -9999.0 -9999.0 -9999.0 -9999.0 1.563781226033301 2.8241647592695136 1.6755459182934431 -4.199667150129987 -2.464111248408712 2.414398821698192 -2.858574171170279 
Pedestrian 2 0 -9999.0 -9999.0 -9999.0 -9999.0 1.7944659945207295 1.0293865098694976 0.9107676495989551 24.303550378872654 -2.204680996302138 -0.06394361333867908 -2.6893237391912503 
Pedestrian 26 0 -9999.0 -9999.0 -9999.0 -9999.0 1.8 0.6955528190278748 0.7008922658629957 36.18994790768301 -3.0465003344490755 -0.8176703702035569 0.2909299802124856 
Pedestrian 27 0 -9999.0 -9999.0 -9999.0 -9999.0 1.8 0.7333538995830526 0.7069640180592786 36.237107457368346 -3.733216750707938 -0.8084778320942516 0.2909299802124856 
Pedestrian 22 0 -9999.0 -9999.0 -9999.0 -9999.0 1.6923684871820848 0.8932054390458352 0.8277857904868748 32.78057681381539 -2.5901083898312875 -0.6490885647704144 -3.0700747683031633 
Pedestrian 6 0 -9999.0 -9999.0 -9999.0 -9999.0 1.4787050870040528 0.63 0.63 44.16264588997069 -7.652875345434094 -1.416434574656986 0.12030502174119384 
Car 9 0 -9999.0 -9999.0 -9999.0 -9999.0 2.0110678902370904 3.6491073811456296 1.8973721859405868 26.141334998520506 -9.32755774160544 0.703398606444879 1.9457805438428082 
Pedestrian 222 0 -9999.0 -9999.0 -9999.0 -9999.0 1.8011808519170776 0.9754172519171165 0.8997259364624444 -12.042157477518371 6.3460242046931885 2.5739820071458066 2.1782560785564193 
Pedestrian 23 0 -9999.0 -9999.0 -9999.0 -9999.0 1.582054991347604 0.5867686807733712 0.7723736730945426 41.737291836728524 -7.317430063331324 -1.2864736187983425 -2.932569753442925 
Pedestrian 24 0 -9999.0 -9999.0 -9999.0 -9999.0 1.6265380204741335 0.7243144439909336 0.760852002866169 41.17405780718773 -7.688949661943755 -1.1846242624001992 -2.939221901353976 
Pedestrian 444 0 -9999.0 -9999.0 -9999.0 -9999.0 1.502878216947772 0.63 0.63 44.279747318538455 -7.056747836778887 -1.4137187089739764 0.12030502174119384 
Car 10 0 -9999.0 -9999.0 -9999.0 -9999.0 2.1574394434890403 5.153142689905318 2.072836565424259 29.189528584178724 -7.777387915420018 0.24989011697242408 1.9209257471716885 
Car 7 0 -9999.0 -9999.0 -9999.0 -9999.0 1.8372907590833283 5.146615056327163 2.2781257366533887 6.817011905286571 -2.602652613325129 1.580669842457939 -2.924498304796833 
