Pedestrian 9 0 -9999.0 -9999.0 -9999.0 -9999.0 1.8011808519170776 0.9754172519171165 0.8997259364624444 -10.954856295649726 6.281457260106642 1.8442042974493165 -0.9633365980273716 
Car 8 0 -9999.0 -9999.0 -9999.0 -9999.0 2.224459528035265 4.514161950701876 2.211367806206943 10.000199385428111 -12.14744273480805 1.30397864976548 2.007950525166514 
Pedestrian 222 0 -9999.0 -9999.0 -9999.0 -9999.0 1.8011808519170776 0.9754172519171165 0.8997259364624444 -12.437186478711022 6.3554674729071925 2.039872405384224 2.1782560785564193 
Pedestrian 1 0 -9999.0 -9999.0 -9999.0 -9999.0 1.7617489395297996 0.8962574574403286 0.963365933687516 -2.682562594247488 2.427499912690203 1.100396741528784 -3.046420896676093 
Car 4 0 -9999.0 -9999.0 -9999.0 -9999.0 1.7992530582778123 4.74691242279456 2.468755016224238 -16.562564307897627 3.1376423514117535 2.6310902770145677 -2.9782039132381435 
Car 2 0 -9999.0 -9999.0 -9999.0 -9999.0 1.869817964234 4.069953276501204 2.1371236263150624 -14.985064796252725 -1.312032602600115 2.751190414234458 -2.934984067397208 
Car 1 0 -9999.0 -9999.0 -9999.0 -9999.0 1.563781226033301 2.8241647592695136 1.6755459182934431 -4.028395947365995 -2.6493343500560798 1.5366558707457876 -2.8598707223981865 
Pedestrian 2 0 -9999.0 -9999.0 -9999.0 -9999.0 1.7944659945207295 1.0293865098694976 0.9107676495989551 16.819177248799463 0.2857041190471279 -0.8307394008588496 -3.070498719337536 
Pedestrian 26 0 -9999.0 -9999.0 -9999.0 -9999.0 1.8 0.6955528190278748 0.7008922658629957 43.19313906781715 -5.47982689193892 -3.10986290776241 0.34521460455328423 
Pedestrian 27 0 -9999.0 -9999.0 -9999.0 -9999.0 1.8 0.7333538995830526 0.7069640180592786 42.926004224235214 -6.087803210592106 -3.054308685215069 0.3323991027234614 
Pedestrian 22 0 -9999.0 -9999.0 -9999.0 -9999.0 1.6923684871820848 0.8932054390458352 0.8277857904868748 25.164505479829266 -0.9793762727610245 -1.7762219707798184 -3.0700747683031633 
Car 9 0 -9999.0 -9999.0 -9999.0 -9999.0 2.0110678902370904 3.6491073811456296 1.8973721859405868 26.18975293116236 -9.264172894510583 -1.02139433476149 1.9584186016012861 
Car 5 0 -9999.0 -9999.0 -9999.0 -9999.0 1.8369121115634848 4.774533904144905 2.3211510184741497 -33.59663120379339 0.15351420354837056 4.488527603879173 -0.15479674201788107 
Pedestrian 23 0 -9999.0 -9999.0 -9999.0 -9999.0 1.582054991347604 0.5867686807733712 0.7723736730945426 34.46050922497705 -5.340431681143023 -2.5662651856366385 -2.932570140921932 
Pedestrian 24 0 -9999.0 -9999.0 -9999.0 -9999.0 1.6265380204741335 0.7243144439909336 0.760852002866169 34.299476180683094 -6.035437418057857 -2.500975965708036 -2.939221901353976 
Pedestrian 444 0 -9999.0 -9999.0 -9999.0 -9999.0 1.502878216947772 0.63 0.63 49.3433236759356 -8.143395297266112 -3.4503912782267383 0.3369054168136554 
Car 10 0 -9999.0 -9999.0 -9999.0 -9999.0 2.1574394434890403 5.153142689905318 2.072836565424259 29.094939529093924 -7.743846237477553 -1.334851838052133 1.9126374482649737 
Car 7 0 -9999.0 -9999.0 -9999.0 -9999.0 1.8372907590833283 5.146615056327163 2.2781257366533887 6.76520446997692 -2.6926430747294634 0.5715205512230329 -2.924498304796833 
