Pedestrian 15 0 -9999.0 -9999.0 -9999.0 -9999.0 1.6445419931224023 0.9439663483751304 0.7274568616666712 -23.78168942481065 2.3853539190329833 1.9373528343068753 1.9483542274254422 
Pedestrian 18 0 -9999.0 -9999.0 -9999.0 -9999.0 1.7917462843484828 0.7713067063640413 0.6942592859985821 -41.079469819182016 5.1224709016755545 3.87494131428369 -0.20726343372793288 
Pedestrian 17 0 -9999.0 -9999.0 -9999.0 -9999.0 1.7139129318266897 0.8143442265930848 0.7556700052514177 -30.23563270520728 10.077458527118287 2.2850884841353922 1.3367630428724535 
Pedestrian 10 0 -9999.0 -9999.0 -9999.0 -9999.0 1.7700520281650824 0.6950127251504835 0.698726805862869 -39.54365356668862 3.751259245573126 3.7362126619902583 0.07151788528662983 
Pedestrian 11 0 -9999.0 -9999.0 -9999.0 -9999.0 1.743219227040754 0.6949430683373164 0.6988812923314164 -39.60219688194091 4.490119824186609 3.7904797050567804 0.07151788528662983 
Pedestrian 9 0 -9999.0 -9999.0 -9999.0 -9999.0 1.8011808519170776 0.9754172519171165 0.8997259364624444 -11.21163655882171 6.1849695359489045 0.6319269341474921 -0.9633365980273716 
Pedestrian 20 0 -9999.0 -9999.0 -9999.0 -9999.0 1.7856978932434147 0.9644830564353185 0.9356425578791832 -19.45575146990936 0.32538240083982883 1.8588842556181766 1.7967417648361774 
Pedestrian 222 0 -9999.0 -9999.0 -9999.0 -9999.0 1.8011808519170776 0.9754172519171165 0.8997259364624444 -12.57439646102304 6.215363643465711 0.7646054644836509 2.1782560785564193 
Pedestrian 1 0 -9999.0 -9999.0 -9999.0 -9999.0 1.7617489395297996 0.8962574574403286 0.963365933687516 -9.072318190410238 0.32703654726505965 0.7926280977313426 2.625348675496701 
Car 3 0 -9999.0 -9999.0 -9999.0 -9999.0 1.497421924732449 4.274993790819908 2.215006876834789 -3.0607850301291983 -10.910812405647397 1.1794285452376914 2.0353593325580004 
Pedestrian 8 0 -9999.0 -9999.0 -9999.0 -9999.0 1.8 0.823781929075537 0.963365933687516 -13.95521155683304 8.272149242262959 0.8595231948213468 2.337332891498969 
Pedestrian 324 0 -9999.0 -9999.0 -9999.0 -9999.0 1.7342625952305752 0.823781929075537 0.963365933687516 39.11777765147017 -4.8976529077281254 -3.349417911224788 -2.930054272615873 
Pedestrian 325 0 -9999.0 -9999.0 -9999.0 -9999.0 1.7342625952305752 0.823781929075537 0.8720767755301797 38.897144931829395 -5.630356094909828 -3.282505813607201 -2.9374186398183273 
Car 2 0 -9999.0 -9999.0 -9999.0 -9999.0 1.869817964234 4.069953276501204 2.1371236263150624 -15.023966270217544 -1.4858253467516582 1.3350664841915227 -2.9349840673972096 
Car 1 0 -9999.0 -9999.0 -9999.0 -9999.0 1.563781226033301 2.8241647592695136 1.6755459182934431 -4.102272209312254 -2.9105601875864866 0.5390882761760546 -2.8573977224418847 
Pedestrian 2 0 -9999.0 -9999.0 -9999.0 -9999.0 1.7944659945207295 1.0293865098694976 0.9107676495989551 3.9080832472442304 1.5451615226860973 -0.6598570630464173 -3.070489510659872 
Pedestrian 12 0 -9999.0 -9999.0 -9999.0 -9999.0 1.85 0.8304195303104085 0.7980478593464815 -40.31876574988804 6.996052875894752 3.9241379605520863 -0.1449043903505025 
Pedestrian 13 0 -9999.0 -9999.0 -9999.0 -9999.0 1.85 0.9178706831151349 0.7423551562594414 -40.70733890187353 5.994297223013903 3.9230232507568066 -0.14693246294131868 
Pedestrian 25 0 -9999.0 -9999.0 -9999.0 -9999.0 1.7260692569806146 0.7202761908522434 0.691398761311719 16.54703389959892 -5.727997252173873 -1.2750743581589232 -0.14692005059907132 
Pedestrian 22 0 -9999.0 -9999.0 -9999.0 -9999.0 1.6923684871820848 0.8932054390458352 0.8277857904868748 13.269604099435314 0.8686654923235696 -1.5653659013583132 -3.070091845372417 
Car 9 0 -9999.0 -9999.0 -9999.0 -9999.0 2.0110678902370904 3.6491073811456296 1.8973721859405868 26.028836459203767 -9.542906894126986 -2.008282741480191 1.9478849668423308 
Pedestrian 16 0 -9999.0 -9999.0 -9999.0 -9999.0 1.7780619257764556 0.6846979994870754 0.7494903408760649 -33.31203849111302 1.2935374966799187 3.289931940069497 -0.15756118427198373 
Car 5 0 -9999.0 -9999.0 -9999.0 -9999.0 1.8369121115634848 4.774533904144905 2.3211510184741497 -33.69989042204736 -0.3640727763403593 3.379177139277814 -0.15479674201788107 
Car 15 0 -9999.0 -9999.0 -9999.0 -9999.0 2 4 1.977826084800126 -45.530803394798696 3.0825600537796984 3.616505463117453 -0.3023151478075068 
Pedestrian 230 0 -9999.0 -9999.0 -9999.0 -9999.0 1.6935575153474929 0.7330508550058386 0.695050280878784 -29.881025261248055 0.21486149111362352 2.968108607993598 0.6094863620278836 
Pedestrian 23 0 -9999.0 -9999.0 -9999.0 -9999.0 1.582054991347604 0.5867686807733712 0.7723736730945426 25.767443824242125 -3.9644126088064726 -2.603439352718708 -3.0704715186256646 
Pedestrian 24 0 -9999.0 -9999.0 -9999.0 -9999.0 1.6265380204741335 0.7243144439909336 0.760852002866169 25.68213899463645 -4.634241834032437 -2.5431102627195097 -3.0704954303676946 
Car 10 0 -9999.0 -9999.0 -9999.0 -9999.0 2.1574394434890403 5.153142689905318 2.072836565424259 29.008220252973754 -7.802495692619884 -2.307020645748436 1.918209738550397 
Car 7 0 -9999.0 -9999.0 -9999.0 -9999.0 1.8372907590833283 5.146615056327163 2.2781257366533887 6.6040734613900565 -2.970934754190673 -0.4218160032664933 -2.924498304796833 
