Pedestrian 15 0 -9999.0 -9999.0 -9999.0 -9999.0 1.6445419931224023 0.9439663483751304 0.7274568616666712 -24.12694434507315 0.43643714441126985 2.2419074598760242 1.9483542274248027 
Pedestrian 14 0 -9999.0 -9999.0 -9999.0 -9999.0 1.6121585248010888 0.5638807898783634 0.6098700835457089 -31.447651001880008 2.502204666203651 2.9742434282358947 0.16200046643413302 
Pedestrian 18 0 -9999.0 -9999.0 -9999.0 -9999.0 1.7917462843484828 0.7713067063640413 0.6942592859985821 -39.79816270688093 4.029714794312239 3.8315004864182947 -0.20726343372793288 
Pedestrian 17 0 -9999.0 -9999.0 -9999.0 -9999.0 1.7139129318266897 0.8143442265930848 0.7556700052514177 -30.197010726677334 9.966784989317372 2.347791091231023 -2.8974551045732184 
Pedestrian 10 0 -9999.0 -9999.0 -9999.0 -9999.0 1.7700520281650824 0.6950127251504835 0.698726805862869 -37.62740126898257 3.9537303776447117 3.777495904298216 0.07151788528662983 
Pedestrian 11 0 -9999.0 -9999.0 -9999.0 -9999.0 1.743219227040754 0.6949430683373164 0.6988812923314164 -37.7718787004276 4.687348275602517 3.780708262962043 0.07151788528662983 
Pedestrian 9 0 -9999.0 -9999.0 -9999.0 -9999.0 1.8011808519170776 0.9754172519171165 0.8997259364624444 -11.330974394607011 6.302549797297343 0.6375935919638972 -0.9633365980273716 
Pedestrian 222 0 -9999.0 -9999.0 -9999.0 -9999.0 1.8011808519170776 0.9754172519171165 0.8997259364624444 -12.59315662504195 6.43446264216727 0.7817093212572933 2.1782560785564193 
Pedestrian 1 0 -9999.0 -9999.0 -9999.0 -9999.0 1.7617489395297996 0.8962574574403286 0.963365933687516 -10.51206407943428 -0.24495307169989727 0.966601709225843 2.7875183671816828 
Car 3 0 -9999.0 -9999.0 -9999.0 -9999.0 1.497421924732449 4.274993790819908 2.215006876834789 -3.057676271385829 -10.820336416249804 1.2301359864899568 2.037201706717209 
Pedestrian 3 0 -9999.0 -9999.0 -9999.0 -9999.0 1.262461173550971 0.8656375095412872 0.8043813596525365 -15.319288314400925 5.613507995923341 0.8625934095355589 2.339123075712738 
Pedestrian 4 0 -9999.0 -9999.0 -9999.0 -9999.0 1.7880067545646343 0.823781929075537 0.8958396887729885 -16.15303891198543 6.312113874062468 1.1926447273211527 2.4237303652607753 
Pedestrian 5 0 -9999.0 -9999.0 -9999.0 -9999.0 1.7974897720650915 0.992589562133693 0.7186775952934377 -24.493078736401532 8.413007389763798 1.9143961411409576 2.6122969489024044 
Pedestrian 8 0 -9999.0 -9999.0 -9999.0 -9999.0 1.8 0.823781929075537 0.963365933687516 -15.209504316165944 7.125866625417443 1.001503368006477 2.337332891498967 
Pedestrian 324 0 -9999.0 -9999.0 -9999.0 -9999.0 1.7342625952305752 0.823781929075537 0.963365933687516 36.75685251743451 -4.147843667737701 -3.307158548634277 -2.9423526419044403 
Pedestrian 325 0 -9999.0 -9999.0 -9999.0 -9999.0 1.7342625952305752 0.823781929075537 0.8720767755301797 36.535399299531306 -4.706499811281102 -3.2793417925478994 -2.9431222082716797 
Pedestrian 786 0 -9999.0 -9999.0 -9999.0 -9999.0 1.7974897720650915 1.0249044043765634 0.9461904251673465 -30.482133573907138 0.044825270947423945 2.9079317344366293 -2.212261859612406 
Pedestrian 555 0 -9999.0 -9999.0 -9999.0 -9999.0 1.7951268703332972 1.0730522630020127 0.7556700052514177 -28.735884876428976 12.011844382328116 2.0275670243630866 1.369460774881631 
Pedestrian 300 0 -9999.0 -9999.0 -9999.0 -9999.0 1.719110947049838 0.5942389613524003 0.5598340397973025 -6.86694422291597 6.98989717575404 0.7354260331651571 -1.523261745828588 
Car 2 0 -9999.0 -9999.0 -9999.0 -9999.0 1.869817964234 4.069953276501204 2.1371236263150624 -15.046885071085931 -1.4546265456527818 1.4475319984901205 -2.9349840673972096 
Car 1 0 -9999.0 -9999.0 -9999.0 -9999.0 1.563781226033301 2.8241647592695136 1.6755459182934431 -4.0886165904413785 -2.8707203818021374 0.5237239621026877 -2.8573961635765954 
Pedestrian 2 0 -9999.0 -9999.0 -9999.0 -9999.0 1.7944659945207295 1.0293865098694976 0.9107676495989551 1.2238069466716093 1.6396484993701692 -0.33822084840575184 -3.070489510659872 
Pedestrian 12 0 -9999.0 -9999.0 -9999.0 -9999.0 1.85 0.8304195303104085 0.7980478593464815 -39.98494453688824 6.16977162093925 3.8754912593036224 -0.1449043903505025 
Pedestrian 13 0 -9999.0 -9999.0 -9999.0 -9999.0 1.85 0.9178706831151349 0.7423551562594414 -40.08731091139332 5.248534860123087 3.826119931509926 -0.14693246294131868 
Pedestrian 25 0 -9999.0 -9999.0 -9999.0 -9999.0 1.7260692569806146 0.7202761908522434 0.691398761311719 19.94415584870731 -5.666953488472575 -1.589850683222023 -0.0849305139288461 
Pedestrian 22 0 -9999.0 -9999.0 -9999.0 -9999.0 1.6923684871820848 0.8932054390458352 0.8277857904868748 10.609418034377201 1.463876160044 -1.3006585200160625 -3.0700747683031633 
Car 9 0 -9999.0 -9999.0 -9999.0 -9999.0 2.0110678902370904 3.6491073811456296 1.8973721859405868 26.09576020799156 -9.390815123508107 -2.0572610199899297 1.9538632031951533 
Pedestrian 16 0 -9999.0 -9999.0 -9999.0 -9999.0 1.7780619257764556 0.6846979994870754 0.7494903408760649 -31.527547827543753 1.7571248381539606 3.0161314811675313 -0.001976988567848892 
Car 5 0 -9999.0 -9999.0 -9999.0 -9999.0 1.8369121115634848 4.774533904144905 2.3211510184741497 -33.64846426524462 -0.06719447160787369 3.3165854092915286 -0.15479674201788107 
Car 15 0 -9999.0 -9999.0 -9999.0 -9999.0 2 4 1.977826084800126 -45.2145118750751 3.1874954777363573 3.8371405255543967 -0.3023151478075068 
Pedestrian 23 0 -9999.0 -9999.0 -9999.0 -9999.0 1.582054991347604 0.5867686807733712 0.7723736730945426 23.898925876099693 -3.2493523845853174 -2.4569121787091475 -3.0700743692249777 
Pedestrian 24 0 -9999.0 -9999.0 -9999.0 -9999.0 1.6265380204741335 0.7243144439909336 0.760852002866169 23.81344454551638 -4.073207205397797 -2.4161619220771016 -3.070078228543963 
Pedestrian 666 0 -9999.0 -9999.0 -9999.0 -9999.0 1.7974897720650915 0.9314450322483807 0.7186775952934377 -24.909336521602043 8.992727691361251 1.9369509342979014 2.6122969489024044 
Car 10 0 -9999.0 -9999.0 -9999.0 -9999.0 2.1574394434890403 5.153142689905318 2.072836565424259 29.00361041801635 -7.816713961276652 -2.300040914932511 1.9207093514886164 
Car 7 0 -9999.0 -9999.0 -9999.0 -9999.0 1.8372907590833283 5.146615056327163 2.2781257366533887 6.641625874407852 -2.8990905880154707 -0.42755212170754264 -2.924498304796833 
