Pedestrian 21 0 -9999.0 -9999.0 -9999.0 -9999.0 1.5486937499742908 1.0873959982889 0.7717083307869881 -18.126297370125076 6.6293595120298985 1.933329043936657 -0.9344182146570787 
Pedestrian 10 0 -9999.0 -9999.0 -9999.0 -9999.0 1.7700520281650824 0.6950127251504835 0.698726805862869 -42.89062746952337 3.5569151277667332 4.805654816599282 0.07151788528603831 
Pedestrian 11 0 -9999.0 -9999.0 -9999.0 -9999.0 1.743219227040754 0.6949430683373164 0.6988812923314164 -43.108082840851516 4.354874492331259 4.7657164626297 0.07151788528662983 
Pedestrian 9 0 -9999.0 -9999.0 -9999.0 -9999.0 1.8011808519170776 0.9754172519171165 0.8997259364624444 -11.221870460399725 6.092412081004729 1.0671833411153584 -0.9633365980273716 
Pedestrian 20 0 -9999.0 -9999.0 -9999.0 -9999.0 1.7856978932434147 0.9644830564353185 0.9356425578791832 -17.240128856372195 4.932366620430078 1.9709808760386893 1.7967417648361774 
Pedestrian 222 0 -9999.0 -9999.0 -9999.0 -9999.0 1.8011808519170776 0.9754172519171165 0.8997259364624444 -12.52129029641255 6.288399011546426 1.2073547336952615 2.1782560785564193 
Pedestrian 1 0 -9999.0 -9999.0 -9999.0 -9999.0 1.7617489395297996 0.8962574574403286 0.963365933687516 -5.913133764136271 2.1534560022799587 0.7576902680512864 2.65438242209925 
Car 3 0 -9999.0 -9999.0 -9999.0 -9999.0 1.497421924732449 4.274993790819908 2.215006876834789 -2.9557717388812277 -10.834132888492654 1.6596398198402287 2.035854287259511 
Pedestrian 324 0 -9999.0 -9999.0 -9999.0 -9999.0 1.7342625952305752 0.823781929075537 0.963365933687516 43.60018057138599 -7.799885532138891 -3.124735972504049 -2.808385723870387 
Pedestrian 325 0 -9999.0 -9999.0 -9999.0 -9999.0 1.7342625952305752 0.823781929075537 0.8720767755301797 43.33314197316274 -8.606059904582933 -3.0605671836002233 -2.8083804498896576 
Car 4 0 -9999.0 -9999.0 -9999.0 -9999.0 1.7992530582778123 4.74691242279456 2.468755016224238 -42.41634282456662 1.6060383932954712 4.689566582442692 2.9112933171964883 
Car 2 0 -9999.0 -9999.0 -9999.0 -9999.0 1.869817964234 4.069953276501204 2.1371236263150624 -14.916017289361198 -1.5466956315636138 1.7189645565223208 -2.9349840673972096 
Car 1 0 -9999.0 -9999.0 -9999.0 -9999.0 1.563781226033301 2.8241647592695136 1.6755459182934431 -4.118857533753032 -2.8371499397816216 0.9528294022165319 -2.857325454079099 
Pedestrian 2 0 -9999.0 -9999.0 -9999.0 -9999.0 1.7944659945207295 1.0293865098694976 0.9107676495989551 9.1803516587564 1.20113762005697 -0.7052315097600621 -3.070489510659872 
Pedestrian 12 0 -9999.0 -9999.0 -9999.0 -9999.0 1.85 0.8304195303104085 0.7980478593464815 -41.290100264269924 7.940165662888627 4.845051803500496 -0.1449043903505025 
Pedestrian 22 0 -9999.0 -9999.0 -9999.0 -9999.0 1.6923684871820848 0.8932054390458352 0.8277857904868748 17.796002108415415 -0.48570495445544853 -1.5613846370245144 -3.0700747683031633 
Car 9 0 -9999.0 -9999.0 -9999.0 -9999.0 2.0110678902370904 3.6491073811456296 1.8973721859405868 26.03976244996102 -9.610109986685725 -1.3473722674277993 1.9603638510579557 
Car 5 0 -9999.0 -9999.0 -9999.0 -9999.0 1.8369121115634848 4.774533904144905 2.3211510184741497 -33.81159983419658 -0.09302845520506689 3.729119990244666 -0.15479674201788107 
Pedestrian 230 0 -9999.0 -9999.0 -9999.0 -9999.0 1.6935575153474929 0.7330508550058386 0.695050280878784 -34.084004155479356 1.6170185807011919 3.8552238014269284 -0.1211970049646851 
Pedestrian 333 0 -9999.0 -9999.0 -9999.0 -9999.0 1.6935575153474929 0.7330508550058386 0.6474589698422951 -34.255374266319244 2.2546040366045705 3.8647256797865195 -0.11836117178504679 
Pedestrian 23 0 -9999.0 -9999.0 -9999.0 -9999.0 1.582054991347604 0.5867686807733712 0.7723736730945426 28.849933867742582 -4.180541082528579 -2.2809980550237436 -3.070441872929351 
Pedestrian 24 0 -9999.0 -9999.0 -9999.0 -9999.0 1.6265380204741335 0.7243144439909336 0.760852002866169 28.830543953119975 -4.931037577014863 -2.2426880424183597 -3.0703683259846635 
Car 10 0 -9999.0 -9999.0 -9999.0 -9999.0 2.1574394434890403 5.153142689905318 2.072836565424259 29.070365389303326 -7.753390172753781 -1.6477603563016288 1.9143029062057888 
Car 7 0 -9999.0 -9999.0 -9999.0 -9999.0 1.8372907590833283 5.146615056327163 2.2781257366533887 6.614694629617679 -2.9281790690895795 -0.00347536010243793 -2.924498304796833 
