Pedestrian 9 0 -9999.0 -9999.0 -9999.0 -9999.0 1.8011808519170776 0.9754172519171165 0.8997259364624444 -11.094791933376248 6.358156458464127 2.1962748205163014 -0.9633365980273716 
Car 8 0 -9999.0 -9999.0 -9999.0 -9999.0 2.224459528035265 4.514161950701876 2.211367806206943 9.944584896171706 -12.048171310807406 1.48201846990449 2.008051673391927 
Pedestrian 222 0 -9999.0 -9999.0 -9999.0 -9999.0 1.8011808519170776 0.9754172519171165 0.8997259364624444 -12.385648642010734 6.352477748392106 2.2086324165722533 2.1782560785564193 
Pedestrian 1 0 -9999.0 -9999.0 -9999.0 -9999.0 1.7617489395297996 0.8962574574403286 0.963365933687516 -1.7949026408823026 2.5123414441380723 1.3013214526182117 -3.105941009648406 
Car 4 0 -9999.0 -9999.0 -9999.0 -9999.0 1.7992530582778123 4.74691242279456 2.468755016224238 -10.002035595984882 1.906469456158923 2.2820505468557832 -2.9771494901909907 
Car 2 0 -9999.0 -9999.0 -9999.0 -9999.0 1.869817964234 4.069953276501204 2.1371236263150624 -15.025925470615999 -1.1766694328974423 2.965932978054375 -2.9349840673972096 
Car 1 0 -9999.0 -9999.0 -9999.0 -9999.0 1.563781226033301 2.8241647592695136 1.6755459182934431 -4.007469248281009 -2.4765907093177804 1.8533355074454338 -2.8587521085643797 
Pedestrian 2 0 -9999.0 -9999.0 -9999.0 -9999.0 1.7944659945207295 1.0293865098694976 0.9107676495989551 18.617292763456405 -0.13585626126691058 -0.746451856018753 -3.062244298022767 
Pedestrian 26 0 -9999.0 -9999.0 -9999.0 -9999.0 1.8 0.6955528190278748 0.7008922658629957 41.78551329938205 -4.71673622835858 -2.7273614881815647 0.3452156648497846 
Pedestrian 27 0 -9999.0 -9999.0 -9999.0 -9999.0 1.8 0.7333538995830526 0.7069640180592786 41.514221255770124 -5.424926884174974 -2.747864486791919 0.33326407101804634 
Pedestrian 22 0 -9999.0 -9999.0 -9999.0 -9999.0 1.6923684871820848 0.8932054390458352 0.8277857904868748 26.805856448935025 -1.2741128762212943 -1.7351376718007212 -3.0689063191630748 
Car 9 0 -9999.0 -9999.0 -9999.0 -9999.0 2.0110678902370904 3.6491073811456296 1.8973721859405868 26.1807777945419 -9.267345761826324 -0.6994972427345799 1.9636772660493023 
Car 5 0 -9999.0 -9999.0 -9999.0 -9999.0 1.8369121115634848 4.774533904144905 2.3211510184741497 -33.634991221776986 0.264024241904764 4.940521725952559 -0.15479674201788107 
Pedestrian 23 0 -9999.0 -9999.0 -9999.0 -9999.0 1.582054991347604 0.5867686807733712 0.7723736730945426 35.98373028157814 -5.641218836837278 -2.3978188893604795 -2.932569753442925 
Pedestrian 24 0 -9999.0 -9999.0 -9999.0 -9999.0 1.6265380204741335 0.7243144439909336 0.760852002866169 35.69550824500725 -6.3852494025208975 -2.3190393855942872 -2.939221901353976 
Pedestrian 444 0 -9999.0 -9999.0 -9999.0 -9999.0 1.502878216947772 0.63 0.63 48.21248116334994 -7.371923462352849 -2.9601984578198643 0.10251068340484526 
Car 10 0 -9999.0 -9999.0 -9999.0 -9999.0 2.1574394434890403 5.153142689905318 2.072836565424259 29.118231441405197 -7.735045559601929 -1.0381958749186728 1.9133854041778218 
Car 7 0 -9999.0 -9999.0 -9999.0 -9999.0 1.8372907590833283 5.146615056327163 2.2781257366533887 6.8211109349609504 -2.6387016801097594 0.7986019242855285 -2.924498304796833 
