Pedestrian 9 0 -9999.0 -9999.0 -9999.0 -9999.0 1.8011808519170776 0.9754172519171165 0.8997259364624444 -10.96037731926564 6.336354830130604 1.8242385080390455 -0.9633365980273716 
Car 8 0 -9999.0 -9999.0 -9999.0 -9999.0 2.224459528035265 4.514161950701876 2.211367806206943 9.997252744890469 -12.152778385708867 1.2925913238367022 2.008054517171054 
Pedestrian 222 0 -9999.0 -9999.0 -9999.0 -9999.0 1.8011808519170776 0.9754172519171165 0.8997259364624444 -12.471800925810445 6.333814464125889 1.995541802434224 2.1782560785564193 
Pedestrian 1 0 -9999.0 -9999.0 -9999.0 -9999.0 1.7617489395297996 0.8962574574403286 0.963365933687516 -2.814306355068458 2.439320544765318 1.0795534230922523 -3.032624665137643 
Car 4 0 -9999.0 -9999.0 -9999.0 -9999.0 1.7992530582778123 4.74691242279456 2.468755016224238 -17.458074377940353 3.380445725779657 2.6676025685335185 -2.9700044649372614 
Car 2 0 -9999.0 -9999.0 -9999.0 -9999.0 1.869817964234 4.069953276501204 2.1371236263150624 -14.980367052175339 -1.3028958784797402 2.738869597446972 -2.9349840673972096 
Car 1 0 -9999.0 -9999.0 -9999.0 -9999.0 1.563781226033301 2.8241647592695136 1.6755459182934431 -4.031961471372323 -2.6516698636422595 1.499694050605805 -2.8601375302960417 
Pedestrian 2 0 -9999.0 -9999.0 -9999.0 -9999.0 1.7944659945207295 1.0293865098694976 0.9107676495989551 16.550344817820235 0.2817640019256908 -0.8242499710645256 -3.070489510659872 
Pedestrian 26 0 -9999.0 -9999.0 -9999.0 -9999.0 1.8 0.6955528190278748 0.7008922658629957 43.40599585364932 -5.483105653877209 -3.0917627201295086 0.3452146068714157 
Pedestrian 27 0 -9999.0 -9999.0 -9999.0 -9999.0 1.8 0.7333538995830526 0.7069640180592786 43.1481326852426 -6.147742529151683 -3.041937050207832 0.3322797783455522 
Pedestrian 22 0 -9999.0 -9999.0 -9999.0 -9999.0 1.6923684871820848 0.8932054390458352 0.8277857904868748 24.920345329840792 -0.9395131495995398 -1.8208084054758682 -3.0648381093723494 
Car 9 0 -9999.0 -9999.0 -9999.0 -9999.0 2.0110678902370904 3.6491073811456296 1.8973721859405868 26.193169473218077 -9.26878540371148 -1.0572393535770326 1.9584464526364211 
Car 5 0 -9999.0 -9999.0 -9999.0 -9999.0 1.8369121115634848 4.774533904144905 2.3211510184741497 -33.592296378834895 0.1831072248232409 4.477155965844974 -0.15479674201788107 
Pedestrian 23 0 -9999.0 -9999.0 -9999.0 -9999.0 1.582054991347604 0.5867686807733712 0.7723736730945426 34.26324896508328 -5.327161340901389 -2.5608371537708754 -2.9325704000653587 
Pedestrian 24 0 -9999.0 -9999.0 -9999.0 -9999.0 1.6265380204741335 0.7243144439909336 0.760852002866169 34.113752951389834 -6.032747599483948 -2.498672005961042 -2.9392218978895315 
Car 10 0 -9999.0 -9999.0 -9999.0 -9999.0 2.1574394434890403 5.153142689905318 2.072836565424259 29.092198008520096 -7.744915407256338 -1.369602031213719 1.9125731283193836 
Car 7 0 -9999.0 -9999.0 -9999.0 -9999.0 1.8372907590833283 5.146615056327163 2.2781257366533887 6.7494897679421335 -2.706524848148681 0.5488186457073088 -2.924498304796833 
