Car 8 0 -9999.0 -9999.0 -9999.0 -9999.0 2.224459528035265 4.514161950701876 2.211367806206943 9.929277083005703 -12.092254880239912 2.3009617715501696 2.0090560131802278 
Pedestrian 1 0 -9999.0 -9999.0 -9999.0 -9999.0 1.7617489395297996 0.8962574574403286 0.963365933687516 -1.1225117775872038 2.9447886221956345 1.6199830407373912 -3.1079680128854967 
Car 4 0 -9999.0 -9999.0 -9999.0 -9999.0 1.7992530582778123 4.74691242279456 2.468755016224238 5.559898227128149 0.5347475975817201 1.3092419476277826 -2.978288049999694 
Car 1 0 -9999.0 -9999.0 -9999.0 -9999.0 1.563781226033301 2.8241647592695136 1.6755459182934431 -4.208324396917778 -2.4891454688171906 2.430483445893854 -2.858893237399398 
Pedestrian 2 0 -9999.0 -9999.0 -9999.0 -9999.0 1.7944659945207295 1.0293865098694976 0.9107676495989551 24.12444182733369 -1.9819491547861676 -0.10506400282504885 -2.68913889737172 
Pedestrian 26 0 -9999.0 -9999.0 -9999.0 -9999.0 1.8 0.6955528190278748 0.7008922658629957 36.25317805033098 -3.020671061914682 -0.8678634104603714 0.27842406445383006 
Pedestrian 27 0 -9999.0 -9999.0 -9999.0 -9999.0 1.8 0.7333538995830526 0.7069640180592786 36.480497710211225 -3.701032174429709 -0.8943843338421844 0.28081396315780793 
Pedestrian 22 0 -9999.0 -9999.0 -9999.0 -9999.0 1.6923684871820848 0.8932054390458352 0.8277857904868748 32.53233479279813 -2.5593491668225004 -0.7871444014485525 -3.0704347563653513 
Pedestrian 6 0 -9999.0 -9999.0 -9999.0 -9999.0 1.4787050870040528 0.63 0.63 44.32327117297088 -7.588646842883292 -1.5673375693021359 0.12030502174119384 
Car 9 0 -9999.0 -9999.0 -9999.0 -9999.0 2.0110678902370904 3.6491073811456296 1.8973721859405868 26.153156565181828 -9.325812294770238 0.6636262992086391 1.943971441555112 
Pedestrian 222 0 -9999.0 -9999.0 -9999.0 -9999.0 1.8011808519170776 0.9754172519171165 0.8997259364624444 -12.148632709480228 6.33616846584955 2.5728483486742855 2.1782560785564193 
Pedestrian 23 0 -9999.0 -9999.0 -9999.0 -9999.0 1.582054991347604 0.5867686807733712 0.7723736730945426 41.48065543411613 -7.2878290461809945 -1.3181830940545127 -2.932569753442925 
Pedestrian 24 0 -9999.0 -9999.0 -9999.0 -9999.0 1.6265380204741335 0.7243144439909336 0.760852002866169 40.81406411278268 -7.565295021314713 -1.2196631948183405 -2.939221901353976 
Pedestrian 444 0 -9999.0 -9999.0 -9999.0 -9999.0 1.502878216947772 0.63 0.63 44.15202976550012 -6.768920742933951 -1.5743595947563824 0.12030502174119384 
Car 10 0 -9999.0 -9999.0 -9999.0 -9999.0 2.1574394434890403 5.153142689905318 2.072836565424259 29.185813042998024 -7.779328718201774 0.20519145976073322 1.920484331659443 
Car 7 0 -9999.0 -9999.0 -9999.0 -9999.0 1.8372907590833283 5.146615056327163 2.2781257366533887 6.81844816190929 -2.59742426009108 1.5753088021246842 -2.924498304796833 
