Pedestrian 15 0 -9999.0 -9999.0 -9999.0 -9999.0 1.6445419931224023 0.9439663483751304 0.7274568616666712 -22.90641323831112 4.37475772591892 2.037538405525312 1.9483541536337938 
Pedestrian 18 0 -9999.0 -9999.0 -9999.0 -9999.0 1.7917462843484828 0.7713067063640413 0.6942592859985821 -41.24852678255912 6.15803001793373 4.258391476268252 -0.20726343372793288 
Pedestrian 17 0 -9999.0 -9999.0 -9999.0 -9999.0 1.7139129318266897 0.8143442265930848 0.7556700052514177 -31.198572080154957 11.699657456999145 2.567861724872971 1.1375096133410443 
Pedestrian 10 0 -9999.0 -9999.0 -9999.0 -9999.0 1.7700520281650824 0.6950127251504835 0.698726805862869 -41.12324900753025 3.90713273246945 4.278998302933393 0.07151788528662983 
Pedestrian 11 0 -9999.0 -9999.0 -9999.0 -9999.0 1.743219227040754 0.6949430683373164 0.6988812923314164 -41.31633910463089 4.6990860509610695 4.258851828910963 0.07151788528662983 
Pedestrian 9 0 -9999.0 -9999.0 -9999.0 -9999.0 1.8011808519170776 0.9754172519171165 0.8997259364624444 -11.28425072346522 6.149695962404308 0.6884627163677077 -0.9633365980273716 
Pedestrian 20 0 -9999.0 -9999.0 -9999.0 -9999.0 1.7856978932434147 0.9644830564353185 0.9356425578791832 -17.901994507376646 2.395811692452805 1.8203626318318198 1.7967417648361774 
Pedestrian 222 0 -9999.0 -9999.0 -9999.0 -9999.0 1.8011808519170776 0.9754172519171165 0.8997259364624444 -12.61640307374423 6.226861352947572 0.8869085881140741 2.1782560785564193 
Pedestrian 1 0 -9999.0 -9999.0 -9999.0 -9999.0 1.7617489395297996 0.8962574574403286 0.963365933687516 -7.3531791512456355 1.3072294588832416 0.6411695508019668 2.65438242209925 
Car 3 0 -9999.0 -9999.0 -9999.0 -9999.0 1.497421924732449 4.274993790819908 2.215006876834789 -3.060095333543081 -10.918160739519552 1.3083236157215579 2.0360320670104315 
Pedestrian 324 0 -9999.0 -9999.0 -9999.0 -9999.0 1.7342625952305752 0.823781929075537 0.963365933687516 41.49308023766418 -6.747250116083395 -3.1946358291160957 -2.8888055052779187 
Pedestrian 325 0 -9999.0 -9999.0 -9999.0 -9999.0 1.7342625952305752 0.823781929075537 0.8720767755301797 41.289996859434474 -7.36824280634931 -3.167529299224195 -2.8907405355127693 
Car 2 0 -9999.0 -9999.0 -9999.0 -9999.0 1.869817964234 4.069953276501204 2.1371236263150624 -14.960358909095726 -1.6135564374796079 1.5411419429172832 -2.9349840673972096 
Car 1 0 -9999.0 -9999.0 -9999.0 -9999.0 1.563781226033301 2.8241647592695136 1.6755459182934431 -4.171282013955121 -2.9050711256172534 0.6269244841310955 -2.8587234014751424 
Pedestrian 2 0 -9999.0 -9999.0 -9999.0 -9999.0 1.7944659945207295 1.0293865098694976 0.9107676495989551 6.721130003415248 1.2063536066044687 -0.8088891706921392 -3.070489510659872 
Pedestrian 12 0 -9999.0 -9999.0 -9999.0 -9999.0 1.85 0.8304195303104085 0.7980478593464815 -40.48301816924422 7.858004270369408 4.298685735523263 -0.1449043903505025 
Pedestrian 13 0 -9999.0 -9999.0 -9999.0 -9999.0 1.85 0.9178706831151349 0.7423551562594414 -40.83490261650178 6.8858611824077585 4.312456815034911 -0.14693246294131868 
Pedestrian 22 0 -9999.0 -9999.0 -9999.0 -9999.0 1.6923684871820848 0.8932054390458352 0.8277857904868748 15.605025396142944 0.13068045934054345 -1.6798454030561054 -3.0696478342415467 
Car 9 0 -9999.0 -9999.0 -9999.0 -9999.0 2.0110678902370904 3.6491073811456296 1.8973721859405868 26.03370450907785 -9.589762479961442 -1.7211540099729905 1.9565220195637618 
Pedestrian 19 0 -9999.0 -9999.0 -9999.0 -9999.0 1.8928920887638014 0.7068290503330851 0.6784749610722705 -41.332842949465814 3.1743954822411093 4.334508660032666 0.08197832620308532 
Car 5 0 -9999.0 -9999.0 -9999.0 -9999.0 1.8369121115634848 4.774533904144905 2.3211510184741497 -33.796517117842455 -0.22988813975524525 3.508540907779714 -0.15479674201788107 
Pedestrian 230 0 -9999.0 -9999.0 -9999.0 -9999.0 1.6935575153474929 0.7330508550058386 0.695050280878784 -31.698530420144568 1.4560515348637744 3.2796239587571026 0.2167860841242213 
Pedestrian 333 0 -9999.0 -9999.0 -9999.0 -9999.0 1.6935575153474929 0.7330508550058386 0.6474589698422951 -31.790017103573923 2.1921461120797177 3.290024515969403 0.2585274970953275 
Pedestrian 23 0 -9999.0 -9999.0 -9999.0 -9999.0 1.582054991347604 0.5867686807733712 0.7723736730945426 27.366284391396512 -4.261881660252889 -2.511047839069861 -3.0702729509146813 
Pedestrian 24 0 -9999.0 -9999.0 -9999.0 -9999.0 1.6265380204741335 0.7243144439909336 0.760852002866169 27.321244169271672 -4.9989114032856365 -2.462403620845771 -3.0700747683031633 
Car 10 0 -9999.0 -9999.0 -9999.0 -9999.0 2.1574394434890403 5.153142689905318 2.072836565424259 29.03805706116858 -7.777087131002721 -2.0001442203975124 1.9159677800923927 
Car 7 0 -9999.0 -9999.0 -9999.0 -9999.0 1.8372907590833283 5.146615056327163 2.2781257366533887 6.58044144273064 -3.004027691926301 -0.3263191262677314 -2.924498304796833 
