Car 8 0 -9999.0 -9999.0 -9999.0 -9999.0 2.224459528035265 4.514161950701876 2.211367806206943 9.87754138008787 -12.089247151404837 2.327742069628731 2.009187373329862 
Pedestrian 1 0 -9999.0 -9999.0 -9999.0 -9999.0 1.7617489395297996 0.8962574574403286 0.963365933687516 -0.9506886571734288 3.010731460298352 1.6179214145811018 -3.107968012880372 
Car 4 0 -9999.0 -9999.0 -9999.0 -9999.0 1.7992530582778123 4.74691242279456 2.468755016224238 6.57278514852641 0.3521287704454781 1.2331472472636171 -2.9783770266846155 
Car 1 0 -9999.0 -9999.0 -9999.0 -9999.0 1.563781226033301 2.8241647592695136 1.6755459182934431 -4.181950159436016 -2.416587454029782 2.396954159405059 -2.8580654387121918 
Pedestrian 2 0 -9999.0 -9999.0 -9999.0 -9999.0 1.7944659945207295 1.0293865098694976 0.9107676495989551 24.546572906818156 -2.2288976773461586 -0.05286402943926508 -2.6893237391912503 
Pedestrian 26 0 -9999.0 -9999.0 -9999.0 -9999.0 1.8 0.6955528190278748 0.7008922658629957 36.219034749776874 -3.0846677004873015 -0.8179851144369921 0.2909299802124856 
Pedestrian 27 0 -9999.0 -9999.0 -9999.0 -9999.0 1.8 0.7333538995830526 0.7069640180592786 36.01051973901753 -3.785526861952676 -0.7638291030661724 0.2909299802124856 
Pedestrian 22 0 -9999.0 -9999.0 -9999.0 -9999.0 1.6923684871820848 0.8932054390458352 0.8277857904868748 33.05686726427311 -2.62216996672655 -0.5701051499455214 -3.07000269601674 
Pedestrian 6 0 -9999.0 -9999.0 -9999.0 -9999.0 1.4787050870040528 0.63 0.63 44.034810386915254 -7.661738147635325 -1.283582471900985 0.1202636760327227 
Car 9 0 -9999.0 -9999.0 -9999.0 -9999.0 2.0110678902370904 3.6491073811456296 1.8973721859405868 26.130199166217334 -9.321810632290799 0.731210798364384 1.9478464233258954 
Pedestrian 222 0 -9999.0 -9999.0 -9999.0 -9999.0 1.8011808519170776 0.9754172519171165 0.8997259364624444 -11.924346493688477 6.357757635380797 2.5787181847426015 2.1782560785564193 
Pedestrian 23 0 -9999.0 -9999.0 -9999.0 -9999.0 1.582054991347604 0.5867686807733712 0.7723736730945426 41.93177027166742 -7.406719782353094 -1.105781882032861 -2.932569753442925 
Pedestrian 24 0 -9999.0 -9999.0 -9999.0 -9999.0 1.6265380204741335 0.7243144439909336 0.760852002866169 41.302775053637056 -7.635225187422382 -1.0195589800512659 -2.939221901353976 
Pedestrian 444 0 -9999.0 -9999.0 -9999.0 -9999.0 1.502878216947772 0.63 0.63 43.95398273251389 -6.968370834212099 -1.2628093486061902 0.12030502174119384 
Car 10 0 -9999.0 -9999.0 -9999.0 -9999.0 2.1574394434890403 5.153142689905318 2.072836565424259 29.193302610169702 -7.775167366369557 0.29393616190158706 1.921370485026694 
Car 7 0 -9999.0 -9999.0 -9999.0 -9999.0 1.8372907590833283 5.146615056327163 2.2781257366533887 6.815205294863065 -2.6084126911728807 1.58500928997038 -2.924498304796833 
