Pedestrian 15 0 -9999.0 -9999.0 -9999.0 -9999.0 1.6445419931224023 0.9439663483751304 0.7274568616666712 -22.12796336419538 6.428328132684317 2.0108563977293303 1.9483539618186718 
Pedestrian 21 0 -9999.0 -9999.0 -9999.0 -9999.0 1.5486937499742908 1.0873959982889 0.7717083307869881 -17.83136723335055 6.97066253603043 1.8058957425702808 -0.9344182146570787 
Pedestrian 10 0 -9999.0 -9999.0 -9999.0 -9999.0 1.7700520281650824 0.6950127251504835 0.698726805862869 -42.69241138353871 3.44796241346521 4.568799360548944 0.07151788528662983 
Pedestrian 11 0 -9999.0 -9999.0 -9999.0 -9999.0 1.743219227040754 0.6949430683373164 0.6988812923314164 -42.680539818878025 4.182357595830133 4.536672194505005 0.07151788528662983 
Pedestrian 9 0 -9999.0 -9999.0 -9999.0 -9999.0 1.8011808519170776 0.9754172519171165 0.8997259364624444 -11.07376254312564 6.027692408885348 1.2068735817726242 -0.9633365980273716 
Pedestrian 20 0 -9999.0 -9999.0 -9999.0 -9999.0 1.7856978932434147 0.9644830564353185 0.9356425578791832 -17.317073122697156 4.7984734552876 1.925918478070792 1.7967417648361774 
Pedestrian 222 0 -9999.0 -9999.0 -9999.0 -9999.0 1.8011808519170776 0.9754172519171165 0.8997259364624444 -12.59497558818564 6.286730503988795 1.1487872980378069 2.1782560785564193 
Pedestrian 1 0 -9999.0 -9999.0 -9999.0 -9999.0 1.7617489395297996 0.8962574574403286 0.963365933687516 -5.943650008409282 2.1254603137367956 0.6927531541990306 2.65438242209925 
Car 3 0 -9999.0 -9999.0 -9999.0 -9999.0 1.497421924732449 4.274993790819908 2.215006876834789 -2.990747486399615 -10.856162540088258 1.6042459093185952 2.035713818820934 
Pedestrian 324 0 -9999.0 -9999.0 -9999.0 -9999.0 1.7342625952305752 0.823781929075537 0.963365933687516 43.344471544546614 -7.705862590919734 -3.1252257459498742 -2.8222862377337563 
Pedestrian 325 0 -9999.0 -9999.0 -9999.0 -9999.0 1.7342625952305752 0.823781929075537 0.8720767755301797 43.082555098531664 -8.491713540026874 -3.073016992014639 -2.8222862148134666 
Car 2 0 -9999.0 -9999.0 -9999.0 -9999.0 1.869817964234 4.069953276501204 2.1371236263150624 -15.003278321482254 -1.5492305066627472 1.6670382605592697 -2.9349840673972096 
Car 1 0 -9999.0 -9999.0 -9999.0 -9999.0 1.563781226033301 2.8241647592695136 1.6755459182934431 -4.1277093748820315 -2.8591744667000274 0.9076695960759156 -2.8574645705381805 
Pedestrian 2 0 -9999.0 -9999.0 -9999.0 -9999.0 1.7944659945207295 1.0293865098694976 0.9107676495989551 8.955688404890223 1.213472678729711 -0.7321461509662318 -3.0704895106606234 
Pedestrian 12 0 -9999.0 -9999.0 -9999.0 -9999.0 1.85 0.8304195303104085 0.7980478593464815 -41.415944471767475 7.8537308957244525 4.5919563168346285 -0.1449043903505025 
Pedestrian 22 0 -9999.0 -9999.0 -9999.0 -9999.0 1.6923684871820848 0.8932054390458352 0.8277857904868748 17.485978575229296 -0.46852837915786183 -1.563453758984341 -3.0700766314009797 
Car 9 0 -9999.0 -9999.0 -9999.0 -9999.0 2.0110678902370904 3.6491073811456296 1.8973721859405868 26.039017337384745 -9.612132341875121 -1.3775889783233939 1.961153136449031 
Car 5 0 -9999.0 -9999.0 -9999.0 -9999.0 1.8369121115634848 4.774533904144905 2.3211510184741497 -33.81050500517123 -0.11847618610750338 3.6622122445260032 -0.15479674201788107 
Pedestrian 19 0 -9999.0 -9999.0 -9999.0 -9999.0 1.8928920887638014 0.7068290503330851 0.6784749610722705 -42.708746119190224 2.576823032247458 4.6335900549622675 0.08197832620308532 
Pedestrian 230 0 -9999.0 -9999.0 -9999.0 -9999.0 1.6935575153474929 0.7330508550058386 0.695050280878784 -33.87677343908462 1.6542198743707541 3.772848175734632 -0.09659236003489191 
Pedestrian 333 0 -9999.0 -9999.0 -9999.0 -9999.0 1.6935575153474929 0.7330508550058386 0.6474589698422951 -33.98674497903915 2.3163099646790837 3.7886445470215486 -0.11182145070671012 
Pedestrian 23 0 -9999.0 -9999.0 -9999.0 -9999.0 1.582054991347604 0.5867686807733712 0.7723736730945426 28.69023098847546 -4.226213113383338 -2.3054257089105152 -3.0707565812364095 
Pedestrian 24 0 -9999.0 -9999.0 -9999.0 -9999.0 1.6265380204741335 0.7243144439909336 0.760852002866169 28.62939301388814 -4.942212338935205 -2.2471002533144717 -3.070463997455091 
Car 10 0 -9999.0 -9999.0 -9999.0 -9999.0 2.1574394434890403 5.153142689905318 2.072836565424259 29.067451487614807 -7.755558595285419 -1.67937252023217 1.9144675651438554 
Car 7 0 -9999.0 -9999.0 -9999.0 -9999.0 1.8372907590833283 5.146615056327163 2.2781257366533887 6.608415205785665 -2.940687427782178 -0.04366960800643527 -2.924498304796833 
