Pedestrian 15 0 -9999.0 -9999.0 -9999.0 -9999.0 1.6445419931224023 0.9439663483751304 0.7274568616666712 -23.48221237064241 3.3723306813222362 1.978222627171165 1.9483542308199056 
Pedestrian 18 0 -9999.0 -9999.0 -9999.0 -9999.0 1.7917462843484828 0.7713067063640413 0.6942592859985821 -41.13223169233274 5.662656910646263 3.8803717685902095 -0.20726343372793288 
Pedestrian 17 0 -9999.0 -9999.0 -9999.0 -9999.0 1.7139129318266897 0.8143442265930848 0.7556700052514177 -30.60478168526142 10.920605496079746 2.491871941710166 1.3019295772556472 
Pedestrian 10 0 -9999.0 -9999.0 -9999.0 -9999.0 1.7700520281650824 0.6950127251504835 0.698726805862869 -40.771232160063974 3.9910678209183184 3.7909893635801764 0.07151789145899734 
Pedestrian 11 0 -9999.0 -9999.0 -9999.0 -9999.0 1.743219227040754 0.6949430683373164 0.6988812923314164 -40.65833872574175 4.750395688800235 3.8042354701759367 0.07151788528662983 
Pedestrian 9 0 -9999.0 -9999.0 -9999.0 -9999.0 1.8011808519170776 0.9754172519171165 0.8997259364624444 -11.300015507317475 6.218231780700315 0.6498731507426181 -0.9633365980273716 
Pedestrian 20 0 -9999.0 -9999.0 -9999.0 -9999.0 1.7856978932434147 0.9644830564353185 0.9356425578791832 -18.793525137629853 1.4987715263860864 1.895300069883489 1.7967417648361774 
Pedestrian 222 0 -9999.0 -9999.0 -9999.0 -9999.0 1.8011808519170776 0.9754172519171165 0.8997259364624444 -12.48890849961824 6.23278886434313 0.7766118787216664 2.1782560785564193 
Pedestrian 1 0 -9999.0 -9999.0 -9999.0 -9999.0 1.7617489395297996 0.8962574574403286 0.963365933687516 -8.162207283335523 0.8770618154165475 0.626276398452188 2.617944812433917 
Car 3 0 -9999.0 -9999.0 -9999.0 -9999.0 1.497421924732449 4.274993790819908 2.215006876834789 -3.0575064198679187 -10.914577719353112 1.2053377972870116 2.035854287259511 
Pedestrian 324 0 -9999.0 -9999.0 -9999.0 -9999.0 1.7342625952305752 0.823781929075537 0.963365933687516 40.29583669981011 -5.756612279005288 -3.244377787938347 -2.900646878046251 
Pedestrian 325 0 -9999.0 -9999.0 -9999.0 -9999.0 1.7342625952305752 0.823781929075537 0.8720767755301797 40.105291898373764 -6.396807866851443 -3.2164508134078917 -2.9020094462544854 
Car 2 0 -9999.0 -9999.0 -9999.0 -9999.0 1.869817964234 4.069953276501204 2.1371236263150624 -15.066847583324506 -1.6015850395825888 1.460930751069358 -2.934984067397208 
Car 1 0 -9999.0 -9999.0 -9999.0 -9999.0 1.563781226033301 2.8241647592695136 1.6755459182934431 -4.141885774670986 -2.897205738658145 0.5391962402243891 -2.85776545339934 
Pedestrian 2 0 -9999.0 -9999.0 -9999.0 -9999.0 1.7944659945207295 1.0293865098694976 0.9107676495989551 5.3882848478835506 1.371791537344159 -0.7860775828056509 -3.070489510659872 
Pedestrian 12 0 -9999.0 -9999.0 -9999.0 -9999.0 1.85 0.8304195303104085 0.7980478593464815 -40.34599263774977 7.36425004907278 3.94716944055321 -0.1449043903505025 
Pedestrian 13 0 -9999.0 -9999.0 -9999.0 -9999.0 1.85 0.9178706831151349 0.7423551562594414 -40.50863177168978 6.521012052873256 3.9230232507568066 -0.14693246294131868 
Pedestrian 22 0 -9999.0 -9999.0 -9999.0 -9999.0 1.6923684871820848 0.8932054390458352 0.8277857904868748 14.393672309605673 0.5204651571031637 -1.666344220374808 -3.0700747683031633 
Car 9 0 -9999.0 -9999.0 -9999.0 -9999.0 2.0110678902370904 3.6491073811456296 1.8973721859405868 26.015966873724203 -9.590791620724657 -1.9086703080459544 1.9497735228987239 
Pedestrian 19 0 -9999.0 -9999.0 -9999.0 -9999.0 1.8928920887638014 0.7068290503330851 0.6784749610722705 -40.351588554005836 3.04480757181972 3.8433973134593904 0.08197832620308532 
Car 5 0 -9999.0 -9999.0 -9999.0 -9999.0 1.8369121115634848 4.774533904144905 2.3211510184741497 -33.79069495323153 -0.30134400122185306 3.3960588286348172 -0.15479674201788107 
Pedestrian 230 0 -9999.0 -9999.0 -9999.0 -9999.0 1.6935575153474929 0.7330508550058386 0.695050280878784 -30.618362095662814 1.1230216850323014 3.0077718394689454 0.6939158476439911 
Pedestrian 333 0 -9999.0 -9999.0 -9999.0 -9999.0 1.6935575153474929 0.7330508550058386 0.6474589698422951 -30.404168488929763 1.9197044236921952 3.0125419511738527 0.6094863620278836 
Pedestrian 23 0 -9999.0 -9999.0 -9999.0 -9999.0 1.582054991347604 0.5867686807733712 0.7723736730945426 26.48985009934214 -3.9727381082772504 -2.5716775667345098 -3.070193950871399 
Pedestrian 24 0 -9999.0 -9999.0 -9999.0 -9999.0 1.6265380204741335 0.7243144439909336 0.760852002866169 26.524995393251064 -4.783851651861511 -2.5260593721599327 -3.0700487321862155 
Car 10 0 -9999.0 -9999.0 -9999.0 -9999.0 2.1574394434890403 5.153142689905318 2.072836565424259 29.019419165081732 -7.791343042349659 -2.200389875251034 1.91704589117764 
Car 7 0 -9999.0 -9999.0 -9999.0 -9999.0 1.8372907590833283 5.146615056327163 2.2781257366533887 6.589428521463271 -2.9919924251838275 -0.4143327856173936 -2.924498304796833 
