Pedestrian 9 0 -9999.0 -9999.0 -9999.0 -9999.0 1.8011808519170776 0.9754172519171165 0.8997259364624444 -10.965844747597204 6.245233454122371 1.6635726699258595 -0.9633365980273716 
Car 8 0 -9999.0 -9999.0 -9999.0 -9999.0 2.224459528035265 4.514161950701876 2.211367806206943 9.989805359251926 -11.961997519407204 1.2109103248965962 2.0084026169456752 
Pedestrian 222 0 -9999.0 -9999.0 -9999.0 -9999.0 1.8011808519170776 0.9754172519171165 0.8997259364624444 -12.516898270094531 6.3740966250740865 1.8352366645734002 2.1782560785564193 
Pedestrian 1 0 -9999.0 -9999.0 -9999.0 -9999.0 1.7617489395297996 0.8962574574403286 0.963365933687516 -3.311161557127125 2.504205249908661 1.0148582126776424 -2.988769345511745 
Car 4 0 -9999.0 -9999.0 -9999.0 -9999.0 1.7992530582778123 4.74691242279456 2.468755016224238 -21.79607841084245 4.029471161076298 2.886203450862494 -2.995949248635023 
Car 2 0 -9999.0 -9999.0 -9999.0 -9999.0 1.869817964234 4.069953276501204 2.1371236263150624 -14.977632465389934 -1.3248143476798715 2.549469381444659 -2.9349840673972096 
Car 1 0 -9999.0 -9999.0 -9999.0 -9999.0 1.563781226033301 2.8241647592695136 1.6755459182934431 -4.036546626684303 -2.6373692188155315 1.3785396866158328 -2.8608790169070026 
Pedestrian 2 0 -9999.0 -9999.0 -9999.0 -9999.0 1.7944659945207295 1.0293865098694976 0.9107676495989551 15.524255264253421 0.5120490012096697 -0.8156327771683619 -3.0704895571048247 
Pedestrian 26 0 -9999.0 -9999.0 -9999.0 -9999.0 1.8 0.6955528190278748 0.7008922658629957 44.32813797303286 -5.827732125008048 -3.052892596552331 0.34521460640412904 
Pedestrian 27 0 -9999.0 -9999.0 -9999.0 -9999.0 1.8 0.7333538995830526 0.7069640180592786 44.0236262140308 -6.432109063438443 -2.987100253975381 0.3318090799300286 
Pedestrian 22 0 -9999.0 -9999.0 -9999.0 -9999.0 1.6923684871820848 0.8932054390458352 0.8277857904868748 23.940477145570252 -0.8401239105188545 -1.7165776776088792 -3.0700747683031633 
Car 9 0 -9999.0 -9999.0 -9999.0 -9999.0 2.0110678902370904 3.6491073811456296 1.8973721859405868 26.201512958015698 -9.286485030741146 -1.157721791771982 1.9582015821688756 
Car 5 0 -9999.0 -9999.0 -9999.0 -9999.0 1.8369121115634848 4.774533904144905 2.3211510184741497 -33.5717125522403 0.3311873850824272 4.490073643126308 -0.15479674201788107 
Pedestrian 23 0 -9999.0 -9999.0 -9999.0 -9999.0 1.582054991347604 0.5867686807733712 0.7723736730945426 33.3825728316733 -5.096169584909304 -2.6440080314772985 -2.932569753442925 
Pedestrian 24 0 -9999.0 -9999.0 -9999.0 -9999.0 1.6265380204741335 0.7243144439909336 0.760852002866169 33.283180490393974 -5.8636750071814046 -2.58688001429267 -2.939221901353976 
Car 10 0 -9999.0 -9999.0 -9999.0 -9999.0 2.1574394434890403 5.153142689905318 2.072836565424259 29.084536213067764 -7.7474058498072225 -1.46936215489232 1.9124159660777877 
Car 7 0 -9999.0 -9999.0 -9999.0 -9999.0 1.8372907590833283 5.146615056327163 2.2781257366533887 6.6917819083057175 -2.766934696524477 0.4737722993838305 -2.924498304796833 
