Pedestrian 9 0 -9999.0 -9999.0 -9999.0 -9999.0 1.8011808519170776 0.9754172519171165 0.8997259364624444 -11.07059701658871 6.339530742300218 2.1057412099914306 -0.9633365980273716 
Car 8 0 -9999.0 -9999.0 -9999.0 -9999.0 2.224459528035265 4.514161950701876 2.211367806206943 9.98191173306328 -11.998969930942462 1.3905847766101755 2.0077873834795383 
Pedestrian 222 0 -9999.0 -9999.0 -9999.0 -9999.0 1.8011808519170776 0.9754172519171165 0.8997259364624444 -12.362524014035309 6.390222296070159 2.114043044431555 2.1782560785564193 
Pedestrian 1 0 -9999.0 -9999.0 -9999.0 -9999.0 1.7617489395297996 0.8962574574403286 0.963365933687516 -2.0203001642511045 2.4434701291630736 1.2347455401698226 -3.096619077861483 
Car 4 0 -9999.0 -9999.0 -9999.0 -9999.0 1.7992530582778123 4.74691242279456 2.468755016224238 -11.995797127044083 2.2321267595494843 2.3171475742884224 -2.9790656956091315 
Car 2 0 -9999.0 -9999.0 -9999.0 -9999.0 1.869817964234 4.069953276501204 2.1371236263150624 -14.992316513786887 -1.156037780142355 2.8017575884303443 -2.9349840673972096 
Car 1 0 -9999.0 -9999.0 -9999.0 -9999.0 1.563781226033301 2.8241647592695136 1.6755459182934431 -3.9976123685799645 -2.546826886908132 1.7522143649252238 -2.8583207176961505 
Pedestrian 2 0 -9999.0 -9999.0 -9999.0 -9999.0 1.7944659945207295 1.0293865098694976 0.9107676495989551 18.031785189553222 -0.012998371173591218 -0.7886980587507281 -3.070489510659872 
Pedestrian 26 0 -9999.0 -9999.0 -9999.0 -9999.0 1.8 0.6955528190278748 0.7008922658629957 42.21144593632438 -4.916227545989847 -2.8962837683737135 0.34521510045514514 
Pedestrian 27 0 -9999.0 -9999.0 -9999.0 -9999.0 1.8 0.7333538995830526 0.7069640180592786 41.95138290756125 -5.588083342929702 -2.8693288025206423 0.3330197881899206 
Pedestrian 22 0 -9999.0 -9999.0 -9999.0 -9999.0 1.6923684871820848 0.8932054390458352 0.8277857904868748 26.32941289078062 -1.1968750732141413 -1.8019085365666474 -3.0682538125991883 
Car 9 0 -9999.0 -9999.0 -9999.0 -9999.0 2.0110678902370904 3.6491073811456296 1.8973721859405868 26.17827218257938 -9.2573692635936 -0.7998389660468248 1.9607349678587447 
Car 5 0 -9999.0 -9999.0 -9999.0 -9999.0 1.8369121115634848 4.774533904144905 2.3211510184741497 -33.628614325284175 0.25917253912050464 4.795834880768648 -0.15479674201788107 
Pedestrian 23 0 -9999.0 -9999.0 -9999.0 -9999.0 1.582054991347604 0.5867686807733712 0.7723736730945426 35.56722192486314 -5.529621113316452 -2.6258740956294737 -2.932569753442925 
Pedestrian 24 0 -9999.0 -9999.0 -9999.0 -9999.0 1.6265380204741335 0.7243144439909336 0.760852002866169 35.27578951008572 -6.226952178412066 -2.5463222167826807 -2.939221901353976 
Pedestrian 444 0 -9999.0 -9999.0 -9999.0 -9999.0 1.502878216947772 0.63 0.63 48.45561236725979 -7.717576225633892 -3.1386988270669387 0.20504477079532712 
Car 10 0 -9999.0 -9999.0 -9999.0 -9999.0 2.1574394434890403 5.153142689905318 2.072836565424259 29.111291147618033 -7.737438809183325 -1.1277935077167802 1.9131170498542005 
Car 7 0 -9999.0 -9999.0 -9999.0 -9999.0 1.8372907590833283 5.146615056327163 2.2781257366533887 6.820134873093275 -2.644202131614165 0.719810369345479 -2.924498304796833 
