Car 8 0 -9999.0 -9999.0 -9999.0 -9999.0 2.224459528035265 4.514161950701876 2.211367806206943 10.002059095844 -12.082804376947337 2.3416189225112047 2.0053126188422947 
Pedestrian 222 0 -9999.0 -9999.0 -9999.0 -9999.0 1.8011808519170776 0.9754172519171165 0.8997259364624444 -12.359276486991908 6.324394180326767 2.603068259273375 2.1782560785564193 
Pedestrian 1 0 -9999.0 -9999.0 -9999.0 -9999.0 1.7617489395297996 0.8962574574403286 0.963365933687516 -1.088478370651884 2.892659018849861 1.6239891965716216 -3.1079680128854967 
Car 4 0 -9999.0 -9999.0 -9999.0 -9999.0 1.7992530582778123 4.74691242279456 2.468755016224238 3.9531796070063225 0.6512231422954403 1.4425575026745157 -2.978839835679656 
Car 2 0 -9999.0 -9999.0 -9999.0 -9999.0 1.869817964234 4.069953276501204 2.1371236263150624 -15.014543211293118 -1.2763081561952192 3.1500697525806265 -2.9349840673972096 
Car 1 0 -9999.0 -9999.0 -9999.0 -9999.0 1.563781226033301 2.8241647592695136 1.6755459182934431 -4.172938468907944 -2.413075011885023 2.455048469344137 -2.8585027934823284 
Pedestrian 2 0 -9999.0 -9999.0 -9999.0 -9999.0 1.7944659945207295 1.0293865098694976 0.9107676495989551 23.44900142993762 -1.663407497636597 -0.17917887684959288 -2.6893237391912503 
Pedestrian 26 0 -9999.0 -9999.0 -9999.0 -9999.0 1.8 0.6955528190278748 0.7008922658629957 37.260127926869394 -3.0453059167980685 -1.2598809345958852 0.2537913848493911 
Pedestrian 27 0 -9999.0 -9999.0 -9999.0 -9999.0 1.8 0.7333538995830526 0.7069640180592786 37.21420840248995 -3.7422536425578072 -1.2581864267489717 0.2608885894173065 
Pedestrian 22 0 -9999.0 -9999.0 -9999.0 -9999.0 1.6923684871820848 0.8932054390458352 0.8277857904868748 31.92964476681637 -2.4188751245055196 -0.944264294246292 -3.0700747683031633 
Pedestrian 6 0 -9999.0 -9999.0 -9999.0 -9999.0 1.4787050870040528 0.63 0.63 44.73168892288657 -7.653744800035845 -1.698907264649318 0.12030588928255259 
Car 9 0 -9999.0 -9999.0 -9999.0 -9999.0 2.0110678902370904 3.6491073811456296 1.8973721859405868 26.191281026432698 -9.275527279319641 0.46881568440597265 1.940912756685318 
Pedestrian 23 0 -9999.0 -9999.0 -9999.0 -9999.0 1.582054991347604 0.5867686807733712 0.7723736730945426 40.79671187975286 -6.861287975900263 -1.5756647751838186 -2.932569753442925 
Pedestrian 24 0 -9999.0 -9999.0 -9999.0 -9999.0 1.6265380204741335 0.7243144439909336 0.760852002866169 40.164120950097875 -7.208204742622214 -1.490309825360289 -2.939221901353976 
Pedestrian 444 0 -9999.0 -9999.0 -9999.0 -9999.0 1.502878216947772 0.63 0.63 44.63409625117577 -6.950299530270524 -1.6874593199949817 0.12030502174105706 
Car 10 0 -9999.0 -9999.0 -9999.0 -9999.0 2.1574394434890403 5.153142689905318 2.072836565424259 29.175319649509717 -7.782486535954589 0.06630953110255192 1.9192038854866098 
Car 7 0 -9999.0 -9999.0 -9999.0 -9999.0 1.8372907590833283 5.146615056327163 2.2781257366533887 6.819262224112021 -2.586848616017822 1.549856656039812 -2.924498304796833 
