Pedestrian 9 0 -9999.0 -9999.0 -9999.0 -9999.0 1.8011808519170776 0.9754172519171165 0.8997259364624444 -10.928485171811067 6.2452026056873375 1.9441189034343687 -0.9633365980273716 
Car 8 0 -9999.0 -9999.0 -9999.0 -9999.0 2.224459528035265 4.514161950701876 2.211367806206943 10.003300376666587 -12.079887210404827 1.32409654752466 2.007783378259731 
Pedestrian 222 0 -9999.0 -9999.0 -9999.0 -9999.0 1.8011808519170776 0.9754172519171165 0.8997259364624444 -12.378450107518939 6.395168937875524 2.091704753289954 2.1782560785564193 
Pedestrian 1 0 -9999.0 -9999.0 -9999.0 -9999.0 1.7617489395297996 0.8962574574403286 0.963365933687516 -2.4113592326128614 2.414522344465946 1.1480030417831761 -3.0707458410454755 
Car 4 0 -9999.0 -9999.0 -9999.0 -9999.0 1.7992530582778123 4.74691242279456 2.468755016224238 -14.930464474285992 2.757355523026708 2.5289356477141016 -2.9837200598540505 
Car 2 0 -9999.0 -9999.0 -9999.0 -9999.0 1.869817964234 4.069953276501204 2.1371236263150624 -14.974381541457749 -1.2374280831015472 2.7077685143565815 -2.9349840673972096 
Car 1 0 -9999.0 -9999.0 -9999.0 -9999.0 1.563781226033301 2.8241647592695136 1.6755459182934431 -4.013786535923066 -2.6253337053879515 1.6167322225394696 -2.8590840202246124 
Pedestrian 2 0 -9999.0 -9999.0 -9999.0 -9999.0 1.7944659945207295 1.0293865098694976 0.9107676495989551 17.204197009957618 0.17602477311441667 -0.8338366333157975 -3.070489510659872 
Pedestrian 26 0 -9999.0 -9999.0 -9999.0 -9999.0 1.8 0.6955528190278748 0.7008922658629957 42.753774756093556 -5.255426168866656 -3.083700778468518 0.3452146068714157 
Pedestrian 27 0 -9999.0 -9999.0 -9999.0 -9999.0 1.8 0.7333538995830526 0.7069640180592786 42.5325171774658 -5.925670974222698 -3.0270098536939276 0.3326445652449799 
Pedestrian 22 0 -9999.0 -9999.0 -9999.0 -9999.0 1.6923684871820848 0.8932054390458352 0.8277857904868748 25.641507283702442 -1.0729315474165502 -1.7888858434919845 -3.072076809196668 
Car 9 0 -9999.0 -9999.0 -9999.0 -9999.0 2.0110678902370904 3.6491073811456296 1.8973721859405868 26.18320968037649 -9.257146123831221 -0.9396991804852268 1.9586758404527025 
Car 5 0 -9999.0 -9999.0 -9999.0 -9999.0 1.8369121115634848 4.774533904144905 2.3211510184741497 -33.6166896038693 0.21727491204863883 4.576247124936916 -0.15479674201788107 
Pedestrian 23 0 -9999.0 -9999.0 -9999.0 -9999.0 1.582054991347604 0.5867686807733712 0.7723736730945426 34.928583329852586 -5.3601965984210835 -2.5012489024007425 -2.932569753442925 
Pedestrian 24 0 -9999.0 -9999.0 -9999.0 -9999.0 1.6265380204741335 0.7243144439909336 0.760852002866169 34.700993962076204 -6.087409294449303 -2.430056241442834 -2.939221901353976 
Pedestrian 444 0 -9999.0 -9999.0 -9999.0 -9999.0 1.502878216947772 0.63 0.63 48.948744466972926 -8.007920090941555 -3.3253881103146377 0.29753815100366054 
Car 10 0 -9999.0 -9999.0 -9999.0 -9999.0 2.1574394434890403 5.153142689905318 2.072836565424259 29.101106428495886 -7.741391774556009 -1.2569520698007364 1.912797680564129 
Car 7 0 -9999.0 -9999.0 -9999.0 -9999.0 1.8372907590833283 5.146615056327163 2.2781257366533887 6.79384564532281 -2.668209938327018 0.623347178497937 -2.924498304796833 
