Pedestrian 21 0 -9999.0 -9999.0 -9999.0 -9999.0 1.5486937499742908 1.0873959982889 0.7717083307869881 -19.462271595136514 3.3615532940806343 2.2581737698082645 -1.499274462851771 
Pedestrian 9 0 -9999.0 -9999.0 -9999.0 -9999.0 1.8011808519170776 0.9754172519171165 0.8997259364624444 -11.32395661529238 6.466433986877643 1.4464863894163842 -0.9633365980273716 
Car 8 0 -9999.0 -9999.0 -9999.0 -9999.0 2.224459528035265 4.514161950701876 2.211367806206943 9.937669740153211 -12.061870614445318 1.6599407233524432 2.0083831541729005 
Pedestrian 222 0 -9999.0 -9999.0 -9999.0 -9999.0 1.8011808519170776 0.9754172519171165 0.8997259364624444 -12.541128225806341 6.384171119166198 1.5203750946229757 2.1782560785564193 
Pedestrian 1 0 -9999.0 -9999.0 -9999.0 -9999.0 1.7617489395297996 0.8962574574403286 0.963365933687516 -4.737819465756672 2.573161383285803 0.9531020489027899 2.8071816022709974 
Car 4 0 -9999.0 -9999.0 -9999.0 -9999.0 1.7992530582778123 4.74691242279456 2.468755016224238 -34.931105832065725 3.3105196058546347 4.055403951563185 2.9265719517110647 
Car 2 0 -9999.0 -9999.0 -9999.0 -9999.0 1.869817964234 4.069953276501204 2.1371236263150624 -14.930924835397283 -1.2824339384340566 2.277813481667254 -2.9349840673972096 
Car 1 0 -9999.0 -9999.0 -9999.0 -9999.0 1.563781226033301 2.8241647592695136 1.6755459182934431 -4.083772728645705 -2.72910669264773 1.2547093684335162 -2.8571145054172735 
Pedestrian 2 0 -9999.0 -9999.0 -9999.0 -9999.0 1.7944659945207295 1.0293865098694976 0.9107676495989551 12.213808217182429 1.2097449906211613 -0.6890662274692615 -3.0704895097222185 
Pedestrian 27 0 -9999.0 -9999.0 -9999.0 -9999.0 1.8 0.7333538995830526 0.7069640180592786 46.79898751563626 -7.328007811174917 -3.2775914294323902 0.3311658175037202 
Pedestrian 22 0 -9999.0 -9999.0 -9999.0 -9999.0 1.6923684871820848 0.8932054390458352 0.8277857904868748 20.62635259218714 -0.6550380457959067 -1.5712666725181847 -3.0700747683031633 
Car 9 0 -9999.0 -9999.0 -9999.0 -9999.0 2.0110678902370904 3.6491073811456296 1.8973721859405868 26.11543413881282 -9.408937813058799 -1.1657265508580903 1.9512274241038536 
Car 5 0 -9999.0 -9999.0 -9999.0 -9999.0 1.8369121115634848 4.774533904144905 2.3211510184741497 -33.64239218970311 -0.32661583317713194 4.107744723307465 -0.15479674201788107 
Pedestrian 11 0 -9999.0 -9999.0 -9999.0 -9999.0 1.743219227040754 0.6949430683373164 0.6988812923314164 -45.49559807880776 3.7270472590767967 5.402037258075627 0.07151788528662983 
Pedestrian 10 0 -9999.0 -9999.0 -9999.0 -9999.0 1.7700520281650824 0.6950127251504835 0.698726805862869 -45.10038901791477 2.844200016972341 5.410965189466182 0.07151788529042591 
Pedestrian 333 0 -9999.0 -9999.0 -9999.0 -9999.0 1.6935575153474929 0.7330508550058386 0.6474589698422951 -36.56143582087445 1.4485563358814657 4.355950630406827 -0.22242511739648307 
Pedestrian 23 0 -9999.0 -9999.0 -9999.0 -9999.0 1.582054991347604 0.5867686807733712 0.7723736730945426 30.891859524058994 -4.377728519069195 -2.150853398353766 -2.932569753442925 
Pedestrian 24 0 -9999.0 -9999.0 -9999.0 -9999.0 1.6265380204741335 0.7243144439909336 0.760852002866169 30.812343172345123 -5.1392772078556685 -2.095862750783597 -2.939221901353976 
Car 10 0 -9999.0 -9999.0 -9999.0 -9999.0 2.1574394434890403 5.153142689905318 2.072836565424259 29.086471115617396 -7.741743552811787 -1.4710215896897407 1.9129011499349833 
Car 7 0 -9999.0 -9999.0 -9999.0 -9999.0 1.8372907590833283 5.146615056327163 2.2781257366533887 6.65430633146557 -2.880097448070833 0.29385654670109673 -2.924498304796833 
