Pedestrian 15 0 -9999.0 -9999.0 -9999.0 -9999.0 1.6445419931224023 0.9439663483751304 0.7274568616666712 -23.957336225599104 2.080910571956159 2.071650361811204 1.9483542274194257 
Pedestrian 14 0 -9999.0 -9999.0 -9999.0 -9999.0 1.6121585248010888 0.5638807898783634 0.6098700835457089 -32.86461513718361 2.3410365823802923 3.1124413975629754 -0.11036172883264506 
Pedestrian 18 0 -9999.0 -9999.0 -9999.0 -9999.0 1.7917462843484828 0.7713067063640413 0.6942592859985821 -40.963959191679514 4.970422857635535 3.8930317819462723 -0.20726343372793288 
Pedestrian 17 0 -9999.0 -9999.0 -9999.0 -9999.0 1.7139129318266897 0.8143442265930848 0.7556700052514177 -30.26980468219395 9.858243257105386 2.2948753522577965 1.301929634815549 
Pedestrian 10 0 -9999.0 -9999.0 -9999.0 -9999.0 1.7700520281650824 0.6950127251504835 0.698726805862869 -38.88896670546824 3.6611490397256796 3.837943200844773 0.07151788528662983 
Pedestrian 11 0 -9999.0 -9999.0 -9999.0 -9999.0 1.743219227040754 0.6949430683373164 0.6988812923314164 -38.794635229565145 4.501388343922954 3.8757461386262886 0.07151788528662983 
Pedestrian 9 0 -9999.0 -9999.0 -9999.0 -9999.0 1.8011808519170776 0.9754172519171165 0.8997259364624444 -11.244885054660854 6.2206810207014644 0.661215579965082 -0.9633365980273716 
Pedestrian 20 0 -9999.0 -9999.0 -9999.0 -9999.0 1.7856978932434147 0.9644830564353185 0.9356425578791832 -19.639183917427253 -0.04256921134586583 1.925896610649525 1.7967417648361774 
Pedestrian 222 0 -9999.0 -9999.0 -9999.0 -9999.0 1.8011808519170776 0.9754172519171165 0.8997259364624444 -12.531031269341494 6.148615615879706 0.796795800083604 2.1782560785564193 
Pedestrian 1 0 -9999.0 -9999.0 -9999.0 -9999.0 1.7617489395297996 0.8962574574403286 0.963365933687516 -9.378509364789272 0.21176003690255862 0.8748121143819609 2.6705478735087738 
Car 3 0 -9999.0 -9999.0 -9999.0 -9999.0 1.497421924732449 4.274993790819908 2.215006876834789 -3.106298343703247 -10.996363046960406 1.217183579638539 2.035089257886842 
Pedestrian 5 0 -9999.0 -9999.0 -9999.0 -9999.0 1.7974897720650915 0.992589562133693 0.7186775952934377 -22.800854194435484 9.2952916430023 1.6875486087452773 2.6122969487806227 
Pedestrian 8 0 -9999.0 -9999.0 -9999.0 -9999.0 1.8 0.823781929075537 0.963365933687516 -14.067903974409854 8.109553662987476 0.8964804496378946 2.337332891498969 
Pedestrian 324 0 -9999.0 -9999.0 -9999.0 -9999.0 1.7342625952305752 0.823781929075537 0.963365933687516 38.64636317951519 -4.705387692393478 -3.36472137278504 -2.942902975279356 
Pedestrian 325 0 -9999.0 -9999.0 -9999.0 -9999.0 1.7342625952305752 0.823781929075537 0.8720767755301797 38.397238042337996 -5.420125320397821 -3.3136281567845316 -2.9429029356798644 
Pedestrian 300 0 -9999.0 -9999.0 -9999.0 -9999.0 1.719110947049838 0.5942389613524003 0.5598340397973025 -7.010491350969757 6.977126995062638 0.7042377797409414 -1.5232674117228644 
Car 2 0 -9999.0 -9999.0 -9999.0 -9999.0 1.869817964234 4.069953276501204 2.1371236263150624 -14.97297011538195 -1.5012406288620124 1.3504210781154997 -2.9349840673972096 
Car 1 0 -9999.0 -9999.0 -9999.0 -9999.0 1.563781226033301 2.8241647592695136 1.6755459182934431 -4.091665353118758 -2.9115835192509607 0.5503044762675244 -2.8574645705381805 
Pedestrian 2 0 -9999.0 -9999.0 -9999.0 -9999.0 1.7944659945207295 1.0293865098694976 0.9107676495989551 3.3627585073025115 1.6263310277992005 -0.5336734587498815 -3.070489510659872 
Pedestrian 12 0 -9999.0 -9999.0 -9999.0 -9999.0 1.85 0.8304195303104085 0.7980478593464815 -40.44126138676678 6.6325996089023596 3.9821937336619664 -0.1449043903505025 
Pedestrian 13 0 -9999.0 -9999.0 -9999.0 -9999.0 1.85 0.9178706831151349 0.7423551562594414 -40.730590352927955 5.798306265206841 3.9230232507568066 -0.14693246294131868 
Pedestrian 25 0 -9999.0 -9999.0 -9999.0 -9999.0 1.7260692569806146 0.7202761908522434 0.691398761311719 17.10932204521432 -5.528077519216994 -1.2427264234780022 -0.0849305139288461 
Pedestrian 22 0 -9999.0 -9999.0 -9999.0 -9999.0 1.6923684871820848 0.8932054390458352 0.8277857904868748 12.67726626960221 1.0339037800350606 -1.4872017862386735 -3.0700747683031633 
Car 9 0 -9999.0 -9999.0 -9999.0 -9999.0 2.0110678902370904 3.6491073811456296 1.8973721859405868 26.04454299628168 -9.506661385200205 -2.0286589712970664 1.948529806923835 
Pedestrian 16 0 -9999.0 -9999.0 -9999.0 -9999.0 1.7780619257764556 0.6846979994870754 0.7494903408760649 -32.98768924214992 1.4763647750900049 3.2397221350156022 -0.15006197415772604 
Car 5 0 -9999.0 -9999.0 -9999.0 -9999.0 1.8369121115634848 4.774533904144905 2.3211510184741497 -33.66635883008379 -0.3199769895194433 3.3731938266836856 -0.15479674201788107 
Car 15 0 -9999.0 -9999.0 -9999.0 -9999.0 2 4 1.977826084800126 -44.68423266229906 3.770330078551792 3.608793595471418 -0.3023151478075068 
Pedestrian 230 0 -9999.0 -9999.0 -9999.0 -9999.0 1.6935575153474929 0.7330508550058386 0.695050280878784 -29.447640239300494 -0.5282391620949896 2.8962148634276343 0.6100567941362796 
Pedestrian 23 0 -9999.0 -9999.0 -9999.0 -9999.0 1.582054991347604 0.5867686807733712 0.7723736730945426 25.42288116791757 -3.838680907233802 -2.554851269243449 -3.0704215856655317 
Pedestrian 24 0 -9999.0 -9999.0 -9999.0 -9999.0 1.6265380204741335 0.7243144439909336 0.760852002866169 25.26301515001701 -4.459833423343856 -2.496101846350455 -3.0703424530073953 
Car 10 0 -9999.0 -9999.0 -9999.0 -9999.0 2.1574394434890403 5.153142689905318 2.072836565424259 29.006128582868662 -7.805898743527671 -2.319949997895335 1.9186934294972975 
Car 7 0 -9999.0 -9999.0 -9999.0 -9999.0 1.8372907590833283 5.146615056327163 2.2781257366533887 6.6101203147313425 -2.9621154066506166 -0.41096598008238727 -2.924498304796833 
