Car 8 0 -9999.0 -9999.0 -9999.0 -9999.0 2.224459528035265 4.514161950701876 2.211367806206943 9.96091144575519 -11.944224809240072 2.3930641991891366 2.003733789216346 
Pedestrian 222 0 -9999.0 -9999.0 -9999.0 -9999.0 1.8011808519170776 0.9754172519171165 0.8997259364624444 -12.435652200965174 6.479537106351628 2.487193177236221 2.1782560785564193 
Pedestrian 1 0 -9999.0 -9999.0 -9999.0 -9999.0 1.7617489395297996 0.8962574574403286 0.963365933687516 -1.276600173036821 2.867499366557803 1.5253435334312804 -3.107968092377206 
Car 4 0 -9999.0 -9999.0 -9999.0 -9999.0 1.7992530582778123 4.74691242279456 2.468755016224238 0.619336443358025 0.7586410866436462 1.5622886728892873 -2.9788254886803998 
Car 2 0 -9999.0 -9999.0 -9999.0 -9999.0 1.869817964234 4.069953276501204 2.1371236263150624 -14.96625307733626 -1.1404308697999783 3.1859961851389578 -2.9349840673972096 
Car 1 0 -9999.0 -9999.0 -9999.0 -9999.0 1.563781226033301 2.8241647592695136 1.6755459182934431 -4.136027394533375 -2.375661802990106 2.2259124249072544 -2.8572984680140365 
Pedestrian 2 0 -9999.0 -9999.0 -9999.0 -9999.0 1.7944659945207295 1.0293865098694976 0.9107676495989551 22.241293267798547 -1.1448365236428093 -0.32384988842172213 -2.849542693802835 
Pedestrian 26 0 -9999.0 -9999.0 -9999.0 -9999.0 1.8 0.6955528190278748 0.7008922658629957 38.55711377140552 -3.8153470746352918 -1.4968175177415346 0.34496292700765263 
Pedestrian 27 0 -9999.0 -9999.0 -9999.0 -9999.0 1.8 0.7333538995830526 0.7069640180592786 38.32298186090615 -4.4702042114766165 -1.4285723848896488 0.3346527333423719 
Pedestrian 22 0 -9999.0 -9999.0 -9999.0 -9999.0 1.6923684871820848 0.8932054390458352 0.8277857904868748 30.422460611710722 -2.2210027861797808 -1.0344314058747834 -3.0700747683031633 
Pedestrian 6 0 -9999.0 -9999.0 -9999.0 -9999.0 1.4787050870040528 0.63 0.63 45.8184306741339 -7.532249046462572 -1.9274583398605374 0.12030502174119384 
Car 9 0 -9999.0 -9999.0 -9999.0 -9999.0 2.0110678902370904 3.6491073811456296 1.8973721859405868 26.23687820778195 -9.211657593991118 0.041513623845255254 1.9506262609216005 
Pedestrian 23 0 -9999.0 -9999.0 -9999.0 -9999.0 1.582054991347604 0.5867686807733712 0.7723736730945426 39.242374617360234 -6.2518781495873545 -1.523994509321603 -2.932569753442923 
Pedestrian 24 0 -9999.0 -9999.0 -9999.0 -9999.0 1.6265380204741335 0.7243144439909336 0.760852002866169 39.02800214783655 -6.942054300813767 -1.4363271599353198 -2.939221901353976 
Pedestrian 444 0 -9999.0 -9999.0 -9999.0 -9999.0 1.502878216947772 0.63 0.63 45.88037958501437 -6.906800862624027 -1.909385794231154 0.12030502174119384 
Car 10 0 -9999.0 -9999.0 -9999.0 -9999.0 2.1574394434890403 5.153142689905318 2.072836565424259 29.158848759811374 -7.7695952045139025 -0.2488029841638152 1.9169455794290418 
Car 7 0 -9999.0 -9999.0 -9999.0 -9999.0 1.8372907590833283 5.146615056327163 2.2781257366533887 6.796313690587809 -2.6022788833237414 1.4287245738103866 -2.924498304796833 
