Pedestrian 9 0 -9999.0 -9999.0 -9999.0 -9999.0 1.8011808519170776 0.9754172519171165 0.8997259364624444 -11.107123921083378 6.286441778909407 2.2604376441710063 -0.9633365980273716 
Car 8 0 -9999.0 -9999.0 -9999.0 -9999.0 2.224459528035265 4.514161950701876 2.211367806206943 9.923063431296553 -12.098845284604801 1.582748343636112 2.0084876549478743 
Pedestrian 222 0 -9999.0 -9999.0 -9999.0 -9999.0 1.8011808519170776 0.9754172519171165 0.8997259364624444 -12.430253430127495 6.294893894086762 2.3384931972212937 2.1782560785564193 
Pedestrian 1 0 -9999.0 -9999.0 -9999.0 -9999.0 1.7617489395297996 0.8962574574403286 0.963365933687516 -1.6164150720032324 2.6303902321882227 1.3621247263482894 -3.1083290132266335 
Car 4 0 -9999.0 -9999.0 -9999.0 -9999.0 1.7992530582778123 4.74691242279456 2.468755016224238 -8.219963936457894 1.6621718775011933 2.1368087899069477 -2.980234748439745 
Car 2 0 -9999.0 -9999.0 -9999.0 -9999.0 1.869817964234 4.069953276501204 2.1371236263150624 -15.039467900982231 -1.2136819706836859 3.068528041372893 -2.934984067397208 
Car 1 0 -9999.0 -9999.0 -9999.0 -9999.0 1.563781226033301 2.8241647592695136 1.6755459182934431 -4.030392924544898 -2.421031658438621 1.9583872446673682 -2.8595101717595295 
Pedestrian 2 0 -9999.0 -9999.0 -9999.0 -9999.0 1.7944659945207295 1.0293865098694976 0.9107676495989551 18.998423520932175 -0.2624845986390641 -0.6678613709934945 -3.070489510659872 
Pedestrian 26 0 -9999.0 -9999.0 -9999.0 -9999.0 1.8 0.6955528190278748 0.7008922658629957 41.31263901113767 -4.566199203837942 -2.661327844659011 0.34521536959804866 
Pedestrian 27 0 -9999.0 -9999.0 -9999.0 -9999.0 1.8 0.7333538995830526 0.7069640180592786 41.058954525752945 -5.298732975323932 -2.664517035640976 0.33349335087603205 
Pedestrian 22 0 -9999.0 -9999.0 -9999.0 -9999.0 1.6923684871820848 0.8932054390458352 0.8277857904868748 27.293512552734697 -1.3701032447551704 -1.6299768652697137 -3.0700747683031633 
Pedestrian 6 0 -9999.0 -9999.0 -9999.0 -9999.0 1.4787050870040528 0.63 0.63 47.9439740711316 -7.94943405558263 -3.1332403917087968 0.12030502174119384 
Car 9 0 -9999.0 -9999.0 -9999.0 -9999.0 2.0110678902370904 3.6491073811456296 1.8973721859405868 26.187401390359348 -9.281361283459624 -0.5967756833998685 1.9671510994106214 
Car 5 0 -9999.0 -9999.0 -9999.0 -9999.0 1.8369121115634848 4.774533904144905 2.3211510184741497 -33.70047537093803 0.6045854628802431 5.041657418916424 -0.15479674201788107 
Pedestrian 23 0 -9999.0 -9999.0 -9999.0 -9999.0 1.582054991347604 0.5867686807733712 0.7723736730945426 36.38442512359301 -5.56277335355477 -2.4175908136645017 -2.932569753442925 
Pedestrian 24 0 -9999.0 -9999.0 -9999.0 -9999.0 1.6265380204741335 0.7243144439909336 0.760852002866169 36.07806292701402 -6.239799404132702 -2.318494213354157 -2.9392219013538927 
Pedestrian 444 0 -9999.0 -9999.0 -9999.0 -9999.0 1.502878216947772 0.63 0.63 47.90690851793393 -7.241506745953354 -3.1354471819292886 0.12030502174119384 
Car 10 0 -9999.0 -9999.0 -9999.0 -9999.0 2.1574394434890403 5.153142689905318 2.072836565424259 29.125036233444085 -7.73344407291943 -0.9463182107159089 1.9136988607264627 
Car 7 0 -9999.0 -9999.0 -9999.0 -9999.0 1.8372907590833283 5.146615056327163 2.2781257366533887 6.81180605494556 -2.6393076461455167 0.8860650883195611 -2.924498304796833 
