Pedestrian 9 0 -9999.0 -9999.0 -9999.0 -9999.0 1.8011808519170776 0.9754172519171165 0.8997259364624444 -11.178033038486491 6.194515717510009 2.400888543283757 -0.9633365980273716 
Car 8 0 -9999.0 -9999.0 -9999.0 -9999.0 2.224459528035265 4.514161950701876 2.211367806206943 9.985806227449565 -12.040781557954523 1.8309937727238754 2.0093580009883567 
Pedestrian 222 0 -9999.0 -9999.0 -9999.0 -9999.0 1.8011808519170776 0.9754172519171165 0.8997259364624444 -12.610582473358594 6.110381325444662 2.5541181415143734 2.1782560785564193 
Pedestrian 1 0 -9999.0 -9999.0 -9999.0 -9999.0 1.7617489395297996 0.8962574574403286 0.963365933687516 -1.1356460853840853 2.761292707604303 1.56420830235589 -3.1079680128854967 
Car 4 0 -9999.0 -9999.0 -9999.0 -9999.0 1.7992530582778123 4.74691242279456 2.468755016224238 -4.274751453037034 1.0579097385967509 2.0314788591507096 -2.9779884837500887 
Car 2 0 -9999.0 -9999.0 -9999.0 -9999.0 1.869817964234 4.069953276501204 2.1371236263150624 -15.065920317650345 -1.2413243002656111 3.063353597120914 -2.9349840673972096 
Car 1 0 -9999.0 -9999.0 -9999.0 -9999.0 1.563781226033301 2.8241647592695136 1.6755459182934431 -4.098838521976142 -2.464065442844692 2.172935868046313 -2.8595113155915612 
Pedestrian 2 0 -9999.0 -9999.0 -9999.0 -9999.0 1.7944659945207295 1.0293865098694976 0.9107676495989551 20.263289334731642 -0.4852441610927173 -0.5658531223229939 -2.9440256217804937 
Pedestrian 26 0 -9999.0 -9999.0 -9999.0 -9999.0 1.8 0.6955528190278748 0.7008922658629957 40.15895277608588 -4.3859556307066425 -2.524658656520863 0.3452146068714157 
Pedestrian 27 0 -9999.0 -9999.0 -9999.0 -9999.0 1.8 0.7333538995830526 0.7069640180592786 39.95665204538382 -5.003956579688517 -2.4820275422723945 0.33403784603173925 
Pedestrian 22 0 -9999.0 -9999.0 -9999.0 -9999.0 1.6923684871820848 0.8932054390458352 0.8277857904868748 28.461688063288975 -1.6956418473071941 -1.4919684752627433 -3.0700560145937317 
Pedestrian 6 0 -9999.0 -9999.0 -9999.0 -9999.0 1.4787050870040528 0.63 0.63 47.1019747434314 -7.718904885433849 -2.9321589099647474 0.12030502174119384 
Car 9 0 -9999.0 -9999.0 -9999.0 -9999.0 2.0110678902370904 3.6491073811456296 1.8973721859405868 26.21331608295145 -9.299200378816172 -0.3431779090386205 1.9716907094611926 
Car 5 0 -9999.0 -9999.0 -9999.0 -9999.0 1.8369121115634848 4.774533904144905 2.3211510184741497 -33.43487947958616 0.03008382708974175 5.200306426663029 -0.15479674201788107 
Pedestrian 23 0 -9999.0 -9999.0 -9999.0 -9999.0 1.582054991347604 0.5867686807733712 0.7723736730945426 37.36342140354479 -5.782153386797893 -2.371603884266682 -2.932569753442925 
Pedestrian 24 0 -9999.0 -9999.0 -9999.0 -9999.0 1.6265380204741335 0.7243144439909336 0.760852002866169 37.16465992446269 -6.406607645910669 -2.3046255278037493 -2.939221901353976 
Pedestrian 444 0 -9999.0 -9999.0 -9999.0 -9999.0 1.502878216947772 0.63 0.63 47.1681668821453 -7.007817517897276 -2.927639970547343 0.12030502174119384 
Car 10 0 -9999.0 -9999.0 -9999.0 -9999.0 2.1574394434890403 5.153142689905318 2.072836565424259 29.14050873148105 -7.736841158533894 -0.6990534054425839 1.9146933478712107 
Car 7 0 -9999.0 -9999.0 -9999.0 -9999.0 1.8372907590833283 5.146615056327163 2.2781257366533887 6.777079719744267 -2.64521346752377 1.1193991121738833 -2.924498304796833 
