Pedestrian 9 0 -9999.0 -9999.0 -9999.0 -9999.0 1.8011808519170776 0.9754172519171165 0.8997259364624444 -11.115382256276288 6.308199778844108 2.2216233133932226 -0.9633365980273716 
Car 8 0 -9999.0 -9999.0 -9999.0 -9999.0 2.224459528035265 4.514161950701876 2.211367806206943 9.929496225854244 -12.080148428761373 1.5335492033441054 2.008253975655677 
Pedestrian 222 0 -9999.0 -9999.0 -9999.0 -9999.0 1.8011808519170776 0.9754172519171165 0.8997259364624444 -12.405512673981738 6.325734838809397 2.2719284571657914 2.1782560785564193 
Pedestrian 1 0 -9999.0 -9999.0 -9999.0 -9999.0 1.7617489395297996 0.8962574574403286 0.963365933687516 -1.6998482361705656 2.566068725244862 1.3332285294750417 -3.1079680128854967 
Car 4 0 -9999.0 -9999.0 -9999.0 -9999.0 1.7992530582778123 4.74691242279456 2.468755016224238 -9.103891986644978 1.7797149739859257 2.2066899128848516 -2.978488701201657 
Car 2 0 -9999.0 -9999.0 -9999.0 -9999.0 1.869817964234 4.069953276501204 2.1371236263150624 -15.037267254489759 -1.1956358140834147 3.03286805943484 -2.9349840673972096 
Car 1 0 -9999.0 -9999.0 -9999.0 -9999.0 1.563781226033301 2.8241647592695136 1.6755459182934431 -4.017883537716662 -2.4449202497831872 1.905844310557369 -2.859135017871793 
Pedestrian 2 0 -9999.0 -9999.0 -9999.0 -9999.0 1.7944659945207295 1.0293865098694976 0.9107676495989551 18.869776761491853 -0.2040218827085558 -0.7260984751189379 -3.070489510659872 
Pedestrian 26 0 -9999.0 -9999.0 -9999.0 -9999.0 1.8 0.6955528190278748 0.7008922658629957 41.553649076144545 -4.633136417685681 -2.673819081267802 0.3452156821071659 
Pedestrian 27 0 -9999.0 -9999.0 -9999.0 -9999.0 1.8 0.7333538995830526 0.7069640180592786 41.28915233006983 -5.385261757517263 -2.698605048367266 0.3333813964057839 
Pedestrian 22 0 -9999.0 -9999.0 -9999.0 -9999.0 1.6923684871820848 0.8932054390458352 0.8277857904868748 27.049055819433107 -1.3186195815077664 -1.6859270541034523 -3.0695491229039735 
Car 9 0 -9999.0 -9999.0 -9999.0 -9999.0 2.0110678902370904 3.6491073811456296 1.8973721859405868 26.183668200759616 -9.274201068026237 -0.6481565688539961 1.9654142943861892 
Car 5 0 -9999.0 -9999.0 -9999.0 -9999.0 1.8369121115634848 4.774533904144905 2.3211510184741497 -33.66173058349061 0.4003215689430287 4.999077387296029 -0.15479674201788107 
Pedestrian 23 0 -9999.0 -9999.0 -9999.0 -9999.0 1.582054991347604 0.5867686807733712 0.7723736730945426 36.09643557337036 -5.663938765387645 -2.4059178931491534 -2.932569753442925 
Pedestrian 24 0 -9999.0 -9999.0 -9999.0 -9999.0 1.6265380204741335 0.7243144439909336 0.760852002866169 35.78710352502209 -6.355424954815201 -2.324731743195843 -2.939221901353976 
Pedestrian 444 0 -9999.0 -9999.0 -9999.0 -9999.0 1.502878216947772 0.63 0.63 47.940483847960884 -7.218869014602555 -2.9517502777375904 0.12030502174119384 
Car 10 0 -9999.0 -9999.0 -9999.0 -9999.0 2.1574394434890403 5.153142689905318 2.072836565424259 29.121669447588726 -7.734106560154308 -0.9924813904850788 1.9135368349376858 
Car 7 0 -9999.0 -9999.0 -9999.0 -9999.0 1.8372907590833283 5.146615056327163 2.2781257366533887 6.817408142200625 -2.6384564900655008 0.8415991690839538 -2.924498304796833 
