Pedestrian 15 0 -9999.0 -9999.0 -9999.0 -9999.0 1.6445419931224023 0.9439663483751304 0.7274568616666712 -23.99448179089322 1.8878036630489305 2.154379135393374 1.9483542274211434 
Pedestrian 14 0 -9999.0 -9999.0 -9999.0 -9999.0 1.6121585248010888 0.5638807898783634 0.6098700835457089 -32.685920812298725 2.3776791743278025 3.0670965456583037 -0.10956444005734589 
Pedestrian 18 0 -9999.0 -9999.0 -9999.0 -9999.0 1.7917462843484828 0.7713067063640413 0.6942592859985821 -40.80506611724038 4.818532114475359 3.8807238307708136 -0.20726343372793288 
Pedestrian 17 0 -9999.0 -9999.0 -9999.0 -9999.0 1.7139129318266897 0.8143442265930848 0.7556700052514177 -30.25409942221209 9.77996558662559 2.3489955547542767 1.4909672447335183 
Pedestrian 10 0 -9999.0 -9999.0 -9999.0 -9999.0 1.7700520281650824 0.6950127251504835 0.698726805862869 -38.646799567707404 3.73847926493233 3.8317092864503235 0.07151788573434548 
Pedestrian 11 0 -9999.0 -9999.0 -9999.0 -9999.0 1.743219227040754 0.6949430683373164 0.6988812923314164 -38.487100808336905 4.548613653848877 3.849140305264483 0.07151788528662983 
Pedestrian 9 0 -9999.0 -9999.0 -9999.0 -9999.0 1.8011808519170776 0.9754172519171165 0.8997259364624444 -11.22447682349822 6.214139686613643 0.6629908092390928 -0.9633365980273716 
Pedestrian 20 0 -9999.0 -9999.0 -9999.0 -9999.0 1.7856978932434147 0.9644830564353185 0.9356425578791832 -19.690001271019977 -0.20063172937670623 2.014900842128563 1.7967417648361774 
Pedestrian 222 0 -9999.0 -9999.0 -9999.0 -9999.0 1.8011808519170776 0.9754172519171165 0.8997259364624444 -12.529056260898859 6.173725719727337 0.805097595797463 2.1782560785564193 
Pedestrian 1 0 -9999.0 -9999.0 -9999.0 -9999.0 1.7617489395297996 0.8962574574403286 0.963365933687516 -9.510031434832678 0.1547753572271271 0.906546874615742 2.6933160941329604 
Car 3 0 -9999.0 -9999.0 -9999.0 -9999.0 1.497421924732449 4.274993790819908 2.215006876834789 -3.0664176215374073 -10.91441028511313 1.2465133272549207 2.035854287259511 
Pedestrian 3 0 -9999.0 -9999.0 -9999.0 -9999.0 1.262461173550971 0.8656375095412872 0.8043813596525365 -14.63756905347039 6.5913965718396925 0.831943994735345 2.339123075712738 
Pedestrian 5 0 -9999.0 -9999.0 -9999.0 -9999.0 1.7974897720650915 0.992589562133693 0.7186775952934377 -22.88850665182341 9.17299397994603 1.7181446720809592 2.6122969487805463 
Pedestrian 8 0 -9999.0 -9999.0 -9999.0 -9999.0 1.8 0.823781929075537 0.963365933687516 -14.133970010461503 8.024668548404554 0.919693581940466 2.337332891498969 
Pedestrian 324 0 -9999.0 -9999.0 -9999.0 -9999.0 1.7342625952305752 0.823781929075537 0.963365933687516 38.415650868819455 -4.6353812264563725 -3.3594338462743365 -2.946135671787829 
Pedestrian 325 0 -9999.0 -9999.0 -9999.0 -9999.0 1.7342625952305752 0.823781929075537 0.8720767755301797 38.154453736163504 -5.328836381877631 -3.318690186105832 -2.942175086842841 
Pedestrian 300 0 -9999.0 -9999.0 -9999.0 -9999.0 1.719110947049838 0.5942389613524003 0.5598340397973025 -6.978783311156501 6.961604135929278 0.7079656099353272 -1.5232681214297106 
Car 2 0 -9999.0 -9999.0 -9999.0 -9999.0 1.869817964234 4.069953276501204 2.1371236263150624 -14.982343254211852 -1.507052699776643 1.371002422608769 -2.9349840673972096 
Car 1 0 -9999.0 -9999.0 -9999.0 -9999.0 1.563781226033301 2.8241647592695136 1.6755459182934431 -4.088521587143235 -2.9071316206868607 0.5538524336131998 -2.8574859276854845 
Pedestrian 2 0 -9999.0 -9999.0 -9999.0 -9999.0 1.7944659945207295 1.0293865098694976 0.9107676495989551 3.052978101092294 1.6741100922053849 -0.47180904101086346 -3.070489510659872 
Pedestrian 12 0 -9999.0 -9999.0 -9999.0 -9999.0 1.85 0.8304195303104085 0.7980478593464815 -40.36971742055607 6.7176996410837475 3.928198330338483 -0.1449043903505025 
Pedestrian 13 0 -9999.0 -9999.0 -9999.0 -9999.0 1.85 0.9178706831151349 0.7423551562594414 -40.6798161409162 5.717357899376118 3.9230232507568066 -0.14693246294131868 
Pedestrian 25 0 -9999.0 -9999.0 -9999.0 -9999.0 1.7260692569806146 0.7202761908522434 0.691398761311719 17.58131353213485 -5.575419581952993 -1.2703857299943937 -0.0849305139288461 
Pedestrian 22 0 -9999.0 -9999.0 -9999.0 -9999.0 1.6923684871820848 0.8932054390458352 0.8277857904868748 12.391734586784418 1.05538545214533 -1.4779211000476729 -3.0700747683031633 
Car 9 0 -9999.0 -9999.0 -9999.0 -9999.0 2.0110678902370904 3.6491073811456296 1.8973721859405868 26.053234325631134 -9.487378100956322 -2.035878975120237 1.9490484421015957 
Pedestrian 16 0 -9999.0 -9999.0 -9999.0 -9999.0 1.7780619257764556 0.6846979994870754 0.7494903408760649 -32.77127108651981 1.5708512710113922 3.1926906406223194 -0.12793515035355618 
Car 5 0 -9999.0 -9999.0 -9999.0 -9999.0 1.8369121115634848 4.774533904144905 2.3211510184741497 -33.65255584040871 -0.287197047304419 3.3692190738324346 -0.15479674201788107 
Car 15 0 -9999.0 -9999.0 -9999.0 -9999.0 2 4 1.977826084800126 -44.66118364249111 4.050242493776747 3.616505463117453 -0.3023151478075068 
Pedestrian 230 0 -9999.0 -9999.0 -9999.0 -9999.0 1.6935575153474929 0.7330508550058386 0.695050280878784 -29.37646637301307 -0.5913871181343947 2.8636138417152215 0.6099446467119076 
Pedestrian 23 0 -9999.0 -9999.0 -9999.0 -9999.0 1.582054991347604 0.5867686807733712 0.7723736730945426 25.303991436232252 -3.7288363805191636 -2.433262044200432 -3.070238867510806 
Pedestrian 24 0 -9999.0 -9999.0 -9999.0 -9999.0 1.6265380204741335 0.7243144439909336 0.760852002866169 25.06173355500698 -4.40114152904009 -2.367603406186651 -3.0701442146539755 
Pedestrian 666 0 -9999.0 -9999.0 -9999.0 -9999.0 1.7974897720650915 0.9314450322483807 0.7186775952934377 -23.246054783156193 9.77655359022099 1.7421726804157796 2.6122969489024044 
Car 10 0 -9999.0 -9999.0 -9999.0 -9999.0 2.1574394434890403 5.153142689905318 2.072836565424259 29.005437368231952 -7.807442198705007 -2.3220073050034915 1.9189393809359565 
Car 7 0 -9999.0 -9999.0 -9999.0 -9999.0 1.8372907590833283 5.146615056327163 2.2781257366533887 6.6133148152265315 -2.9570970114400024 -0.4054023785000635 -2.924498304796833 
