pedestrian 1 -1 -1 -10 -99999.00 -99999.00 -99999.00 -99999.00 1.76 0.54 0.67 -4.4107050995826205 5.84464033916182 -0.0077350086149561275 0.12
pedestrian 3 -1 -1 -10 -99999.00 -99999.00 -99999.00 -99999.00 1.49 0.48 0.69 7.377759408989149 6.7657897580861635 -0.0534326908219009 -2.92
pedestrian 4 -1 -1 -10 -99999.00 -99999.00 -99999.00 -99999.00 1.71 0.56 0.62 9.155999193714328 7.042001472672864 0.01985002709725379 -2.9
pedestrian 10 -1 -1 -10 -99999.00 -99999.00 -99999.00 -99999.00 1.56 0.39 0.46 0.3692688623074039 -2.138730327878191 -0.13517800096258895 -2.78
pedestrian 19 -1 -1 -10 -99999.00 -99999.00 -99999.00 -99999.00 1.57 0.33 0.63 6.734139033399559 -3.1165236925351585 -0.20187013823607358 -3.0
pedestrian 11 -1 -1 -10 -99999.00 -99999.00 -99999.00 -99999.00 1.67 0.76 0.65 9.69112750011019 -2.246196603760396 -0.1831627523905722 -2.96
pedestrian 12 -1 -1 -10 -99999.00 -99999.00 -99999.00 -99999.00 1.61 0.57 0.56 11.048751438945597 -1.521453704322083 -0.18539219509500612 -2.82
pedestrian 7 -1 -1 -10 -99999.00 -99999.00 -99999.00 -99999.00 1.49 0.81 0.66 -8.810079903161995 -4.8307932087538195 -0.2953456858650345 -3.05
pedestrian 9 -1 -1 -10 -99999.00 -99999.00 -99999.00 -99999.00 1.7 0.73 0.65 -5.59181603219347 -2.029535402317411 -0.12320516565620913 -2.79
pedestrian 8 -1 -1 -10 -99999.00 -99999.00 -99999.00 -99999.00 1.49 0.84 0.49 -2.5657755914723155 -3.678983521755368 -0.12359555355011426 -2.97
