pedestrian 1 -1 -1 -10 -99999.00 -99999.00 -99999.00 -99999.00 1.68 0.57 0.77 -5.349248823694 5.711359918835997 -0.09002721656269277 -1.06
pedestrian 3 -1 -1 -10 -99999.00 -99999.00 -99999.00 -99999.00 1.56 0.75 0.63 1.4293795519305978 3.985002290515928 -0.24131067341808868 -2.3
pedestrian 5 -1 -1 -10 -99999.00 -99999.00 -99999.00 -99999.00 1.48 0.69 0.66 7.942140768511809 5.497752260153294 -0.046044534116435165 3.11
pedestrian 18 -1 -1 -10 -99999.00 -99999.00 -99999.00 -99999.00 1.55 0.56 0.64 11.373047609505619 5.0097282406786166 0.03887192387409553 3.1
pedestrian 6 -1 -1 -10 -99999.00 -99999.00 -99999.00 -99999.00 1.48 0.33 0.52 12.814486189491113 4.86475569256787 -0.022265465861458847 3.07
pedestrian 19 -1 -1 -10 -99999.00 -99999.00 -99999.00 -99999.00 1.61 0.87 0.59 -0.9748569236690279 -3.903431984766454 -0.12277100096024642 3.04
pedestrian 11 -1 -1 -10 -99999.00 -99999.00 -99999.00 -99999.00 1.76 0.88 0.55 0.9220629826948367 -3.17680413356392 -0.06793638874045362 -3.12
pedestrian 12 -1 -1 -10 -99999.00 -99999.00 -99999.00 -99999.00 1.55 0.89 0.63 1.890996765619795 -2.443422649100966 -0.17526263228621033 3.09
pedestrian 20 -1 -1 -10 -99999.00 -99999.00 -99999.00 -99999.00 1.53 0.62 0.63 14.048414871487628 -2.430976145121579 0.10389697019172349 -3.01
pedestrian 9 -1 -1 -10 -99999.00 -99999.00 -99999.00 -99999.00 1.19 0.43 0.59 -14.813255976314005 -0.5817282250322446 -0.46393927662809353 -3.05
pedestrian 10 -1 -1 -10 -99999.00 -99999.00 -99999.00 -99999.00 1.51 0.81 0.78 -7.304032523970515 -1.2055094728814781 -0.18562273452870673 -3.09
