pedestrian 1 -1 -1 -10 -99999.00 -99999.00 -99999.00 -99999.00 1.77 0.54 0.74 -6.008725795345534 5.539057124600124 -0.08865938622488295 -0.04
pedestrian 5 -1 -1 -10 -99999.00 -99999.00 -99999.00 -99999.00 1.58 0.65 0.63 -1.050297765857647 6.326366064516133 -0.14376028927730705 2.98
pedestrian 18 -1 -1 -10 -99999.00 -99999.00 -99999.00 -99999.00 1.61 0.53 0.5 2.5725287700064157 5.209009106985939 -0.036329751262894276 3.1
pedestrian 6 -1 -1 -10 -99999.00 -99999.00 -99999.00 -99999.00 1.59 0.62 0.51 4.872570816981115 5.407036447695934 -0.07622654912637056 3.07
pedestrian 21 -1 -1 -10 -99999.00 -99999.00 -99999.00 -99999.00 1.55 0.65 0.65 5.546409811443497 4.32938176387372 -0.07740637028679762 3.04
pedestrian 20 -1 -1 -10 -99999.00 -99999.00 -99999.00 -99999.00 1.75 0.62 0.77 5.181000212886543 -2.781936273625106 -0.062188130366262154 -3.11
pedestrian 22 -1 -1 -10 -99999.00 -99999.00 -99999.00 -99999.00 1.57 0.76 0.6 10.796881602301307 -4.032345981911095 -0.13868506788040086 3.08
pedestrian 19 -1 -1 -10 -99999.00 -99999.00 -99999.00 -99999.00 1.56 0.57 0.69 -8.866174930224721 -4.1709717622704385 -0.0060551628619268 2.9
pedestrian 11 -1 -1 -10 -99999.00 -99999.00 -99999.00 -99999.00 1.82 0.62 0.74 -7.541357987598083 -2.7163380297843953 0.011287640923194727 3.09
pedestrian 12 -1 -1 -10 -99999.00 -99999.00 -99999.00 -99999.00 1.51 0.8 0.72 -7.222504141039108 -1.7952266262863565 -0.14455204234271213 3.09
pedestrian 3 -1 -1 -10 -99999.00 -99999.00 -99999.00 -99999.00 1.49 0.88 0.7 -5.862411500873775 1.3495364361979618 -0.21675516556011615 -2.8
