pedestrian 1 -1 -1 -10 -99999.00 -99999.00 -99999.00 -99999.00 1.61 0.69 0.74 -5.648025794541117 5.630313210798807 -0.16394441894316344 -0.04
pedestrian 3 -1 -1 -10 -99999.00 -99999.00 -99999.00 -99999.00 1.71 0.73 0.51 -0.7576272334484372 3.027363551641687 -0.2299367333174448 -2.77
pedestrian 4 -1 -1 -10 -99999.00 -99999.00 -99999.00 -99999.00 1.79 0.72 0.5 -1.0407350239981252 6.226401580264506 -0.08362996534308556 -3.12
pedestrian 5 -1 -1 -10 -99999.00 -99999.00 -99999.00 -99999.00 1.54 0.96 0.72 5.17101621983801 5.6580821200349485 -0.022315400803982 3.11
pedestrian 18 -1 -1 -10 -99999.00 -99999.00 -99999.00 -99999.00 1.5 0.78 0.62 8.663322475997807 5.030268392573094 -0.006601178023986052 3.1
pedestrian 6 -1 -1 -10 -99999.00 -99999.00 -99999.00 -99999.00 1.5 0.43 0.46 10.352984158664707 5.126167045154022 0.0055168482352288585 3.07
pedestrian 21 -1 -1 -10 -99999.00 -99999.00 -99999.00 -99999.00 1.65 0.61 0.67 11.39547161556542 4.53980091710776 -0.02083967059265018 3.04
pedestrian 20 -1 -1 -10 -99999.00 -99999.00 -99999.00 -99999.00 1.63 0.57 0.85 11.221440753715193 -2.8208523735366224 -0.04311957296448925 -3.1
pedestrian 8 -1 -1 -10 -99999.00 -99999.00 -99999.00 -99999.00 1.13 0.54 0.55 -14.427208946446239 -2.510390019273995 -0.4088813601903344 2.86
pedestrian 10 -1 -1 -10 -99999.00 -99999.00 -99999.00 -99999.00 1.46 0.74 0.75 -9.69344664300274 -0.9438537746962595 -0.31691044673610674 -3.09
pedestrian 19 -1 -1 -10 -99999.00 -99999.00 -99999.00 -99999.00 1.64 0.91 0.59 -3.4555630563058903 -3.8320892876635853 -0.10524093912489164 3.04
pedestrian 11 -1 -1 -10 -99999.00 -99999.00 -99999.00 -99999.00 1.63 0.99 0.44 -1.6081062287996097 -2.9956366391894558 -0.12105983166021542 3.09
pedestrian 12 -1 -1 -10 -99999.00 -99999.00 -99999.00 -99999.00 1.49 0.71 0.47 -0.8513783446931528 -1.9629900192263614 -0.14115629141216351 3.09
