pedestrian 1 -1 -1 -10 -99999.00 -99999.00 -99999.00 -99999.00 1.8 0.67 0.75 -6.008420381771688 5.489057429217234 -0.09865624493985772 -0.04
pedestrian 4 -1 -1 -10 -99999.00 -99999.00 -99999.00 -99999.00 1.6 0.6 0.5 -6.3733611452124945 6.687793483897103 -0.04342844044080186 3.08
pedestrian 18 -1 -1 -10 -99999.00 -99999.00 -99999.00 -99999.00 1.69 0.67 0.55 3.5225550226821434 5.142325652294356 -0.0138923695682864 3.1
pedestrian 6 -1 -1 -10 -99999.00 -99999.00 -99999.00 -99999.00 1.56 0.37 0.48 5.611787342751858 5.389619651590044 -0.006544533937087873 3.07
pedestrian 21 -1 -1 -10 -99999.00 -99999.00 -99999.00 -99999.00 1.7 0.77 0.7 6.436563747790921 4.3024886264035365 -0.07575447374178504 3.04
pedestrian 20 -1 -1 -10 -99999.00 -99999.00 -99999.00 -99999.00 1.57 0.59 0.84 6.110906153998731 -2.7386902115026364 -0.06001585157331905 -3.11
pedestrian 22 -1 -1 -10 -99999.00 -99999.00 -99999.00 -99999.00 1.65 0.6 0.64 11.666688307728936 -4.1093086277924735 -0.09729610398816368 3.08
pedestrian 10 -1 -1 -10 -99999.00 -99999.00 -99999.00 -99999.00 1.56 0.61 0.78 -14.23648563700604 -0.7197027942835055 -0.17636494895870045 -3.09
pedestrian 19 -1 -1 -10 -99999.00 -99999.00 -99999.00 -99999.00 1.54 0.73 0.61 -7.925344916926209 -4.167690549940128 -0.06374502091656137 2.97
pedestrian 11 -1 -1 -10 -99999.00 -99999.00 -99999.00 -99999.00 1.72 1.03 0.71 -6.6804682933586585 -2.803335521256504 -0.027446979636586114 3.09
pedestrian 12 -1 -1 -10 -99999.00 -99999.00 -99999.00 -99999.00 1.6 0.72 0.7 -6.302448950051158 -1.8320149832906625 -0.13250786013505494 3.09
pedestrian 3 -1 -1 -10 -99999.00 -99999.00 -99999.00 -99999.00 1.57 0.83 0.54 -4.9935733759688965 1.5125723281544527 -0.1653780242838123 -2.69
