pedestrian 1 -1 -1 -10 -99999.00 -99999.00 -99999.00 -99999.00 1.8 0.32 0.73 -6.366677618883366 8.987814378024172 -0.4033717930043973 -1.58
pedestrian 2 -1 -1 -10 -99999.00 -99999.00 -99999.00 -99999.00 0.91 0.31 0.51 9.42139846416585 24.103014545767643 -0.3567082644499705 -1.58
pedestrian 3 -1 -1 -10 -99999.00 -99999.00 -99999.00 -99999.00 0.83 1.4 0.85 -9.106651302134326 4.2882087532031194 -0.6992622900509895 2.9
pedestrian 4 -1 -1 -10 -99999.00 -99999.00 -99999.00 -99999.00 1.702 1.61 1.33 -9.417232796814627 2.0471053915967965 -0.823338306101601 2.9
pedestrian 5 -1 -1 -10 -99999.00 -99999.00 -99999.00 -99999.00 1.702 0.97 1.09 -8.033746994200262 0.6419310807523207 -0.7052189168920517 2.42
pedestrian 6 -1 -1 -10 -99999.00 -99999.00 -99999.00 -99999.00 1.702 1.22 0.72 -7.828599625552793 -0.8373617722981643 -0.7025333907283893 2.42
pedestrian 7 -1 -1 -10 -99999.00 -99999.00 -99999.00 -99999.00 1.702 1.55 1.09 -7.451146057281489 -6.14607278745155 -0.6175853984721773 3.4
pedestrian 8 -1 -1 -10 -99999.00 -99999.00 -99999.00 -99999.00 0.75 1.44 0.9 -7.250788396863963 -9.00539213958394 -0.6449651434168636 3.59
pedestrian 9 -1 -1 -10 -99999.00 -99999.00 -99999.00 -99999.00 1.69 0.57 0.54 -5.376214188153049 -8.918830202310694 -0.2403930644848736 2.02
pedestrian 10 -1 -1 -10 -99999.00 -99999.00 -99999.00 -99999.00 1.68 0.92 0.59 -1.366843100109373 -11.394852426717698 -0.26791437626448733 2.02
