pedestrian 1 -1 -1 -10 -99999.00 -99999.00 -99999.00 -99999.00 1.21 0.6 0.52 -10.237228645320933 2.4542754660901593 -0.17401609111932137 -1.56
pedestrian 2 -1 -1 -10 -99999.00 -99999.00 -99999.00 -99999.00 1.03 0.18 0.38 -4.5413159664709895 23.38425422736624 -0.8195141991323698 -1.56
pedestrian 3 -1 -1 -10 -99999.00 -99999.00 -99999.00 -99999.00 0.53 0.97 0.64 -10.779489610287083 -1.2276568788830347 -0.5511463775114058 3.26
pedestrian 4 -1 -1 -10 -99999.00 -99999.00 -99999.00 -99999.00 0.46 0.92 1.19 -9.913940373064666 -3.0246439524499653 -0.48981143333561306 3.26
pedestrian 5 -1 -1 -10 -99999.00 -99999.00 -99999.00 -99999.00 1.702 1.08 0.95 -8.23975677138207 -3.848809507942507 -0.5779045942322184 3.17
pedestrian 6 -1 -1 -10 -99999.00 -99999.00 -99999.00 -99999.00 1.702 1.25 0.48 -7.315364794357185 -5.015590980600116 -0.595806210778486 3.17
pedestrian 7 -1 -1 -10 -99999.00 -99999.00 -99999.00 -99999.00 0.52 1.07 1.22 -4.2332908180716995 -9.2948485446073 -0.3554425163671226 -2.12
pedestrian 8 -1 -1 -10 -99999.00 -99999.00 -99999.00 -99999.00 0.71 1.37 1.22 -2.584898666285864 -11.699109193741608 -0.34386473786089555 -2.12
pedestrian 9 -1 -1 -10 -99999.00 -99999.00 -99999.00 -99999.00 1.56 0.39 0.56 -1.0925146325977622 -10.71387918711414 -0.014301799966379852 1.56
pedestrian 10 -1 -1 -10 -99999.00 -99999.00 -99999.00 -99999.00 1.67 0.47 0.73 4.1208459945063 -8.405671938190329 -0.08606716610303626 1.55
