pedestrian 1 -1 -1 -10 -99999.00 -99999.00 -99999.00 -99999.00 1.69 0.55 0.63 -4.687974367028389 5.143667221405104 -0.031366375746735876 0.28
pedestrian 2 -1 -1 -10 -99999.00 -99999.00 -99999.00 -99999.00 1.66 0.92 0.62 8.879348709877824 9.141046202872113 -0.033775810106351944 0.3
pedestrian 3 -1 -1 -10 -99999.00 -99999.00 -99999.00 -99999.00 1.58 0.43 0.64 8.643105410324958 8.070214965338623 -0.03686840430398644 -2.83
pedestrian 4 -1 -1 -10 -99999.00 -99999.00 -99999.00 -99999.00 1.74 0.46 0.68 10.420367927357054 8.776424060218176 -0.0036019067103735436 -2.82
pedestrian 10 -1 -1 -10 -99999.00 -99999.00 -99999.00 -99999.00 1.64 0.95 0.64 2.708740033226981 -1.8905636657286977 -0.14455607292660833 -2.78
pedestrian 19 -1 -1 -10 -99999.00 -99999.00 -99999.00 -99999.00 1.51 0.72 0.66 9.100972281810634 -1.8882582813385738 -0.27089516177078166 -2.8
pedestrian 11 -1 -1 -10 -99999.00 -99999.00 -99999.00 -99999.00 1.69 0.64 0.66 12.005382414048302 -0.5781084057651453 -0.17286920964534672 -2.81
pedestrian 12 -1 -1 -10 -99999.00 -99999.00 -99999.00 -99999.00 1.47 0.46 0.54 13.544194115274097 0.3272617143063106 -0.31273876978038784 -2.77
pedestrian 7 -1 -1 -10 -99999.00 -99999.00 -99999.00 -99999.00 1.7 0.77 0.57 -5.838825468009519 -5.520421709411059 -0.18644383708374493 -3.05
pedestrian 9 -1 -1 -10 -99999.00 -99999.00 -99999.00 -99999.00 1.7 0.75 0.65 -2.950941377047541 -2.340318133031714 -0.08863422268918235 -2.68
