pedestrian 1 -1 -1 -10 -99999.00 -99999.00 -99999.00 -99999.00 1.67 0.54 0.69 -4.677285932337114 4.98370310269401 -0.04122731326977652 0.34
pedestrian 2 -1 -1 -10 -99999.00 -99999.00 -99999.00 -99999.00 1.62 0.65 0.65 8.138666174177855 9.27846226789694 -0.02347016203555077 0.3
pedestrian 3 -1 -1 -10 -99999.00 -99999.00 -99999.00 -99999.00 1.7 0.41 0.6 9.440580034135309 8.813002978137568 -0.03642974641901376 -2.83
pedestrian 4 -1 -1 -10 -99999.00 -99999.00 -99999.00 -99999.00 1.83 0.65 0.57 11.247080638859023 9.699315695937978 0.007220355506335634 -2.82
pedestrian 10 -1 -1 -10 -99999.00 -99999.00 -99999.00 -99999.00 1.68 0.93 0.57 4.097827167127316 -1.5857134879641996 -0.14637363984586238 -2.78
pedestrian 19 -1 -1 -10 -99999.00 -99999.00 -99999.00 -99999.00 1.53 0.52 0.63 10.527298304837712 -1.0932714627651492 -0.19221839054661302 -2.8
pedestrian 11 -1 -1 -10 -99999.00 -99999.00 -99999.00 -99999.00 1.78 0.41 0.65 13.201808099006524 0.3060750146719788 -0.127204569097537 -2.81
pedestrian 12 -1 -1 -10 -99999.00 -99999.00 -99999.00 -99999.00 1.2 0.38 0.51 14.888040518219237 1.4219674530638542 -0.12513229115367405 -2.77
pedestrian 7 -1 -1 -10 -99999.00 -99999.00 -99999.00 -99999.00 1.56 0.71 0.42 -4.408494195967273 -5.535429956040444 -0.1977223454568392 -2.91
pedestrian 9 -1 -1 -10 -99999.00 -99999.00 -99999.00 -99999.00 1.6 0.99 0.6 -1.4003505756961698 -2.244908171648916 -0.14834273157565472 -2.68
pedestrian 8 -1 -1 -10 -99999.00 -99999.00 -99999.00 -99999.00 1.54 0.87 0.44 1.4232387858355482 -3.225058503239197 -0.14138249247308446 -2.73
