pedestrian 1 -1 -1 -10 -99999.00 -99999.00 -99999.00 -99999.00 1.73 0.35 0.8 -5.539676992022048 9.640707658676373 -0.3425414777808552 -1.58
pedestrian 2 -1 -1 -10 -99999.00 -99999.00 -99999.00 -99999.00 0.92 0.22 0.5 11.332331358104298 23.679684309677867 -0.30169021217432557 -2.23
pedestrian 3 -1 -1 -10 -99999.00 -99999.00 -99999.00 -99999.00 1.702 0.61 0.49 -8.265794583228232 4.6611386462252895 -0.858269438195193 -2.66
pedestrian 4 -1 -1 -10 -99999.00 -99999.00 -99999.00 -99999.00 1.702 1.57 0.58 -8.838525017745056 2.779125522007813 -0.9157711742676466 -2.66
pedestrian 5 -1 -1 -10 -99999.00 -99999.00 -99999.00 -99999.00 1.702 1.24 0.75 -7.81353145193402 1.2126955514286106 -0.8723507030908465 -2.66
pedestrian 6 -1 -1 -10 -99999.00 -99999.00 -99999.00 -99999.00 1.702 0.88 1.33 -7.7693031089747295 -0.1871562932356871 -0.821767438377716 -2.45
pedestrian 7 -1 -1 -10 -99999.00 -99999.00 -99999.00 -99999.00 1.702 1.63 0.68 -7.692598669025036 -5.536914260119952 -0.6707504702902258 2.98
pedestrian 8 -1 -1 -10 -99999.00 -99999.00 -99999.00 -99999.00 0.8 1.71 0.53 -7.642454132358371 -8.406757149041203 -0.6800948991450363 2.98
pedestrian 9 -1 -1 -10 -99999.00 -99999.00 -99999.00 -99999.00 1.73 0.4 0.75 -5.817081272530527 -8.5103685867937 -0.28616775794913074 0.79
pedestrian 10 -1 -1 -10 -99999.00 -99999.00 -99999.00 -99999.00 1.98 0.5 0.65 -2.1677383311720297 -11.457644582309344 -0.1883909579699474 0.79
