pedestrian 1 -1 -1 -10 -99999.00 -99999.00 -99999.00 -99999.00 1.79 0.53 0.78 -6.038243111226167 5.438953014291889 -0.0990466458538439 -0.04
pedestrian 4 -1 -1 -10 -99999.00 -99999.00 -99999.00 -99999.00 1.3 0.49 0.59 -8.7523835249885 6.799485002447805 -0.16457926053191543 3.12
pedestrian 5 -1 -1 -10 -99999.00 -99999.00 -99999.00 -99999.00 1.46 0.94 0.5 -2.22048709712458 6.332281941436899 -0.1390771931532871 3.06
pedestrian 18 -1 -1 -10 -99999.00 -99999.00 -99999.00 -99999.00 1.63 0.81 0.56 1.1422411505950452 5.324016744381105 -0.055053241838550815 3.1
pedestrian 6 -1 -1 -10 -99999.00 -99999.00 -99999.00 -99999.00 1.54 0.59 0.44 3.5926621207999467 5.522567682803382 -0.12298404215548998 3.07
pedestrian 21 -1 -1 -10 -99999.00 -99999.00 -99999.00 -99999.00 1.53 0.84 0.72 4.197641949730112 4.344669262616324 -0.18507041995658027 3.04
pedestrian 20 -1 -1 -10 -99999.00 -99999.00 -99999.00 -99999.00 1.66 0.81 0.83 3.671077718958387 -2.6572079492665814 -0.11195666894729585 -3.11
pedestrian 22 -1 -1 -10 -99999.00 -99999.00 -99999.00 -99999.00 1.49 0.86 0.63 9.517077616691019 -3.9468145640333803 -0.18544119017306107 3.08
pedestrian 23 -1 -1 -10 -99999.00 -99999.00 -99999.00 -99999.00 1.18 0.66 0.67 14.41823353397118 -4.389707569621367 -0.12128154467128112 3.01
pedestrian 19 -1 -1 -10 -99999.00 -99999.00 -99999.00 -99999.00 1.62 0.92 0.67 -10.217229112093696 -4.17568414168099 0.06626628025591791 2.9
pedestrian 11 -1 -1 -10 -99999.00 -99999.00 -99999.00 -99999.00 1.53 0.54 0.7 -8.820926366681778 -2.6608064291364144 -0.0454662539087464 3.09
pedestrian 12 -1 -1 -10 -99999.00 -99999.00 -99999.00 -99999.00 1.62 0.65 0.65 -8.813623542813819 -1.7007773712707832 -0.09537493869588987 3.09
pedestrian 3 -1 -1 -10 -99999.00 -99999.00 -99999.00 -99999.00 1.51 0.87 0.71 -7.122330812415575 1.2051390683426892 -0.19324498562657458 -2.8
