pedestrian 1 -1 -1 -10 -99999.00 -99999.00 -99999.00 -99999.00 1.76 0.54 0.79 -6.108472294255523 5.468708485922557 -0.08996513942231642 -0.04
pedestrian 4 -1 -1 -10 -99999.00 -99999.00 -99999.00 -99999.00 1.27 0.86 0.41 -8.271947640634725 6.701161124361334 -0.16829086709010146 3.12
pedestrian 5 -1 -1 -10 -99999.00 -99999.00 -99999.00 -99999.00 1.45 0.94 0.62 -1.890691896943977 6.383433551786812 -0.13475993749178627 3.06
pedestrian 18 -1 -1 -10 -99999.00 -99999.00 -99999.00 -99999.00 1.63 0.68 0.44 1.7025038943297797 5.235972057484429 -0.04771900076714594 3.1
pedestrian 6 -1 -1 -10 -99999.00 -99999.00 -99999.00 -99999.00 1.54 0.95 0.52 3.9627328785997116 5.493859406597282 -0.11813955056376273 3.07
pedestrian 21 -1 -1 -10 -99999.00 -99999.00 -99999.00 -99999.00 1.56 0.49 0.72 4.5471822408531555 4.35589092968823 -0.15049211650274605 3.04
pedestrian 20 -1 -1 -10 -99999.00 -99999.00 -99999.00 -99999.00 1.75 0.67 0.8 4.260753037034419 -2.7651477947739562 -0.054233112198133045 -3.11
pedestrian 22 -1 -1 -10 -99999.00 -99999.00 -99999.00 -99999.00 1.63 0.45 0.66 9.90599466098927 -3.945453209981443 -0.10034313279537148 3.08
pedestrian 19 -1 -1 -10 -99999.00 -99999.00 -99999.00 -99999.00 1.53 0.41 0.71 -9.77723458483842 -4.18414819413487 0.0720261241310925 2.9
pedestrian 11 -1 -1 -10 -99999.00 -99999.00 -99999.00 -99999.00 1.5 0.69 0.74 -8.32053593927535 -2.709060798811692 -0.058917497986936844 3.09
pedestrian 12 -1 -1 -10 -99999.00 -99999.00 -99999.00 -99999.00 1.58 0.96 0.64 -8.253203717738536 -1.7588222409377252 -0.1080403549124243 3.09
pedestrian 3 -1 -1 -10 -99999.00 -99999.00 -99999.00 -99999.00 1.54 0.87 0.72 -6.832985718440722 1.236151174482838 -0.14945382367080928 -2.8
