pedestrian 1 -1 -1 -10 -99999.00 -99999.00 -99999.00 -99999.00 1.76 0.59 0.76 -6.110217594310674 5.3687090951567775 0.07002572211105527 -0.04
pedestrian 4 -1 -1 -10 -99999.00 -99999.00 -99999.00 -99999.00 1.67 0.84 0.63 -9.36539052654936 6.737356070625051 0.07741745818122489 3.12
pedestrian 5 -1 -1 -10 -99999.00 -99999.00 -99999.00 -99999.00 1.68 0.54 0.55 -2.9123174120831115 6.309873513807239 0.001879103887836368 3.06
pedestrian 18 -1 -1 -10 -99999.00 -99999.00 -99999.00 -99999.00 1.65 0.78 0.52 0.8421901546828766 5.382969183416005 -0.06898198133472387 3.1
pedestrian 6 -1 -1 -10 -99999.00 -99999.00 -99999.00 -99999.00 1.52 0.49 0.39 3.0825344029474055 5.570787145964507 -0.12966197978703017 3.07
pedestrian 21 -1 -1 -10 -99999.00 -99999.00 -99999.00 -99999.00 1.53 0.75 0.68 3.7265332007092664 4.373028473680904 -0.11123071692489185 3.04
pedestrian 20 -1 -1 -10 -99999.00 -99999.00 -99999.00 -99999.00 1.74 0.9 0.88 3.3606698563451674 -2.6082903558224113 -0.09601841686234615 -3.11
pedestrian 22 -1 -1 -10 -99999.00 -99999.00 -99999.00 -99999.00 1.47 0.62 0.64 9.147033044276087 -3.8881064705975454 -0.20028619577698756 3.08
pedestrian 23 -1 -1 -10 -99999.00 -99999.00 -99999.00 -99999.00 1.13 0.68 0.7 14.047647941455809 -4.25099996357291 -0.11613191902095193 3.01
pedestrian 19 -1 -1 -10 -99999.00 -99999.00 -99999.00 -99999.00 1.62 0.82 0.61 -10.537095036964013 -4.206800967363597 0.06207900592836147 2.9
pedestrian 11 -1 -1 -10 -99999.00 -99999.00 -99999.00 -99999.00 1.5 0.7 0.71 -9.191546893689232 -2.662097970160047 -0.00031365838531411896 3.09
pedestrian 12 -1 -1 -10 -99999.00 -99999.00 -99999.00 -99999.00 1.47 0.59 0.71 -9.254612897913587 -1.7823127705061048 -0.0011392376042861886 3.09
pedestrian 3 -1 -1 -10 -99999.00 -99999.00 -99999.00 -99999.00 1.54 0.44 0.68 -7.572237178703547 1.1135688235166372 -0.17913286898698888 -2.8
