pedestrian 1 -1 -1 -10 -99999.00 -99999.00 -99999.00 -99999.00 1.72 0.6 0.77 -4.7769626551683055 4.7433554997146175 -0.0025287258576477383 0.4
pedestrian 2 -1 -1 -10 -99999.00 -99999.00 -99999.00 -99999.00 1.74 0.6 0.59 7.487792143938799 9.506191943238337 -0.021989713025612773 0.37
pedestrian 3 -1 -1 -10 -99999.00 -99999.00 -99999.00 -99999.00 1.48 0.61 0.67 9.799657067543777 9.594254860620127 -0.1717411657302957 -2.78
pedestrian 4 -1 -1 -10 -99999.00 -99999.00 -99999.00 -99999.00 1.86 0.63 0.49 11.44298726091581 10.680007855725659 0.05978919765904606 -2.77
pedestrian 8 -1 -1 -10 -99999.00 -99999.00 -99999.00 -99999.00 1.63 0.73 0.41 2.441967184639858 -2.921499866498332 -0.11804575042038633 -2.73
pedestrian 10 -1 -1 -10 -99999.00 -99999.00 -99999.00 -99999.00 1.65 0.85 0.56 4.996365905606668 -1.1125747650913365 -0.15461283702599227 -2.68
pedestrian 19 -1 -1 -10 -99999.00 -99999.00 -99999.00 -99999.00 1.61 0.86 0.92 11.364298045025025 -0.29034418945012924 -0.17126060695007655 -2.8
pedestrian 11 -1 -1 -10 -99999.00 -99999.00 -99999.00 -99999.00 1.85 0.33 0.69 14.018076700482604 1.3189311955668306 -0.10651817097271574 -2.8
pedestrian 12 -1 -1 -10 -99999.00 -99999.00 -99999.00 -99999.00 1.26 0.41 0.45 15.71420352245043 2.614857443851261 -0.14431979539231765 -2.76
pedestrian 7 -1 -1 -10 -99999.00 -99999.00 -99999.00 -99999.00 1.76 1.02 0.62 -3.0493171277516247 -5.630682060881519 -0.09992288860732162 -2.86
pedestrian 9 -1 -1 -10 -99999.00 -99999.00 -99999.00 -99999.00 1.48 0.59 0.5 -0.4610214758505092 -2.1116277513230925 -0.1260453832823585 -2.64
