pedestrian 1 -1 -1 -10 -99999.00 -99999.00 -99999.00 -99999.00 1.66 0.55 0.79 -4.509701095313499 5.934290725709499 -0.10903950516423926 -1.12
pedestrian 3 -1 -1 -10 -99999.00 -99999.00 -99999.00 -99999.00 1.53 0.76 0.69 3.6551609505074856 4.8427812646809985 -0.13216674445531915 -2.22
pedestrian 4 -1 -1 -10 -99999.00 -99999.00 -99999.00 -99999.00 1.57 0.78 0.42 4.821894770998483 5.526861184044107 -0.05688822131197954 -3.14
pedestrian 5 -1 -1 -10 -99999.00 -99999.00 -99999.00 -99999.00 1.53 0.67 0.64 10.722339378745902 5.227457976943436 0.030353686520446514 3.11
pedestrian 19 -1 -1 -10 -99999.00 -99999.00 -99999.00 -99999.00 1.56 0.83 0.64 1.2562735250668746 -4.165646187178109 -0.12356647386947517 -3.12
pedestrian 11 -1 -1 -10 -99999.00 -99999.00 -99999.00 -99999.00 1.78 0.53 0.63 3.582996891464301 -3.4675171730967618 -0.04310371255697203 -3.12
pedestrian 12 -1 -1 -10 -99999.00 -99999.00 -99999.00 -99999.00 1.47 0.76 0.63 4.8126311025110535 -2.7532279974190055 -0.19702148454261031 -3.04
pedestrian 9 -1 -1 -10 -99999.00 -99999.00 -99999.00 -99999.00 1.31 0.93 0.58 -11.691421760086078 -0.5408375753870128 -0.5930867936779816 -3.08
pedestrian 8 -1 -1 -10 -99999.00 -99999.00 -99999.00 -99999.00 1.42 0.91 0.53 -8.8980043800243 -2.5210865341775417 -0.30649753711413497 3.07
pedestrian 10 -1 -1 -10 -99999.00 -99999.00 -99999.00 -99999.00 1.6 0.81 0.77 -4.9226104572661615 -1.6671988591124072 -0.15444821199389677 -3.09
