pedestrian 1 -1 -1 -10 -99999.00 -99999.00 -99999.00 -99999.00 1.77 0.72 0.77 -4.072097536847781 6.235824784629534 -0.003302392808408798 -0.95
pedestrian 3 -1 -1 -10 -99999.00 -99999.00 -99999.00 -99999.00 1.53 0.46 0.63 5.032512482070839 5.307595561156591 -0.04413022764561194 -3.13
pedestrian 4 -1 -1 -10 -99999.00 -99999.00 -99999.00 -99999.00 1.68 0.62 0.55 6.560888636567255 5.512935039353442 0.035882452978092026 -3.14
pedestrian 5 -1 -1 -10 -99999.00 -99999.00 -99999.00 -99999.00 1.61 0.7 0.72 12.541989101092334 5.173811328059674 0.08417677662217395 3.11
pedestrian 2 -1 -1 -10 -99999.00 -99999.00 -99999.00 -99999.00 1.59 0.54 0.55 12.068655306635096 6.102165056016265 0.08798135462990662 -0.09
pedestrian 19 -1 -1 -10 -99999.00 -99999.00 -99999.00 -99999.00 1.59 0.6 0.58 2.87614233423398 -4.0899917583494 -0.1223629431694476 -3.12
pedestrian 11 -1 -1 -10 -99999.00 -99999.00 -99999.00 -99999.00 1.66 0.8 0.65 5.534790077690138 -3.6507092452920555 -0.11756190812461942 -3.12
pedestrian 12 -1 -1 -10 -99999.00 -99999.00 -99999.00 -99999.00 1.52 0.96 0.6 6.863341759281723 -2.966070821702511 -0.180177068309633 -3.04
pedestrian 7 -1 -1 -10 -99999.00 -99999.00 -99999.00 -99999.00 1.52 0.87 0.8 -13.11271298854061 -2.9658144634426358 -0.6216933718425014 2.91
pedestrian 9 -1 -1 -10 -99999.00 -99999.00 -99999.00 -99999.00 1.48 0.69 0.59 -9.804073530499725 -0.7242390866672201 -0.32835948881996946 -3.08
pedestrian 8 -1 -1 -10 -99999.00 -99999.00 -99999.00 -99999.00 1.6 0.73 0.62 -6.978346428793367 -2.804382716681071 -0.1913601267959419 3.07
pedestrian 10 -1 -1 -10 -99999.00 -99999.00 -99999.00 -99999.00 1.58 0.66 0.68 -3.180998734520034 -1.9811231761004107 -0.1816535496481143 -3.09
