pedestrian 1 -1 -1 -10 -99999.00 -99999.00 -99999.00 -99999.00 1.78 0.46 0.8 -5.868537939337044 5.5195459376451 -0.09682508346081006 -0.04
pedestrian 4 -1 -1 -10 -99999.00 -99999.00 -99999.00 -99999.00 1.68 0.61 0.63 -5.382108128735529 6.681249289721596 -0.13046079561925117 3.08
pedestrian 5 -1 -1 -10 -99999.00 -99999.00 -99999.00 -99999.00 1.72 0.59 0.43 0.7996196826431593 6.082825292719849 -0.05953840254269984 3.11
pedestrian 18 -1 -1 -10 -99999.00 -99999.00 -99999.00 -99999.00 1.78 0.98 0.58 4.402072864139504 5.1853971818460645 0.017622863260624476 3.1
pedestrian 6 -1 -1 -10 -99999.00 -99999.00 -99999.00 -99999.00 1.702 0.7 0.47 6.483522583991561 5.322656944785243 -0.11514317609310483 3.07
pedestrian 21 -1 -1 -10 -99999.00 -99999.00 -99999.00 -99999.00 1.53 0.82 0.69 7.4079145919849 4.305874558276304 -0.17304821942462847 3.04
pedestrian 20 -1 -1 -10 -99999.00 -99999.00 -99999.00 -99999.00 1.67 0.89 0.69 7.031493646948327 -2.815478324813254 -0.07796727154426987 -3.11
pedestrian 22 -1 -1 -10 -99999.00 -99999.00 -99999.00 -99999.00 1.66 0.37 0.54 12.435928265957124 -4.096620887126173 -0.0372219173363288 3.08
pedestrian 10 -1 -1 -10 -99999.00 -99999.00 -99999.00 -99999.00 1.46 0.43 0.73 -13.506413010811302 -0.7571543750567038 -0.16680777475780256 -3.09
pedestrian 19 -1 -1 -10 -99999.00 -99999.00 -99999.00 -99999.00 1.47 0.63 0.62 -7.10508856464946 -4.1848280939328015 -0.07300899066719535 2.97
pedestrian 11 -1 -1 -10 -99999.00 -99999.00 -99999.00 -99999.00 1.8 0.95 0.71 -5.58029000584053 -2.879495317312381 -0.013044856931807914 3.09
pedestrian 12 -1 -1 -10 -99999.00 -99999.00 -99999.00 -99999.00 1.63 0.53 0.72 -5.422163200105557 -1.8589430272749994 -0.14098600202403294 3.09
pedestrian 3 -1 -1 -10 -99999.00 -99999.00 -99999.00 -99999.00 1.5 0.58 0.59 -4.162768172126922 1.5254695079056664 -0.2245081859913553 -2.52
