motocycle 1 -1 -1 -10 -99999.00 -99999.00 -99999.00 -99999.00 1.37 0.6 0.59 1.6024332699615658 12.375649306047833 -0.41906069851281597 -3.01
motocycle 3 -1 -1 -10 -99999.00 -99999.00 -99999.00 -99999.00 0.48 0.66 0.51 -4.317475491374097 7.6549434706497905 -0.7365771124194305 2.35
motocycle 4 -1 -1 -10 -99999.00 -99999.00 -99999.00 -99999.00 0.59 0.62 0.64 -5.313012130472649 6.061462506058679 -0.6596016897304823 2.37
motocycle 5 -1 -1 -10 -99999.00 -99999.00 -99999.00 -99999.00 0.86 1.22 0.64 -5.408421967219531 4.261124407133135 -0.5308395345408159 2.37
motocycle 6 -1 -1 -10 -99999.00 -99999.00 -99999.00 -99999.00 0.7 1.28 0.6 -6.023277877076176 2.838968854381634 -0.5488892961023519 2.53
motocycle 7 -1 -1 -10 -99999.00 -99999.00 -99999.00 -99999.00 1.04 1.74 0.55 -8.207927959385886 -1.9586813964126744 -0.45747765068726365 2.31
motocycle 9 -1 -1 -10 -99999.00 -99999.00 -99999.00 -99999.00 1.76 0.56 0.46 -7.770053284035009 -5.387159519570349 -0.14171899646605152 1.31
motocycle 10 -1 -1 -10 -99999.00 -99999.00 -99999.00 -99999.00 1.56 0.52 0.42 -7.5243591789463045 -10.376326268957222 -0.008491546077293318 1.31
motocycle 11 -1 -1 -10 -99999.00 -99999.00 -99999.00 -99999.00 1.22 0.92 0.86 -13.51184610274398 -10.54723435708308 -0.19688146822018074 1.31
motocycle 12 -1 -1 -10 -99999.00 -99999.00 -99999.00 -99999.00 0.28 0.39 0.24 -20.635831194472207 -24.392178131560897 -0.07012069202397289 2.88
motocycle 8 -1 -1 -10 -99999.00 -99999.00 -99999.00 -99999.00 0.9 2.11 1.17 -9.501779198290988 -4.253205291788805 -0.32440223924067574 2.7
