pedestrian 1 -1 -1 -10 -99999.00 -99999.00 -99999.00 -99999.00 1.75 0.6 0.7 -4.011553304463325 6.116034954795512 -0.012510682188809246 -0.01
pedestrian 3 -1 -1 -10 -99999.00 -99999.00 -99999.00 -99999.00 1.702 0.77 0.66 6.43111879810519 5.862479122349689 -0.07582575203766212 -3.13
pedestrian 4 -1 -1 -10 -99999.00 -99999.00 -99999.00 -99999.00 1.46 0.79 0.6 8.159755827941366 5.988517218216961 0.006808487048276063 -3.14
pedestrian 19 -1 -1 -10 -99999.00 -99999.00 -99999.00 -99999.00 1.64 0.82 0.57 4.926058990036946 -3.812837567880589 -0.17553491856215062 -3.12
pedestrian 11 -1 -1 -10 -99999.00 -99999.00 -99999.00 -99999.00 1.79 0.51 0.65 7.4333679169104885 -3.3240789571526377 -0.0827073059701844 -3.12
pedestrian 12 -1 -1 -10 -99999.00 -99999.00 -99999.00 -99999.00 1.52 0.5 0.63 8.812054624384267 -2.6792657572986434 -0.1446661627153333 -3.04
pedestrian 7 -1 -1 -10 -99999.00 -99999.00 -99999.00 -99999.00 1.29 0.49 0.66 -11.030896952016985 -3.7585490346252026 -0.5344357662997147 2.91
pedestrian 9 -1 -1 -10 -99999.00 -99999.00 -99999.00 -99999.00 1.72 0.7 0.67 -7.80286097998409 -1.417253519197226 -0.22215532711323713 -3.08
pedestrian 8 -1 -1 -10 -99999.00 -99999.00 -99999.00 -99999.00 1.54 0.65 0.48 -4.926763183932035 -3.2672240178790237 -0.1745042877591381 3.12
pedestrian 10 -1 -1 -10 -99999.00 -99999.00 -99999.00 -99999.00 1.62 0.94 0.58 -1.4102536656216205 -2.2349431390864902 -0.15847322692179835 -3.09
