pedestrian 1 -1 -1 -10 -99999.00 -99999.00 -99999.00 -99999.00 1.67 0.58 0.69 -4.756859748913896 4.863424581661857 -0.04226899158994373 0.4
pedestrian 2 -1 -1 -10 -99999.00 -99999.00 -99999.00 -99999.00 1.82 0.43 0.59 7.758116402828575 9.407135028354668 -0.01845097463131901 0.3
pedestrian 3 -1 -1 -10 -99999.00 -99999.00 -99999.00 -99999.00 1.44 0.86 0.59 9.74071839724614 9.254047492931564 -0.16251185839085455 -2.83
pedestrian 4 -1 -1 -10 -99999.00 -99999.00 -99999.00 -99999.00 1.6 0.47 0.57 11.286693122434652 10.259451910282952 -0.1122713702501145 -2.82
pedestrian 8 -1 -1 -10 -99999.00 -99999.00 -99999.00 -99999.00 1.56 0.84 0.4 1.8027850731384527 -3.1037327867824778 -0.1364139594054026 -2.73
pedestrian 10 -1 -1 -10 -99999.00 -99999.00 -99999.00 -99999.00 1.65 0.7 0.58 4.467496549889605 -1.4244229217153204 -0.16153611613652336 -2.68
pedestrian 19 -1 -1 -10 -99999.00 -99999.00 -99999.00 -99999.00 1.53 0.6 0.73 10.865740068093212 -0.6920870782208572 -0.17778708837647866 -2.8
pedestrian 11 -1 -1 -10 -99999.00 -99999.00 -99999.00 -99999.00 1.84 0.5 0.65 13.59008822367762 0.827433200705967 -0.13212256063346706 -2.81
pedestrian 12 -1 -1 -10 -99999.00 -99999.00 -99999.00 -99999.00 1.21 0.3 0.57 15.265981243435322 2.0032903670431574 -0.1201847760450329 -2.77
pedestrian 7 -1 -1 -10 -99999.00 -99999.00 -99999.00 -99999.00 1.76 0.52 0.65 -3.6098504125050352 -5.652636703827199 -0.057256387266342516 -2.86
pedestrian 9 -1 -1 -10 -99999.00 -99999.00 -99999.00 -99999.00 1.6 0.86 0.58 -0.9803542131559713 -2.2534420371311 -0.14284467801698117 -2.64
