pedestrian 1 -1 -1 -10 -99999.00 -99999.00 -99999.00 -99999.00 1.55 0.47 0.56 -2.5032367626777328 11.19130985677165 -0.4628060065561188 -1.26
pedestrian 2 -1 -1 -10 -99999.00 -99999.00 -99999.00 -99999.00 1.01 0.36 0.38 16.8766495838149 21.439001380697448 -0.759156521129438 -2.89
pedestrian 3 -1 -1 -10 -99999.00 -99999.00 -99999.00 -99999.00 1.702 0.64 0.56 -6.653273074174099 6.316783449153306 -0.7171500937549876 2.62
pedestrian 4 -1 -1 -10 -99999.00 -99999.00 -99999.00 -99999.00 1.702 1.31 0.75 -7.448051470463329 4.464002198854215 -0.6275457449093101 2.85
pedestrian 5 -1 -1 -10 -99999.00 -99999.00 -99999.00 -99999.00 1.702 0.54 1.28 -6.91304787466371 2.755862662009461 -0.5505361666136809 2.8
pedestrian 6 -1 -1 -10 -99999.00 -99999.00 -99999.00 -99999.00 1.702 0.65 1.36 -7.196284790067014 1.2748593897655165 -0.6742542225131732 2.83
pedestrian 7 -1 -1 -10 -99999.00 -99999.00 -99999.00 -99999.00 1.702 0.67 1.65 -8.149066928723245 -3.898495044698027 -0.616720826350159 4.41
pedestrian 8 -1 -1 -10 -99999.00 -99999.00 -99999.00 -99999.00 0.52 0.55 1.82 -8.771304280539269 -6.670677279301697 -0.4748535075174416 4.41
pedestrian 9 -1 -1 -10 -99999.00 -99999.00 -99999.00 -99999.00 1.86 0.54 0.7 -6.954429651553023 -7.204321003861197 -0.08103761425720502 0.51
pedestrian 10 -1 -1 -10 -99999.00 -99999.00 -99999.00 -99999.00 1.82 0.68 0.61 -4.719432837187693 -11.326546596346075 -0.11178504406082398 0.51
