pedestrian 1 -1 -1 -10 -99999.00 -99999.00 -99999.00 -99999.00 1.65 0.59 0.76 -5.91768688648199 5.539371283227494 -0.1674744760065491 -0.04
pedestrian 3 -1 -1 -10 -99999.00 -99999.00 -99999.00 -99999.00 1.58 0.89 0.68 -3.6636692060631275 1.6972137979151025 -0.19797290903395273 -2.21
pedestrian 4 -1 -1 -10 -99999.00 -99999.00 -99999.00 -99999.00 1.66 0.88 0.47 -4.83178337844987 6.6131695744639245 -0.13325750680614296 3.08
pedestrian 5 -1 -1 -10 -99999.00 -99999.00 -99999.00 -99999.00 1.51 0.97 0.65 1.380831797275046 6.1348495659235684 -0.16193934395807758 3.11
pedestrian 18 -1 -1 -10 -99999.00 -99999.00 -99999.00 -99999.00 1.83 0.4 0.6 4.821842338291903 5.166863377287304 0.04311966028293124 3.1
pedestrian 6 -1 -1 -10 -99999.00 -99999.00 -99999.00 -99999.00 1.702 0.36 0.52 6.872832316156954 5.3240182988371805 -0.060042548542635424 3.07
pedestrian 21 -1 -1 -10 -99999.00 -99999.00 -99999.00 -99999.00 1.59 0.82 0.69 7.707616552660804 4.346921510007182 -0.15912404904998598 3.04
pedestrian 20 -1 -1 -10 -99999.00 -99999.00 -99999.00 -99999.00 1.72 0.59 0.84 7.491259450530876 -2.833872503315407 -0.05194689388896112 -3.11
pedestrian 10 -1 -1 -10 -99999.00 -99999.00 -99999.00 -99999.00 1.42 0.55 0.78 -13.026387250602252 -0.7754787405305522 -0.160523893337473 -3.09
pedestrian 11 -1 -1 -10 -99999.00 -99999.00 -99999.00 -99999.00 1.75 0.82 0.7 -5.239727814814151 -2.898308373984361 -0.04859008082994548 3.09
pedestrian 12 -1 -1 -10 -99999.00 -99999.00 -99999.00 -99999.00 1.59 1.01 0.69 -4.751736001851322 -1.8466043517502215 -0.17221305643636356 3.09
