pedestrian 1 -1 -1 -10 -99999.00 -99999.00 -99999.00 -99999.00 1.73 0.78 0.79 -3.6148714862807454 11.047436086628661 -0.307343536664199 -1.6
pedestrian 2 -1 -1 -10 -99999.00 -99999.00 -99999.00 -99999.00 0.92 0.59 0.42 15.11364358637709 22.302852533868933 -0.7722346770630999 -1.6
pedestrian 3 -1 -1 -10 -99999.00 -99999.00 -99999.00 -99999.00 1.702 1.56 0.61 -7.6038491579944285 6.0534689143178175 -0.6095835347639236 2.49
pedestrian 4 -1 -1 -10 -99999.00 -99999.00 -99999.00 -99999.00 1.702 1.34 1.26 -8.117946459661287 3.9616665085771197 -0.506304012319819 2.49
pedestrian 5 -1 -1 -10 -99999.00 -99999.00 -99999.00 -99999.00 1.702 1.08 0.88 -7.261209492087734 2.2746438583383934 -0.5650947086448412 2.49
pedestrian 6 -1 -1 -10 -99999.00 -99999.00 -99999.00 -99999.00 1.702 1.33 0.89 -7.355170693246063 0.734304175403874 -0.6163290121344756 2.49
pedestrian 7 -1 -1 -10 -99999.00 -99999.00 -99999.00 -99999.00 1.702 1.69 0.79 -8.028912264827284 -4.508072450199452 -0.46513506367371554 2.81
pedestrian 8 -1 -1 -10 -99999.00 -99999.00 -99999.00 -99999.00 0.71 1.84 0.8 -8.487856996506244 -7.2896961196532635 -0.571151547290339 2.81
pedestrian 9 -1 -1 -10 -99999.00 -99999.00 -99999.00 -99999.00 1.54 0.69 0.43 -6.550635563917579 -7.66292194081769 -0.245766225655726 1.24
pedestrian 10 -1 -1 -10 -99999.00 -99999.00 -99999.00 -99999.00 1.74 0.62 0.71 -3.8195241741165735 -11.43340433991473 -0.07000202395737617 0.91
