pedestrian 1 -1 -1 -10 -99999.00 -99999.00 -99999.00 -99999.00 1.68 0.55 0.65 -4.596577766726699 4.703984060663045 -0.02016907191200685 0.4
pedestrian 3 -1 -1 -10 -99999.00 -99999.00 -99999.00 -99999.00 1.56 0.95 0.72 10.548052489319518 10.036870168550971 -0.16194413299624363 -2.77
pedestrian 2 -1 -1 -10 -99999.00 -99999.00 -99999.00 -99999.00 1.69 0.48 0.58 7.228130134355465 9.415284922181176 -0.025388874930747946 0.39
pedestrian 4 -1 -1 -10 -99999.00 -99999.00 -99999.00 -99999.00 1.7 0.41 0.44 12.113693780264427 11.062344277083817 -0.09144448181182854 -2.75
pedestrian 8 -1 -1 -10 -99999.00 -99999.00 -99999.00 -99999.00 1.6 0.63 0.55 3.3318157383818927 -2.7483942224369584 -0.14640042194565514 -2.73
pedestrian 9 -1 -1 -10 -99999.00 -99999.00 -99999.00 -99999.00 1.702 0.46 0.51 0.4286525602733932 -1.88852241187883 -0.15440233936839262 -2.64
pedestrian 10 -1 -1 -10 -99999.00 -99999.00 -99999.00 -99999.00 1.48 0.46 0.52 5.665405650086179 -0.890237368958423 -0.13585377021483674 -2.68
pedestrian 19 -1 -1 -10 -99999.00 -99999.00 -99999.00 -99999.00 1.35 0.74 0.72 12.294238982566208 0.19289919204176822 -0.28909815160074886 -2.82
pedestrian 11 -1 -1 -10 -99999.00 -99999.00 -99999.00 -99999.00 1.59 0.53 0.64 14.938489799687893 1.892139122233777 -0.2844855826454565 -2.71
pedestrian 12 -1 -1 -10 -99999.00 -99999.00 -99999.00 -99999.00 1.33 0.53 0.57 16.58191604742893 3.2878902287132243 -0.14296167301452015 -2.76
pedestrian 7 -1 -1 -10 -99999.00 -99999.00 -99999.00 -99999.00 1.68 0.73 0.59 -2.0794671970104983 -5.497296921013239 -0.11722942794223423 -2.86
