Pedestrian 8 0 -9999.0 -9999.0 -9999.0 -9999.0 1.7 0.8 0.7600435189904073 -9.50295779299249 -15.558278664013123 0.578136941489739 -1.0343702538590662 
Pedestrian 4 0 -9999.0 -9999.0 -9999.0 -9999.0 1.8320570902627569 0.7625937850947424 0.7652162660566085 -3.3645306942468496 -1.0704882589676519 -0.06305093266564676 0.7644533621111318 
Pedestrian 37 0 -9999.0 -9999.0 -9999.0 -9999.0 1.9217071835278898 0.850147237776687 0.7877186561711653 8.380729464928805 -18.699539338813313 -1.1484049416147035 1.3053903906294266 
Car 17 0 -9999.0 -9999.0 -9999.0 -9999.0 1.7 4 2.03 -49.10985685084193 -3.104911545685066 1.7531412428332285 -1.7961910245181159 
Pedestrian 55 0 -9999.0 -9999.0 -9999.0 -9999.0 2 0.7308443122339661 1.0794054496583634 -39.15068133030251 -3.3004374204739673 1.5333334451528495 -3.067665496178659 
Pedestrian 53 0 -9999.0 -9999.0 -9999.0 -9999.0 2 0.7896582871023229 0.8661615796766307 -32.85806569680422 -1.1300735674183389 1.6043369793000555 1.837996810497268 
Pedestrian 54 0 -9999.0 -9999.0 -9999.0 -9999.0 2.059314376687098 0.7896582871023229 0.8661615796766307 -33.637966586346096 -0.8090423752501861 1.6389307081072582 1.837996810497268 
Pedestrian 47 0 -9999.0 -9999.0 -9999.0 -9999.0 1.5406104228569182 0.5955157202642158 0.5813035391208994 -15.962324342317983 8.547497606193188 0.7201626534672477 0.8012270680966243 
Car 9 0 -9999.0 -9999.0 -9999.0 -9999.0 1.8236503254808505 4.652430226442514 1.866596000621489 -23.516655215620364 32.214068285513925 1.1812198113645387 -2.3093042999753397 
Cyclist 1 0 -9999.0 -9999.0 -9999.0 -9999.0 1.273497039979345 1.1679049281179246 0.6772598817077023 -3.9905785161407965 -16.19982395343882 -0.48542033107865407 0.35317103933248184 
Car 12 0 -9999.0 -9999.0 -9999.0 -9999.0 1.69 4.45 1.924707488251928 -24.307129710533534 45.26111051510788 1.4060379012591877 0.8271046063700407 
Car 15 0 -9999.0 -9999.0 -9999.0 -9999.0 1.7672335120061524 3.764270850722953 1.8800174910081242 26.42488319089504 1.9403380016455731 -1.6904274384862588 -0.6572188282890199 
Cyclist 3 0 -9999.0 -9999.0 -9999.0 -9999.0 1.69 1.6271504584203416 0.65 -55.99278717816597 3.4083372592950214 2.322747723170345 -3.1362809793945114 
Car 8 0 -9999.0 -9999.0 -9999.0 -9999.0 1.8236503254808505 4.652430226442514 2.0794754680329586 -11.480602097032037 18.46819214422361 0.5743818279746553 -2.27369138018717 
Pedestrian 61 0 -9999.0 -9999.0 -9999.0 -9999.0 1.9555179380931804 1.0800384848323523 0.9577007499395704 -50.02772176798313 0.30588011115523617 1.6665336195793663 0.31265984445777306 
Pedestrian 57 0 -9999.0 -9999.0 -9999.0 -9999.0 2 1.0671895162272824 0.768401472016625 -45.27691956896007 6.952082161164655 1.8115970331005407 1.7076233333671693 
Pedestrian 73 0 -9999.0 -9999.0 -9999.0 -9999.0 2 0.7526079700292483 0.8255516816123823 -67.44305552101848 2.317818411290801 3.337747509033127 -3.067931660766698 
Pedestrian 74 0 -9999.0 -9999.0 -9999.0 -9999.0 2 0.7526079700292483 0.8255516816123823 -68.20525143135832 2.7880334269784663 3.3135347792927288 -3.067931660766698 
Pedestrian 62 0 -9999.0 -9999.0 -9999.0 -9999.0 1.7558926553517722 0.8975958508373899 0.8892660264138752 -53.3197349676664 -1.0465047154512301 2.0049851501294875 0.20319332591228267 
Pedestrian 85 0 -9999.0 -9999.0 -9999.0 -9999.0 1.9025429523145614 0.725682981665881 0.6814159654046641 51.713700617245195 -38.06537694751296 -4.267326185012953 -2.1954793366809504 
Pedestrian 1 0 -9999.0 -9999.0 -9999.0 -9999.0 1.7903321543446977 0.7650479644303426 0.950846051142035 -3.9650368482614238 3.7460354640126043 0.034463180514999366 0.4180219582256566 
Pedestrian 35 0 -9999.0 -9999.0 -9999.0 -9999.0 1.7 0.7024503538413998 0.6687714678065018 12.124888994172926 -21.354525134926355 -1.3886359919362747 2.1075907268050145 
Pedestrian 60 0 -9999.0 -9999.0 -9999.0 -9999.0 1.939824643901261 1.0800384848323523 1.0129609495955376 -50.26373499779063 -0.6688997179821293 1.6841855361706501 0.31265984445777306 
Pedestrian 69 0 -9999.0 -9999.0 -9999.0 -9999.0 1.7 0.9429772278416193 0.8213725974541288 -63.79202260663824 1.2453165840627458 3.0749641896571216 -0.23610750722684593 
Pedestrian 36 0 -9999.0 -9999.0 -9999.0 -9999.0 1.7 0.850147237776687 0.815974565350425 11.059036623007866 -19.98526914278311 -1.3818116219438044 1.1773012247191446 
Pedestrian 42 0 -9999.0 -9999.0 -9999.0 -9999.0 2 0.6571585988962698 0.7313037018629595 15.003780339181995 -29.687888955988583 -1.4768219201687307 0.6288154500223833 
Pedestrian 200 0 -9999.0 -9999.0 -9999.0 -9999.0 1.69 0.63 0.6976840544483844 -50.80283400354917 54.85392859164576 3.123985559873432 0.7754439486251226 
Pedestrian 500 0 -9999.0 -9999.0 -9999.0 -9999.0 1.73058774319234 0.7101215245582209 0.6750402935807774 -4.798842240553456 29.28437775747662 0.47776339423467046 -2.392020165616332 
Pedestrian 786 0 -9999.0 -9999.0 -9999.0 -9999.0 1.754453087292859 0.7698611054687652 0.7609389843372388 16.017200097152774 4.846934764235876 -1.2051514353464072 -0.3811323179598318 
Pedestrian 444 0 -9999.0 -9999.0 -9999.0 -9999.0 1.67471203143869 0.6555204803848336 0.5736618194335494 21.533795838179007 -34.062165785740106 -2.0288975943089818 -2.485322053982678 
Pedestrian 445 0 -9999.0 -9999.0 -9999.0 -9999.0 1.670434640999795 0.6163692190913159 0.5684680083201797 21.138466555221797 -34.51008007160192 -2.02889759433606 -2.485321963773993 
Pedestrian 788 0 -9999.0 -9999.0 -9999.0 -9999.0 1.754453087292859 0.5899688492936669 0.5676041344146343 18.372197493014088 5.335090969028062 -1.3312042686765058 -0.5757424002981342 
Pedestrian 3 0 -9999.0 -9999.0 -9999.0 -9999.0 1.842354395896898 0.6382350939655546 0.9400121142713256 -3.980660945338236 -0.5583152886948254 0.022442690174477697 -2.566105413862628 
Pedestrian 10 0 -9999.0 -9999.0 -9999.0 -9999.0 1.7590261450022302 0.702006775214263 0.7052123923125051 -4.385066863621704 -12.432664663738228 -0.04395770764070668 2.616445247346199 
Pedestrian 41 0 -9999.0 -9999.0 -9999.0 -9999.0 2 0.6571585988962698 0.7554807917772359 14.625010572291469 -30.41917979686685 -1.588862370968489 0.6288149023572256 
Pedestrian 5 0 -9999.0 -9999.0 -9999.0 -9999.0 1.7089298919090652 0.7825174641725112 0.8612832426404828 -2.8099254949148715 2.2847935809627664 -0.10944377714419944 2.6863840811321165 
Car 5 0 -9999.0 -9999.0 -9999.0 -9999.0 1.5724285917499632 5.014782295574825 2 6.031550026913893 -2.2977230141973486 -0.8229784725513086 -2.28475404832977 
Pedestrian 11 0 -9999.0 -9999.0 -9999.0 -9999.0 1.9677880983657603 0.9631785670254805 0.711264688143821 -7.365604844002719 -11.448488606699636 -0.13743525894579545 2.39651499625451 
Pedestrian 14 0 -9999.0 -9999.0 -9999.0 -9999.0 1.6305877431923363 0.6 0.6734859245436777 10.870875376731876 7.652262240035318 -0.9361259383784557 -0.4796032921837181 
Pedestrian 39 0 -9999.0 -9999.0 -9999.0 -9999.0 1.7 0.65 0.65 10.54093183868893 -19.573178623268895 -1.380630907527244 2.353940884678117 
Pedestrian 15 0 -9999.0 -9999.0 -9999.0 -9999.0 1.6305877431923363 0.6 0.6503560321088826 11.178131052354075 7.208190170395458 -0.9528105803306155 -0.12288112771713777 
Pedestrian 13 0 -9999.0 -9999.0 -9999.0 -9999.0 1.7 0.9685291057493832 0.7877186561711653 -10.839243297286213 -14.176893963051235 0.6476027437633386 -1.0754136420687725 
Pedestrian 12 0 -9999.0 -9999.0 -9999.0 -9999.0 1.896644712467402 0.9333747431203181 0.7690953251725241 -6.7815362860939015 -11.509585581808603 -0.18279501458472708 2.013119086393722 
Cyclist 2 0 -9999.0 -9999.0 -9999.0 -9999.0 1.560116241279065 1.839260145848103 0.7278515693859969 8.595208094418522 10.927165882281079 -0.8568257473901085 -1.6689096616299075 
Pedestrian 28 0 -9999.0 -9999.0 -9999.0 -9999.0 1.7 1.2 1.0763506547432953 -38.10479517035199 3.0010679638903257 1.424380891653146 0.05143041774779 
Pedestrian 2 0 -9999.0 -9999.0 -9999.0 -9999.0 2 0.7836441404428482 0.9443741684775213 -4.542875152298033 3.718932192423299 0.17796962102989713 2.4260870727530843 
Car 11 0 -9999.0 -9999.0 -9999.0 -9999.0 1.69 4.54481588975744 2.040306383298412 -18.992670270411477 39.155438442324126 1.1898602625066395 0.8401741039630881 
Pedestrian 7 0 -9999.0 -9999.0 -9999.0 -9999.0 1.7 0.8 0.8535328326521766 -10.275342397250006 -15.14690700624307 0.6122054770713783 -1.0343702130668646 
Car 3 0 -9999.0 -9999.0 -9999.0 -9999.0 1.8 5.100449653876395 2.312484526004296 38.285737890473364 -39.240054234271454 -2.9049331307077826 -2.3073797254091666 
Pedestrian 43 0 -9999.0 -9999.0 -9999.0 -9999.0 2 0.7615629417104234 0.696188533383779 20.458110449169638 -29.626549405097265 -1.8711927180787895 2.348148522340651 
Pedestrian 44 0 -9999.0 -9999.0 -9999.0 -9999.0 1.6059581573907105 0.7944697741447466 0.4913044739848224 13.278839191870738 8.215652050587874 -1.0867575964382143 -2.1357669697375563 
Pedestrian 79 0 -9999.0 -9999.0 -9999.0 -9999.0 1.7613351060176683 0.8149425341588683 0.6985547748057137 14.468537451849716 4.766178148274488 -1.0255824345099511 -0.5467551059820597 
Pedestrian 84 0 -9999.0 -9999.0 -9999.0 -9999.0 1.9025429523145614 0.725682981665881 0.7368412459176817 51.26886250417201 -38.40365815567756 -4.273835381596558 -2.1954793366809504 
Pedestrian 83 0 -9999.0 -9999.0 -9999.0 -9999.0 1.809446667261827 0.725682981665881 0.9253679294151745 52.88618676727871 -38.64707791702768 -4.311939658671133 -2.1954793366809504 
Pedestrain_sitting 50 0 -9999.0 -9999.0 -9999.0 -9999.0 1.4528940761633504 0.9099253014957234 0.8180524838412104 -18.56473705068347 9.402175004034099 1.0335978352697806 2.4702121002388076 
Pedestrian 46 0 -9999.0 -9999.0 -9999.0 -9999.0 1.5573774738804786 0.7293547127269011 0.5962560081055295 -2.4088869946752247 1.7926655746330398 -0.18744751912845597 2.7375781705429514 
Pedestrian 45 0 -9999.0 -9999.0 -9999.0 -9999.0 1.9966214826345094 0.8 0.7172404639596737 8.884881210652255 13.202834026614623 -0.6357558001957025 -2.273971330999192 
Pedestrian 78 0 -9999.0 -9999.0 -9999.0 -9999.0 1.754453087292859 0.7998805468127119 0.7640305746984918 16.036930042640336 4.221824674477101 -1.2047933277244938 0.07688610218191183 
Pedestrian 48 0 -9999.0 -9999.0 -9999.0 -9999.0 1.5961149522718188 0.6619864401580255 0.6154926255612282 -15.395324284802932 9.537338712436567 0.7382309576686616 -0.7261798400089816 
Pedestrian 49 0 -9999.0 -9999.0 -9999.0 -9999.0 1.765210105905453 0.5867696935238093 0.5198797403538553 -16.537044321578804 8.729576373197853 0.8653493805586308 2.349929456309386 
Pedestrian 51 0 -9999.0 -9999.0 -9999.0 -9999.0 1.882099771669414 0.9259751102461425 0.9 -35.62869211203347 -6.784553884624268 1.646186782628583 0.022301293583208093 
Car 6 0 -9999.0 -9999.0 -9999.0 -9999.0 1.676041974519338 4.8671445048684685 2.03 17.119055233239298 -15.867391431303721 -1.684308475685984 -2.28526814911565 
Pedestrian 2000 0 -9999.0 -9999.0 -9999.0 -9999.0 2 1.1789591111675595 0.768401472016625 -46.21980681053818 6.243837557432975 1.8174587667153859 1.7076233333671693 
Pedestrian 16 0 -9999.0 -9999.0 -9999.0 -9999.0 1.6305877431923363 0.7101215245582209 0.6750402935807774 13.405883771975473 5.967704859562698 -1.062459689338859 -0.4768489098531532 
Pedestrian 2222 0 -9999.0 -9999.0 -9999.0 -9999.0 1.69 0.6 0.5 -16.985818229486178 9.523112697000343 0.7861850902835956 2.319659005096412 
Pedestrian 59 0 -9999.0 -9999.0 -9999.0 -9999.0 1.7558926553517722 0.9540753035667296 0.8892660264138752 -44.529397610972424 -1.6186088854671143 1.6392338718690695 -2.82893280913202 
Pedestrian 6 0 -9999.0 -9999.0 -9999.0 -9999.0 1.612912994004546 0.71539134130477 0.7957522547186421 -2.0864931101077793 0.7470423884435242 -0.18319255930219935 2.67719352698885 
Pedestrian 25 0 -9999.0 -9999.0 -9999.0 -9999.0 1.84 0.7981017198465101 0.5743378791432734 12.395957188322853 7.8210197873600835 -0.8959563115368319 -0.5702939584409457 
Pedestrian 24 0 -9999.0 -9999.0 -9999.0 -9999.0 1.93 0.793932808351396 0.5932528551674032 12.484686998668966 7.347906874842112 -0.858965935263157 0.3416797915373504 
Pedestrain_sitting 33 0 -9999.0 -9999.0 -9999.0 -9999.0 1.2673681129106715 0.7977484165168576 0.7920398462192121 -33.062489881262046 -8.420327741583542 2.3735224525091447 -2.7177567242949596 
Pedestrain_sitting 320 0 -9999.0 -9999.0 -9999.0 -9999.0 1.2966448563220183 0.8 0.8563119095990239 -31.287550459638982 -9.500735501842787 2.4038264154130733 -0.5429929430400087 
Pedestrain_sitting 2002 0 -9999.0 -9999.0 -9999.0 -9999.0 1.2674531158975288 0.7727384659567491 0.6981591780998834 -32.30747758641633 -9.028172193569969 2.3773602075633913 0.6170376212796125 
Pedestrain_sitting 1 0 -9999.0 -9999.0 -9999.0 -9999.0 1.2640860333501678 0.63 0.63 -33.138968078163145 -9.418168858462195 2.3863661096552553 2.2166094457635133 
