Pedestrian 8 0 -9999.0 -9999.0 -9999.0 -9999.0 1.7 0.8 0.7600435189904073 -9.50295779299249 -15.558278664013123 0.578136941489739 -1.0343702538590662 
Pedestrian 4 0 -9999.0 -9999.0 -9999.0 -9999.0 1.8320570902627569 0.7625937850947424 0.7652162660566085 -3.293983558985871 -1.137588896828555 -0.11674266752287568 0.7644533621111318 
Pedestrian 37 0 -9999.0 -9999.0 -9999.0 -9999.0 1.9217071835278898 0.850147237776687 0.7877186561711653 8.424172932407897 -18.685852066276276 -1.1484049416147035 1.3035616536534684 
Pedestrian 38 0 -9999.0 -9999.0 -9999.0 -9999.0 1.7 0.65 0.7423727600760921 11.2282493063688 -21.085651506140426 -1.3786786778928302 2.5526651974781593 
Pedestrian 47 0 -9999.0 -9999.0 -9999.0 -9999.0 1.5406104228569182 0.5955157202642158 0.5813035391208994 -16.037101393887156 8.791061876848433 0.6982695927433238 2.349929456309386 
Pedestrian 70 0 -9999.0 -9999.0 -9999.0 -9999.0 2 0.6519103540370152 0.6166851379586125 -70.3134764976833 3.591719445473912 3.2104093811070684 -3.067936661719987 
Cyclist 1 0 -9999.0 -9999.0 -9999.0 -9999.0 1.273497039979345 1.1679049281179246 0.6772598817077023 -4.028041418839368 -16.18190967485129 -0.5247272210919421 0.35317103933248184 
Car 12 0 -9999.0 -9999.0 -9999.0 -9999.0 1.69 4.45 1.924707488251928 -24.307129710533534 45.26111051510788 1.4060379012591877 0.8271046063700407 
Car 10 0 -9999.0 -9999.0 -9999.0 -9999.0 1.5181230343809584 4.462338700471315 1.8650325355771653 22.05831593410314 -11.235436147635799 -1.9003209593661468 0.8145437214974542 
Car 15 0 -9999.0 -9999.0 -9999.0 -9999.0 1.7672335120061524 3.764270850722953 1.8800174910081242 26.42488319089504 1.9403380016455731 -1.6904274384862588 -0.6572188282890199 
Car 16 0 -9999.0 -9999.0 -9999.0 -9999.0 1.7 4.5 2.03 -47.49233224835076 -8.62534270971154 1.480141554120832 -1.9720984828614334 
Car 8 0 -9999.0 -9999.0 -9999.0 -9999.0 1.8236503254808505 4.652430226442514 2.0794754680329586 -32.07945637366038 40.2231319922598 1.5691711497286094 -2.273691380189362 
Pedestrian 57 0 -9999.0 -9999.0 -9999.0 -9999.0 2 1.0671895162272824 0.768401472016625 -46.414837985995966 -1.1432351516922492 2.028017018637337 1.3991748204441317 
Pedestrian 67 0 -9999.0 -9999.0 -9999.0 -9999.0 2 0.7558475072200068 0.8989041819551322 -49.67494766390379 -1.2696316780405024 2.1072232798939003 -3.068315644322208 
Pedestrian 1 0 -9999.0 -9999.0 -9999.0 -9999.0 1.7903321543446977 0.7650479644303426 0.950846051142035 -4.052768676812687 3.7318535439704883 0.03757063796662715 0.6828238825297008 
Pedestrian 35 0 -9999.0 -9999.0 -9999.0 -9999.0 1.7 0.7024503538413998 0.6687714678065018 12.124292940236808 -21.354170434826862 -1.3886359919362747 2.1075907268050145 
Pedestrian 69 0 -9999.0 -9999.0 -9999.0 -9999.0 1.7 0.9429772278416193 0.8213725974541288 -70.85009767420188 2.8962933248193368 3.0689307124824734 -3.0785555497979633 
Pedestrian 68 0 -9999.0 -9999.0 -9999.0 -9999.0 1.9703968735807393 0.9942528585731926 1.0566657177519059 -49.70577641247536 -0.3042165587158224 2.0941649548898185 -3.068315644322208 
Pedestrian 36 0 -9999.0 -9999.0 -9999.0 -9999.0 1.7 0.850147237776687 0.815974565350425 11.02591039618296 -19.845377008486615 -1.3818116219438044 0.9517235384986886 
Pedestrian 42 0 -9999.0 -9999.0 -9999.0 -9999.0 2 0.6571585988962698 0.7313037018629595 23.037769186330948 -36.817442632103116 -2.064346301967065 0.6288154500223833 
Pedestrian 200 0 -9999.0 -9999.0 -9999.0 -9999.0 1.69 0.63 0.6976840544483844 -42.89266362776767 45.804255184410515 2.6180957431407212 0.7754439486251226 
Pedestrian 400 0 -9999.0 -9999.0 -9999.0 -9999.0 1.8224402592701971 0.63 0.63 -56.220342755112 -0.3746009735249021 2.1848691247660836 0.558489849055972 
Pedestrian 1444 0 -9999.0 -9999.0 -9999.0 -9999.0 1.882099771669414 0.9259751102461425 0.7164228223321065 68.38465141919585 -60.45118899402337 -5.008943657975506 -2.222808923839155 
Pedestrian 444 0 -9999.0 -9999.0 -9999.0 -9999.0 1.67471203143869 0.6555204803848336 0.5736618194335494 12.32903774597553 -25.98209577875887 -1.6583890098110183 -2.485321963975707 
Pedestrian 445 0 -9999.0 -9999.0 -9999.0 -9999.0 1.670434640999795 0.6163692190913159 0.5684680083201797 12.027601768571273 -26.371855937469984 -1.6606115107557293 -2.485321963773993 
Pedestrian 1445 0 -9999.0 -9999.0 -9999.0 -9999.0 1.882099771669414 0.9259751102461425 0.8962289534873691 67.74559439215909 -60.94918960516986 -5.00595544933226 -2.2101460349571767 
Car 1 0 -9999.0 -9999.0 -9999.0 -9999.0 1.82408956127467 4.90333570536775 2.072828074906038 11.10027763830976 -12.031591285466146 -1.2542789376826808 -2.1668562551167483 
Motorcyclist 1 0 -9999.0 -9999.0 -9999.0 -9999.0 1.8447809626618457 2.4240048782345798 0.9572474581057621 25.41663151666158 6.045872718662942 -1.7760637172654807 2.5033890016864113 
Pedestrian 3 0 -9999.0 -9999.0 -9999.0 -9999.0 1.842354395896898 0.6382350939655546 0.9400121142713256 -3.8757086277048853 -0.35658167455029094 -0.02284841536136442 -2.418471963252575 
Pedestrian 10 0 -9999.0 -9999.0 -9999.0 -9999.0 1.7590261450022302 0.702006775214263 0.7052123923125051 -4.247247659080356 -12.751919043153087 -0.10401794681295193 2.156253739279114 
Pedestrian 41 0 -9999.0 -9999.0 -9999.0 -9999.0 2 0.6571585988962698 0.7554807917772359 22.54165762398178 -37.39444688482887 -2.078184404998523 0.6288151681744107 
Pedestrian 5 0 -9999.0 -9999.0 -9999.0 -9999.0 1.7089298919090652 0.7825174641725112 0.8612832426404828 -2.8930758087121813 2.327589233190619 -0.11594864706909414 2.665725931301635 
Pedestrian 22 0 -9999.0 -9999.0 -9999.0 -9999.0 1.67 0.65 0.65 28.163824719100997 -9.025750636214052 -2.0997135765542936 1.148987381596771 
Pedestrian 23 0 -9999.0 -9999.0 -9999.0 -9999.0 1.67 0.6 0.7 28.604871172770217 -8.535404543615154 -2.0924124155276598 0.42754043726066726 
Car 5 0 -9999.0 -9999.0 -9999.0 -9999.0 1.5724285917499632 5.014782295574825 2 -26.96777282253812 35.357656864090366 1.5748851030233002 -2.2847370124067776 
Pedestrian 11 0 -9999.0 -9999.0 -9999.0 -9999.0 1.9677880983657603 0.9631785670254805 0.711264688143821 -8.502699272747531 -11.351158952856347 0.03341570821563239 -2.879172858861274 
Car 2 0 -9999.0 -9999.0 -9999.0 -9999.0 1.7379414313283343 4.294220964496503 2.0468469009197627 -22.234969440571426 38.90195377205358 1.3938380269701731 0.8227144436122451 
Pedestrian 14 0 -9999.0 -9999.0 -9999.0 -9999.0 1.6305877431923363 0.6 0.6734859245436777 10.958413335105277 7.7476954240579365 -0.943991687348573 -0.4795992114478338 
Pedestrian 39 0 -9999.0 -9999.0 -9999.0 -9999.0 1.7 0.65 0.65 10.514841978763727 -19.618238770756328 -1.380630907527244 2.352880210891062 
Pedestrian 15 0 -9999.0 -9999.0 -9999.0 -9999.0 1.6305877431923363 0.6 0.6503560321088826 11.19108381889441 7.298344850057977 -0.9258944737114123 -0.12246240685359133 
Pedestrian 13 0 -9999.0 -9999.0 -9999.0 -9999.0 1.7 0.9685291057493832 0.7877186561711653 -10.96779850287561 -12.422666731738408 0.1422037574040325 -2.6037057187596364 
Pedestrian 12 0 -9999.0 -9999.0 -9999.0 -9999.0 1.896644712467402 0.9333747431203181 0.7690953251725241 -8.177851138231835 -11.968783825469966 0.048781570507852604 2.5135054305494116 
Cyclist 2 0 -9999.0 -9999.0 -9999.0 -9999.0 1.560116241279065 1.839260145848103 0.7278515693859969 8.568130948381336 10.991598577569201 -0.8893173204488911 -1.6689096616299075 
Pedestrian 9 0 -9999.0 -9999.0 -9999.0 -9999.0 1.9424866172712396 0.9116382039112533 0.7877186561711653 5.2914224524820055 -21.484386425234472 -1.0418923144923409 -2.5895793941702543 
Pedestrian 28 0 -9999.0 -9999.0 -9999.0 -9999.0 1.7 1.2 1.0763506547432953 -25.00052730918008 1.922819850476769 0.8981795619148943 0.21120799541474966 
Pedestrian 2 0 -9999.0 -9999.0 -9999.0 -9999.0 2 0.7836441404428482 0.9443741684775213 -4.1932678143795625 3.8464677611612084 0.15773308832747343 -2.464938825465941 
Car 11 0 -9999.0 -9999.0 -9999.0 -9999.0 1.69 4.54481588975744 2.040306383298412 -18.992670270411477 39.155438442324126 1.1898602625066395 0.8401741039630881 
Pedestrian 17 0 -9999.0 -9999.0 -9999.0 -9999.0 1.7218321758091406 0.7101215245582209 0.6750402935807774 25.492944372543665 -5.540727460194704 -1.847616871086215 -2.6153747030176397 
Pedestrian 18 0 -9999.0 -9999.0 -9999.0 -9999.0 1.704962334712036 0.8247941869054408 0.6750402935807774 26.17545921440676 -5.082118910256792 -1.8653428702389296 -2.5122478218645767 
Pedestrian 7 0 -9999.0 -9999.0 -9999.0 -9999.0 1.7 0.8 0.8535328326521766 -10.275342397250006 -15.14690700624307 0.6122054770713783 -1.0343702130668646 
Car 3 0 -9999.0 -9999.0 -9999.0 -9999.0 1.8 5.100449653876395 2.312484526004296 -1.642492887220881 5.783920435211487 -0.1167273655616494 -2.30746794353494 
Car 4 0 -9999.0 -9999.0 -9999.0 -9999.0 1.61198024485925 4.5 1.9330279163199107 -11.042401188122884 16.669255638401527 0.4904019424120263 -2.2741936001634677 
Pedestrian 65 0 -9999.0 -9999.0 -9999.0 -9999.0 1.8372573253125963 0.750147237776687 0.7159035773803712 -63.67552990915211 0.6161015782288664 2.460872830440372 0.07585043849534756 
Pedestrian 64 0 -9999.0 -9999.0 -9999.0 -9999.0 1.9625684947574882 0.850147237776687 0.6430822505184413 -55.662359682313436 0.3540511040177245 2.2850296473198752 0.14342330394726055 
Pedestrian 19 0 -9999.0 -9999.0 -9999.0 -9999.0 1.6305877431923363 0.7286035310250423 0.7074749626812281 34.810966658705134 7.194481643870686 -1.7498907417409684 1.3807260469381752 
Pedestrian 43 0 -9999.0 -9999.0 -9999.0 -9999.0 2 0.7615629417104234 0.696188533383779 20.542345353821535 -29.400276170506014 -1.9725378822762092 1.9483359646753247 
Pedestrian 44 0 -9999.0 -9999.0 -9999.0 -9999.0 1.6059581573907105 0.7944697741447466 0.4913044739848224 4.74469229575528 17.443455671762823 -0.34099560859505396 -2.320580872272476 
Pedestrian 79 0 -9999.0 -9999.0 -9999.0 -9999.0 1.7613351060176683 0.8149425341588683 0.6985547748057137 23.80818026224262 7.196319106527962 -1.5348613129940094 -0.13295259455177444 
Pedestrain_sitting 50 0 -9999.0 -9999.0 -9999.0 -9999.0 1.4528940761633504 0.9099253014957234 0.8180524838412104 -18.59424255683183 9.51538661990776 1.0123356386824143 2.4702121002388076 
Pedestrian 46 0 -9999.0 -9999.0 -9999.0 -9999.0 1.5573774738804786 0.7293547127269011 0.5962560081055295 -2.5086963511441693 1.8543534439650484 -0.20507500968177678 2.663808318286275 
Pedestrian 45 0 -9999.0 -9999.0 -9999.0 -9999.0 1.9966214826345094 0.8 0.7172404639596737 -2.2061445341646513 25.724159799664708 0.3957564649632233 -2.2739713199767593 
Pedestrian 75 0 -9999.0 -9999.0 -9999.0 -9999.0 1.7399364425605603 0.8854463579159768 0.711264688143821 -3.4472378139958657 -15.437434091766246 -0.23209700611733822 -2.611412066849299 
Pedestrian 78 0 -9999.0 -9999.0 -9999.0 -9999.0 1.754453087292859 0.7998805468127119 0.7640305746984918 24.71558365496995 8.231329925473117 -1.483431571414594 -0.5464730901514603 
Pedestrian 48 0 -9999.0 -9999.0 -9999.0 -9999.0 1.5961149522718188 0.6619864401580255 0.6154926255612282 -15.413776140422438 9.57412250501031 0.7556915559028985 -0.7261798400089816 
Pedestrian 49 0 -9999.0 -9999.0 -9999.0 -9999.0 1.765210105905453 0.5867696935238093 0.5198797403538553 -16.748749354499196 8.865912535767876 0.8354178036927316 2.349929456309386 
Pedestrian 29 0 -9999.0 -9999.0 -9999.0 -9999.0 1.882099771669414 0.7512326510326077 0.7164228223321065 -36.08884964871515 -7.409945122890373 1.6461817376215497 -0.010023649131229107 
Pedestrian 51 0 -9999.0 -9999.0 -9999.0 -9999.0 1.882099771669414 0.9259751102461425 0.9 -35.62869211203347 -6.784553884624268 1.646186782628583 0.022301293583208093 
Pedestrian 52 0 -9999.0 -9999.0 -9999.0 -9999.0 1.882099771669414 0.9259751102461425 0.7164228223321065 -35.935843782290014 -5.879807932474165 1.6522477516754936 -1.5150199842287115 
Car 6 0 -9999.0 -9999.0 -9999.0 -9999.0 1.676041974519338 4.8671445048684685 2.03 -19.87586004170319 27.494456990508958 1.1484523643056828 -2.287500987252013 
Pedestrian 16 0 -9999.0 -9999.0 -9999.0 -9999.0 1.6305877431923363 0.7101215245582209 0.6750402935807774 13.405492613188006 5.968214521504386 -1.0450605222399758 -0.4768489098531532 
Pedestrian 2222 0 -9999.0 -9999.0 -9999.0 -9999.0 1.69 0.6 0.5 -16.829855975589208 9.69090888870778 0.7861850902835956 2.319659005096412 
Pedestrian 59 0 -9999.0 -9999.0 -9999.0 -9999.0 1.7558926553517722 0.9540753035667296 0.8892660264138752 -55.001316948161616 5.761925780800116 2.0356222450216728 -2.4283735689091923 
Car 7 0 -9999.0 -9999.0 -9999.0 -9999.0 2 4 2 -70.59114798435517 10.070374158500105 2.9984059796989073 -0.9037443940103032 
Pedestrian 6 0 -9999.0 -9999.0 -9999.0 -9999.0 1.612912994004546 0.71539134130477 0.7957522547186421 -2.14523137863443 0.7005058652543852 -0.19294506235547584 2.6771945150586713 
Pedestrian 61 0 -9999.0 -9999.0 -9999.0 -9999.0 1.9555179380931804 1.0800384848323523 0.9577007499395704 -41.61008482023958 -2.0946505416940164 1.7328841889125128 0.31265984445777306 
Pedestrian 25 0 -9999.0 -9999.0 -9999.0 -9999.0 1.84 0.7981017198465101 0.5743378791432734 12.334344122602445 7.806185646721424 -0.9111363786692175 -0.5370885781828107 
Pedestrian 24 0 -9999.0 -9999.0 -9999.0 -9999.0 1.93 0.793932808351396 0.5932528551674032 12.478365833590662 7.413617634367852 -0.8840944405703671 0.3415981368885994 
Pedestrian 54 0 -9999.0 -9999.0 -9999.0 -9999.0 2.059314376687098 0.7896582871023229 0.8661615796766307 -33.51552661530563 -7.675854648653022 2.768586879833667 2.1886424491822023 
Pedestrain_sitting 33 0 -9999.0 -9999.0 -9999.0 -9999.0 1.2673681129106715 0.7977484165168576 0.7920398462192121 -33.062489881262046 -8.420327741583542 2.3735224525091447 -3.0768645490995628 
Pedestrain_sitting 222 0 -9999.0 -9999.0 -9999.0 -9999.0 1.2966448563220183 0.8 0.8 -32.07132866091606 -9.86514408546217 2.4038264154130733 2.5985997105497844 
Pedestrain_sitting 320 0 -9999.0 -9999.0 -9999.0 -9999.0 1.2966448563220183 0.8 0.8563119095990239 -31.341970475947704 -9.465446986618593 2.4038264154130733 -0.5429929430400087 
Pedestrain_sitting 2002 0 -9999.0 -9999.0 -9999.0 -9999.0 1.2674531158975288 0.7727384659567491 0.6981591780998834 -32.30747758641633 -9.028172193569969 2.3773602075633913 0.6170376212796125 
Pedestrain_sitting 1 0 -9999.0 -9999.0 -9999.0 -9999.0 1.2640860333501678 0.63 0.63 -33.138968078163145 -9.418168858462195 2.3863661096552553 2.2166094457635133 
