Pedestrian 8 0 -9999.0 -9999.0 -9999.0 -9999.0 1.7 0.8 0.7600435189904073 -9.50295779299249 -15.558278664013123 0.578136941489739 -1.0343702538590662 
Pedestrian 4 0 -9999.0 -9999.0 -9999.0 -9999.0 1.8320570902627569 0.7625937850947424 0.7652162660566085 -3.3344412876572718 -1.0990108113841148 -0.09773198795191074 0.7644533621111318 
Pedestrian 37 0 -9999.0 -9999.0 -9999.0 -9999.0 1.9217071835278898 0.850147237776687 0.7877186561711653 8.47733313693981 -18.633176916734847 -1.1484049416147035 1.1297134736377856 
Pedestrian 38 0 -9999.0 -9999.0 -9999.0 -9999.0 1.7 0.65 0.7423727600760921 11.385978807186717 -20.9821194809025 -1.3786786778928302 2.5526651974781593 
Pedestrian 27 0 -9999.0 -9999.0 -9999.0 -9999.0 2 0.850147237776687 0.7877186561711653 -15.600129115412603 15.325188809371049 0.9763861981396312 -2.3663221506661074 
Pedestrian 47 0 -9999.0 -9999.0 -9999.0 -9999.0 1.5406104228569182 0.5955157202642158 0.5813035391208994 -16.05297571494295 8.765576670139394 0.6710907000862751 2.349929456309386 
Pedestrian 70 0 -9999.0 -9999.0 -9999.0 -9999.0 2 0.6519103540370152 0.6166851379586125 -77.23189127064555 4.7697522044802145 3.374198212043923 -3.067936661719987 
Cyclist 1 0 -9999.0 -9999.0 -9999.0 -9999.0 1.273497039979345 1.1679049281179246 0.6772598817077023 -4.024342457260228 -16.16665168317294 -0.5343075700908545 0.35317389225648377 
Car 10 0 -9999.0 -9999.0 -9999.0 -9999.0 1.5181230343809584 4.462338700471315 1.8650325355771653 27.730946175222414 -17.30971187346992 -2.284009165585578 0.8138815225860929 
Car 15 0 -9999.0 -9999.0 -9999.0 -9999.0 1.7672335120061524 3.764270850722953 1.8800174910081242 26.42488319089504 1.9403380016455731 -1.6904274384862588 -0.6572188282890199 
Car 16 0 -9999.0 -9999.0 -9999.0 -9999.0 1.7 4.5 2.03 -47.49233224835076 -8.62534270971154 1.480141554120832 -1.9720984828614334 
Car 8 0 -9999.0 -9999.0 -9999.0 -9999.0 1.8236503254808505 4.652430226442514 2.0794754680329586 -51.98955380584674 62.758057332329756 3.278735848360733 -2.2736913801871292 
Pedestrian 67 0 -9999.0 -9999.0 -9999.0 -9999.0 2 0.7558475072200068 0.8989041819551322 -55.71969845634644 -1.0778471920627424 2.0868065592783944 -3.068315644322208 
Pedestrian 1 0 -9999.0 -9999.0 -9999.0 -9999.0 1.7903321543446977 0.7650479644303426 0.950846051142035 -4.177389009407791 3.5936799204807546 0.01145694564545902 0.5878793051945284 
Pedestrian 35 0 -9999.0 -9999.0 -9999.0 -9999.0 1.7 0.7024503538413998 0.6687714678065018 12.123193820414674 -21.35351637000715 -1.3886359919362747 2.1075907268050145 
Pedestrian 80 0 -9999.0 -9999.0 -9999.0 -9999.0 1.814395361872812 0.7890274310610776 0.7537002650888356 57.407458123133544 -43.76972395006925 -4.129160264380965 -2.1424088356789674 
Pedestrian 30 0 -9999.0 -9999.0 -9999.0 -9999.0 2.0438877301746876 1 0.9632155466104403 -32.57470682261833 -7.12022582255942 2.2024659292129343 -0.4794257268980573 
Pedestrian 69 0 -9999.0 -9999.0 -9999.0 -9999.0 1.7 0.9429772278416193 0.8213725974541288 -77.49435411005078 3.9105980279293058 3.275363629127828 -3.0785555494601553 
Pedestrian 68 0 -9999.0 -9999.0 -9999.0 -9999.0 1.9703968735807393 0.9942528585731926 1.0566657177519059 -55.62772925724851 -0.07238675592408432 2.066891068234581 -3.068315644322208 
Pedestrian 36 0 -9999.0 -9999.0 -9999.0 -9999.0 1.7 0.850147237776687 0.815974565350425 11.004327491876788 -19.96231919770079 -1.3818116219438044 1.7555998585214372 
Pedestrian 42 0 -9999.0 -9999.0 -9999.0 -9999.0 2 0.6571585988962698 0.7313037018629595 28.407472899964425 -40.81312395395935 -2.0771836555228522 0.6288154500223833 
Pedestrian 201 0 -9999.0 -9999.0 -9999.0 -9999.0 1.69 0.63 0.7061297036483256 -38.37652087749239 41.763694740393085 2.2407285458600477 0.7754439486251226 
Pedestrian 200 0 -9999.0 -9999.0 -9999.0 -9999.0 1.69 0.63 0.6976840544483844 -38.31044976264207 40.780278825974165 2.237380651512556 0.7754439486251226 
Pedestrian 888 0 -9999.0 -9999.0 -9999.0 -9999.0 1.9370659336890772 0.7802022774271908 0.7396771291660864 28.09965075342363 -43.52141427565267 -2.0693953453541387 2.8607096612164113 
Pedestrian 1444 0 -9999.0 -9999.0 -9999.0 -9999.0 1.882099771669414 0.9259751102461425 0.7164228223321065 63.419273385766374 -53.345255789989054 -4.77379112129698 -2.222808923839155 
Pedestrian 444 0 -9999.0 -9999.0 -9999.0 -9999.0 1.67471203143869 0.6555204803848336 0.5736618194335494 6.248638920240711 -21.7395416878319 -1.044945430077316 -2.4853219647211446 
Pedestrian 445 0 -9999.0 -9999.0 -9999.0 -9999.0 1.670434640999795 0.6163692190913159 0.5684680083201797 5.91968157960832 -22.23612180504364 -1.0945500550727898 -2.4853219645152365 
Pedestrian 1445 0 -9999.0 -9999.0 -9999.0 -9999.0 1.882099771669414 0.9259751102461425 0.8962289534873691 62.76683746628586 -53.95977569435209 -4.77379112129698 -2.381287662176975 
Car 1 0 -9999.0 -9999.0 -9999.0 -9999.0 1.82408956127467 4.90333570536775 2.072828074906038 -6.01598793470355 10.635830104243864 -0.013755021277439959 -2.2923482517592895 
Motorcyclist 1 0 -9999.0 -9999.0 -9999.0 -9999.0 1.8447809626618457 2.4240048782345798 0.9572474581057621 -2.331666535962193 9.87413362368771 -0.12414204853055544 -2.387719434144042 
Pedestrian 3 0 -9999.0 -9999.0 -9999.0 -9999.0 1.842354395896898 0.6382350939655546 0.9400121142713256 -3.8869279137555357 -0.3538569350187063 -0.029683922690433136 -2.4156577760748714 
Pedestrian 10 0 -9999.0 -9999.0 -9999.0 -9999.0 1.7590261450022302 0.702006775214263 0.7052123923125051 -4.153571685324596 -12.566466214857568 -0.11849646346281419 2.1562542834728546 
Pedestrian 41 0 -9999.0 -9999.0 -9999.0 -9999.0 2 0.6571585988962698 0.7554807917772359 27.578887215122997 -41.4445433770184 -2.0781844059458856 0.6288154500223833 
Pedestrian 5 0 -9999.0 -9999.0 -9999.0 -9999.0 1.7089298919090652 0.7825174641725112 0.8612832426404828 -6.055249628951608 2.729680052112897 -0.0013188077711082876 -2.7270354156787704 
Pedestrian 22 0 -9999.0 -9999.0 -9999.0 -9999.0 1.67 0.65 0.65 28.207128646627655 -8.752633405587895 -2.0997135765542936 1.6745832115879908 
Pedestrian 23 0 -9999.0 -9999.0 -9999.0 -9999.0 1.67 0.6 0.7 28.604871172770217 -8.535404543615154 -2.0924124155276598 0.42754043726066726 
Car 5 0 -9999.0 -9999.0 -9999.0 -9999.0 1.5724285917499632 5.014782295574825 2 -26.745414447260234 35.31836559945247 1.440383828522976 -2.284178898066946 
Pedestrian 11 0 -9999.0 -9999.0 -9999.0 -9999.0 1.9677880983657603 0.9631785670254805 0.711264688143821 -14.854628507244934 -9.688427345431194 0.4636292677746045 -2.8340700667843244 
Car 2 0 -9999.0 -9999.0 -9999.0 -9999.0 1.7379414313283343 4.294220964496503 2.0468469009197627 -7.276358392509776 22.46514930620031 0.4610850598519606 0.8654936400432334 
Pedestrian 14 0 -9999.0 -9999.0 -9999.0 -9999.0 1.6305877431923363 0.6 0.6734859245436777 11.024021635630053 7.801359440210288 -0.9534324316945137 -0.46611865707683364 
Pedestrian 39 0 -9999.0 -9999.0 -9999.0 -9999.0 1.7 0.65 0.65 10.58628759452393 -19.578407032675095 -1.380630907527244 2.353868443098275 
Pedestrian 15 0 -9999.0 -9999.0 -9999.0 -9999.0 1.6305877431923363 0.6 0.6503560321088826 11.20046846533026 7.2815848222036 -0.9495892819363503 -0.09933913671865646 
Pedestrian 13 0 -9999.0 -9999.0 -9999.0 -9999.0 1.7 0.9685291057493832 0.7877186561711653 -17.023758531633618 -9.97491399491938 0.5007628119551797 -2.9180502374302257 
Pedestrian 12 0 -9999.0 -9999.0 -9999.0 -9999.0 1.896644712467402 0.9333747431203181 0.7690953251725241 -15.059142981163165 -10.452408371939702 0.4463978385203696 -2.834749403135465 
Cyclist 2 0 -9999.0 -9999.0 -9999.0 -9999.0 1.560116241279065 1.839260145848103 0.7278515693859969 8.56192256542391 10.94731064725361 -0.871653631693728 -1.6689096617949648 
Pedestrian 9 0 -9999.0 -9999.0 -9999.0 -9999.0 1.9424866172712396 0.9116382039112533 0.7877186561711653 -0.6728983641010913 -17.46937544214437 -0.6236537490735365 -2.5895793941702543 
Pedestrian 28 0 -9999.0 -9999.0 -9999.0 -9999.0 1.7 1.2 1.0763506547432953 -18.88221400668134 -1.9663537829629687 0.5162565961736347 0.904281135747806 
Pedestrian 2 0 -9999.0 -9999.0 -9999.0 -9999.0 2 0.7836441404428482 0.9443741684775213 -4.320795248852061 3.7807384536746547 0.1395647593050212 -2.455979011008729 
Car 11 0 -9999.0 -9999.0 -9999.0 -9999.0 1.69 4.54481588975744 2.040306383298412 -18.992670270411477 39.155438442324126 1.1898602625066395 0.8401741039630881 
Pedestrian 17 0 -9999.0 -9999.0 -9999.0 -9999.0 1.7218321758091406 0.7101215245582209 0.6750402935807774 20.76679340525373 -1.0930649805065946 -1.6116193105610719 -2.310559787401928 
Pedestrian 18 0 -9999.0 -9999.0 -9999.0 -9999.0 1.704962334712036 0.8247941869054408 0.6750402935807774 21.05403567094295 -0.633731517585423 -1.6036742562065007 -2.301949935511951 
Pedestrian 7 0 -9999.0 -9999.0 -9999.0 -9999.0 1.7 0.8 0.8535328326521766 -10.275342397250006 -15.14690700624307 0.6122054770713783 -1.0343702130668646 
Car 4 0 -9999.0 -9999.0 -9999.0 -9999.0 1.61198024485925 4.5 1.9330279163199107 -16.548001919807735 23.238077467163794 0.8731320241756587 -2.3054491438017433 
Car 3 0 -9999.0 -9999.0 -9999.0 -9999.0 1.8 5.100449653876395 2.312484526004296 -10.479088737241199 16.072371121117335 0.4913964250101719 -2.3067185104961716 
Pedestrian 66 0 -9999.0 -9999.0 -9999.0 -9999.0 1.8611242323886472 0.7189171018987618 0.7035161291767663 -56.993934196583695 1.0267568068148822 2.0451492776538482 0.07585043849534756 
Pedestrian 65 0 -9999.0 -9999.0 -9999.0 -9999.0 1.8372573253125963 0.750147237776687 0.7159035773803712 -56.93450824144961 0.23971160351258725 2.013254532430548 0.07585043849534756 
Pedestrian 64 0 -9999.0 -9999.0 -9999.0 -9999.0 1.9625684947574882 0.850147237776687 0.6430822505184413 -50.38916496088436 -0.180953120913373 1.9253571325584846 0.14342330394726055 
Pedestrian 21 0 -9999.0 -9999.0 -9999.0 -9999.0 2 0.8283453457591881 0.7913798815301225 30.349781833571832 9.498463776625703 -1.5862011299702683 2.77969601519489 
Pedestrian 20 0 -9999.0 -9999.0 -9999.0 -9999.0 2 0.8283453457591881 0.8148441816725611 30.055282903235717 10.252749454180613 -1.5798125745214466 2.77969601519489 
Pedestrian 19 0 -9999.0 -9999.0 -9999.0 -9999.0 1.6305877431923363 0.7286035310250423 0.7074749626812281 34.23451562555301 6.835320442375265 -1.699357479715105 -1.760535258569405 
Pedestrian 43 0 -9999.0 -9999.0 -9999.0 -9999.0 2 0.7615629417104234 0.696188533383779 21.566194689694356 -31.402743715387608 -1.930454101640011 0.6569739328346955 
Pedestrian 79 0 -9999.0 -9999.0 -9999.0 -9999.0 1.7613351060176683 0.8149425341588683 0.6985547748057137 32.50985328659962 10.046762636380688 -1.7251179526686231 -0.447897199536726 
Pedestrian 81 0 -9999.0 -9999.0 -9999.0 -9999.0 1.8373735799096318 0.9362483401005941 0.7537002650888356 56.71536638800452 -44.05653847888011 -4.120923133782145 -2.1424088356789674 
Pedestrian 82 0 -9999.0 -9999.0 -9999.0 -9999.0 1.8539710429250613 0.9362483401005941 0.7537002650888356 57.71332102724671 -45.2272183770287 -4.1108513370199775 -2.142408759018963 
Pedestrain_sitting 50 0 -9999.0 -9999.0 -9999.0 -9999.0 1.4528940761633504 0.9099253014957234 0.8180524838412104 -18.301760735176416 9.439598110471191 0.9868193947308983 2.4702121002388076 
Pedestrian 46 0 -9999.0 -9999.0 -9999.0 -9999.0 1.5573774738804786 0.7293547127269011 0.5962560081055295 -5.698995446698447 2.250497695235343 -0.04887052808425796 -2.788130098780904 
Pedestrian 75 0 -9999.0 -9999.0 -9999.0 -9999.0 1.7399364425605603 0.8854463579159768 0.711264688143821 -10.692331695391847 -12.56455316220216 0.16434747446606038 -2.645423540221053 
Pedestrian 48 0 -9999.0 -9999.0 -9999.0 -9999.0 1.5961149522718188 0.6619864401580255 0.6154926255612282 -15.423515774190907 9.501280926879039 0.6995319589107895 -0.7261798400089816 
Pedestrian 49 0 -9999.0 -9999.0 -9999.0 -9999.0 1.765210105905453 0.5867696935238093 0.5198797403538553 -16.74024902257441 8.800447917781355 0.8024163835998902 2.349929456309386 
Pedestrian 29 0 -9999.0 -9999.0 -9999.0 -9999.0 1.882099771669414 0.7512326510326077 0.7164228223321065 -36.08884964871515 -7.409945122890373 1.6461817376215497 -0.010023649131229107 
Pedestrian 51 0 -9999.0 -9999.0 -9999.0 -9999.0 1.882099771669414 0.9259751102461425 0.9 -35.62869211203347 -6.784553884624268 1.646186782628583 0.022301293583208093 
Pedestrian 52 0 -9999.0 -9999.0 -9999.0 -9999.0 1.882099771669414 0.9259751102461425 0.7164228223321065 -35.935843782290014 -5.879807932474165 1.6522477516754936 -1.5150199842287115 
Car 6 0 -9999.0 -9999.0 -9999.0 -9999.0 1.676041974519338 4.8671445048684685 2.03 -21.06531224911472 28.73755047947176 1.258974472455317 -2.2839287680382334 
Pedestrian 16 0 -9999.0 -9999.0 -9999.0 -9999.0 1.6305877431923363 0.7101215245582209 0.6750402935807774 13.405499838785586 5.968066528324721 -1.0507508639042178 -0.4768489098531532 
Pedestrian 2222 0 -9999.0 -9999.0 -9999.0 -9999.0 1.69 0.6 0.5 -16.88609543422733 9.630402152318867 0.7861850902835956 2.319659005096412 
Pedestrian 6 0 -9999.0 -9999.0 -9999.0 -9999.0 1.612912994004546 0.71539134130477 0.7957522547186421 -2.1527946936257294 0.7023115241869959 -0.22140926173182512 2.677142013827387 
Pedestrian 61 0 -9999.0 -9999.0 -9999.0 -9999.0 1.9555179380931804 1.0800384848323523 0.9577007499395704 -36.908975668927035 -3.517304466622471 1.6888858658424764 0.31265984445777306 
Pedestrian 25 0 -9999.0 -9999.0 -9999.0 -9999.0 1.84 0.7981017198465101 0.5743378791432734 12.487548307556736 7.814887268665415 -0.9283233691884516 -0.33754744820661386 
Pedestrian 24 0 -9999.0 -9999.0 -9999.0 -9999.0 1.93 0.793932808351396 0.5932528551674032 12.453312869530464 7.33327648540865 -0.8681207674277118 0.3219290538055013 
Pedestrain_sitting 33 0 -9999.0 -9999.0 -9999.0 -9999.0 1.2673681129106715 0.7977484165168576 0.7920398462192121 -33.062489881262046 -8.420327741583542 2.3735224525091447 2.9991094642591207 
Pedestrain_sitting 222 0 -9999.0 -9999.0 -9999.0 -9999.0 1.2966448563220183 0.8 0.8 -32.07132866091606 -9.86514408546217 2.4038264154130733 2.5985997105497844 
Pedestrain_sitting 320 0 -9999.0 -9999.0 -9999.0 -9999.0 1.2966448563220183 0.8 0.8563119095990239 -31.37232342562038 -9.445764696915719 2.4038264154130733 -0.5429929430400087 
Pedestrain_sitting 2002 0 -9999.0 -9999.0 -9999.0 -9999.0 1.2674531158975288 0.7727384659567491 0.6981591780998834 -32.30747758641633 -9.028172193569969 2.3773602075633913 0.6170376212796125 
Pedestrain_sitting 1 0 -9999.0 -9999.0 -9999.0 -9999.0 1.2640860333501678 0.63 0.63 -33.138968078163145 -9.418168858462195 2.3863661096552553 2.2166094457635133 
