Pedestrian 8 0 -9999.0 -9999.0 -9999.0 -9999.0 1.7 0.8 0.7600435189904073 -9.50295779299249 -15.558278664013123 0.578136941489739 -1.0343702538590662 
Pedestrian 4 0 -9999.0 -9999.0 -9999.0 -9999.0 1.8320570902627569 0.7625937850947424 0.7652162660566085 -3.30481391284819 -1.127354816334669 -0.10033138072744725 0.7644533621111318 
Pedestrian 37 0 -9999.0 -9999.0 -9999.0 -9999.0 1.9217071835278898 0.850147237776687 0.7877186561711653 8.424611265926837 -18.627908851956168 -1.1484049416147035 1.3222842145525942 
Pedestrian 38 0 -9999.0 -9999.0 -9999.0 -9999.0 1.7 0.65 0.7423727600760921 11.288394140402431 -21.04639049146705 -1.3786786778928302 2.5526651974781593 
Pedestrian 47 0 -9999.0 -9999.0 -9999.0 -9999.0 1.5406104228569182 0.5955157202642158 0.5813035391208994 -16.03142108534735 8.595068833216661 0.6987658488056123 2.349929456309386 
Pedestrian 70 0 -9999.0 -9999.0 -9999.0 -9999.0 2 0.6519103540370152 0.6166851379586125 -73.75473936491996 4.5039793844784635 3.263595888915422 -3.067936661719987 
Cyclist 1 0 -9999.0 -9999.0 -9999.0 -9999.0 1.273497039979345 1.1679049281179246 0.6772598817077023 -4.057824521001149 -16.25805611322814 -0.5326727602485716 0.35340292746984403 
Car 12 0 -9999.0 -9999.0 -9999.0 -9999.0 1.69 4.45 1.924707488251928 -24.307129710533534 45.26111051510788 1.4060379012591877 0.8271046063700407 
Car 10 0 -9999.0 -9999.0 -9999.0 -9999.0 1.5181230343809584 4.462338700471315 1.8650325355771653 27.49921346124181 -17.08863539086642 -2.3379336551115215 0.8144410727991795 
Car 15 0 -9999.0 -9999.0 -9999.0 -9999.0 1.7672335120061524 3.764270850722953 1.8800174910081242 26.42488319089504 1.9403380016455731 -1.6904274384862588 -0.6572188282890199 
Car 16 0 -9999.0 -9999.0 -9999.0 -9999.0 1.7 4.5 2.03 -47.49233224835076 -8.62534270971154 1.480141554120832 -1.9720984828614334 
Car 8 0 -9999.0 -9999.0 -9999.0 -9999.0 1.8236503254808505 4.652430226442514 2.0794754680329586 -35.74824434268711 44.6136735865465 1.8008548670505047 -2.2736913801867296 
Pedestrian 67 0 -9999.0 -9999.0 -9999.0 -9999.0 2 0.7558475072200068 0.8989041819551322 -52.888320773198764 -1.344915687666598 1.9300059083606367 -3.068315644322208 
Pedestrian 1 0 -9999.0 -9999.0 -9999.0 -9999.0 1.7903321543446977 0.7650479644303426 0.950846051142035 -4.110276416753724 3.6464351218259616 0.03242961714783587 0.673496028479029 
Pedestrian 35 0 -9999.0 -9999.0 -9999.0 -9999.0 1.7 0.7024503538413998 0.6687714678065018 12.123786769644068 -21.35386922255608 -1.3886359919362747 2.1075907268050145 
Pedestrian 69 0 -9999.0 -9999.0 -9999.0 -9999.0 1.7 0.9429772278416193 0.8213725974541288 -74.2045601726125 3.6533638060543576 3.1562478762978197 -3.0785555910884455 
Pedestrian 68 0 -9999.0 -9999.0 -9999.0 -9999.0 1.9703968735807393 0.9942528585731926 1.0566657177519059 -52.77155488339693 -0.36715160973305844 1.9059250197471498 -3.068315644322208 
Pedestrian 36 0 -9999.0 -9999.0 -9999.0 -9999.0 1.7 0.850147237776687 0.815974565350425 11.035128357000108 -19.852742272405862 -1.3818116219438044 1.201110735609407 
Pedestrian 42 0 -9999.0 -9999.0 -9999.0 -9999.0 2 0.6571585988962698 0.7313037018629595 25.701952230272937 -38.50755378956447 -2.0656538719944697 0.6288154500223833 
Pedestrian 201 0 -9999.0 -9999.0 -9999.0 -9999.0 1.69 0.63 0.7061297036483256 -40.85557038995351 44.39313434270751 2.567230124068763 0.7754439486251226 
Pedestrian 200 0 -9999.0 -9999.0 -9999.0 -9999.0 1.69 0.63 0.6976840544483844 -40.72924722614333 43.07834137790133 2.57352966971864 0.7754439486251226 
Pedestrian 400 0 -9999.0 -9999.0 -9999.0 -9999.0 1.8224402592701971 0.63 0.63 -53.40839067908475 -0.4891732843769414 1.8279711308722444 0.558489849055972 
Pedestrian 1444 0 -9999.0 -9999.0 -9999.0 -9999.0 1.882099771669414 0.9259751102461425 0.7164228223321065 65.65911975155159 -57.10575038283613 -4.768166353829996 -2.222808923839155 
Pedestrian 444 0 -9999.0 -9999.0 -9999.0 -9999.0 1.67471203143869 0.6555204803848336 0.5736618194335494 9.745898180995034 -23.27803558162137 -1.5569510240273259 -2.4853219643352578 
Pedestrian 445 0 -9999.0 -9999.0 -9999.0 -9999.0 1.670434640999795 0.6163692190913159 0.5684680083201797 9.37632628566047 -23.765207191551074 -1.5540587054655681 -2.485321963783303 
Pedestrian 1445 0 -9999.0 -9999.0 -9999.0 -9999.0 1.882099771669414 0.9259751102461425 0.8962289534873691 65.05286920013992 -57.65806548426455 -4.774872927635662 -2.196733828980282 
Car 1 0 -9999.0 -9999.0 -9999.0 -9999.0 1.82408956127467 4.90333570536775 2.072828074906038 1.2952531521511843 2.353526485405402 -0.32109978436863507 -2.2638892125433383 
Motorcyclist 1 0 -9999.0 -9999.0 -9999.0 -9999.0 1.8447809626618457 2.4240048782345798 0.9572474581057621 9.707886892054256 1.7935939866986348 -0.7614563036911924 -2.8867283573254454 
Pedestrian 3 0 -9999.0 -9999.0 -9999.0 -9999.0 1.842354395896898 0.6382350939655546 0.9400121142713256 -3.834130638342594 -0.323209461579128 -0.02410639268642675 -2.4207693840411295 
Pedestrian 10 0 -9999.0 -9999.0 -9999.0 -9999.0 1.7590261450022302 0.702006775214263 0.7052123923125051 -4.14609012642074 -12.529860861079401 -0.07818824406123154 2.1562545645706237 
Pedestrian 41 0 -9999.0 -9999.0 -9999.0 -9999.0 2 0.6571585988962698 0.7554807917772359 25.24792917568812 -39.17368227553757 -2.0781844059458856 0.6288153292341203 
Pedestrian 5 0 -9999.0 -9999.0 -9999.0 -9999.0 1.7089298919090652 0.7825174641725112 0.8612832426404828 -4.127887662033294 2.3418593874551465 -0.012599837743947604 -3.036274467124871 
Pedestrian 22 0 -9999.0 -9999.0 -9999.0 -9999.0 1.67 0.65 0.65 28.181464284306735 -8.863304908018465 -2.0997135765542936 1.3093236801514285 
Pedestrian 23 0 -9999.0 -9999.0 -9999.0 -9999.0 1.67 0.6 0.7 28.604871172770217 -8.535404543615154 -2.0924124155276598 0.42754043726066726 
Car 5 0 -9999.0 -9999.0 -9999.0 -9999.0 1.5724285917499632 5.014782295574825 2 -26.79938757396017 35.33294260041349 1.2347644415023507 -2.284200969937416 
Pedestrian 11 0 -9999.0 -9999.0 -9999.0 -9999.0 1.9677880983657603 0.9631785670254805 0.711264688143821 -11.707403136765658 -10.77792903153195 0.2844754699404485 -2.8583725085127174 
Car 2 0 -9999.0 -9999.0 -9999.0 -9999.0 1.7379414313283343 4.294220964496503 2.0468469009197627 -13.164636248884912 30.04130559162815 0.9156453544014215 0.797998613886918 
Pedestrian 14 0 -9999.0 -9999.0 -9999.0 -9999.0 1.6305877431923363 0.6 0.6734859245436777 10.952363843707923 7.83638269312504 -0.9149438709683321 -0.4795748994661704 
Pedestrian 39 0 -9999.0 -9999.0 -9999.0 -9999.0 1.7 0.65 0.65 10.576462743254176 -19.57023192194038 -1.380630907527244 2.353390208854993 
Pedestrian 15 0 -9999.0 -9999.0 -9999.0 -9999.0 1.6305877431923363 0.6 0.6503560321088826 11.202481059067145 7.288123167204004 -0.9351779385590914 -0.12279899651600168 
Pedestrian 13 0 -9999.0 -9999.0 -9999.0 -9999.0 1.7 0.9685291057493832 0.7877186561711653 -13.823656515473305 -10.947319316191784 0.3315969857619163 -2.7611868424467794 
Pedestrian 12 0 -9999.0 -9999.0 -9999.0 -9999.0 1.896644712467402 0.9333747431203181 0.7690953251725241 -11.79432864450026 -11.585387226008509 0.24107238252619229 -2.822074116705233 
Cyclist 2 0 -9999.0 -9999.0 -9999.0 -9999.0 1.560116241279065 1.839260145848103 0.7278515693859969 8.542889983814685 10.978021187368489 -0.8754689865623402 -1.6689096616297014 
Pedestrian 9 0 -9999.0 -9999.0 -9999.0 -9999.0 1.9424866172712396 0.9116382039112533 0.7877186561711653 2.192327103054395 -19.597925210461135 -0.7409383991390717 -2.589579394170256 
Pedestrian 28 0 -9999.0 -9999.0 -9999.0 -9999.0 1.7 1.2 1.0763506547432953 -21.37325921617845 0.7151534983772305 0.7766768638636588 0.5181570651366822 
Pedestrian 2 0 -9999.0 -9999.0 -9999.0 -9999.0 2 0.7836441404428482 0.9443741684775213 -4.3043952449485525 3.790615624882621 0.15684007974533948 -2.4555363289306946 
Car 11 0 -9999.0 -9999.0 -9999.0 -9999.0 1.69 4.54481588975744 2.040306383298412 -18.992670270411477 39.155438442324126 1.1898602625066395 0.8401741039630881 
Pedestrian 17 0 -9999.0 -9999.0 -9999.0 -9999.0 1.7218321758091406 0.7101215245582209 0.6750402935807774 23.01208587066499 -3.4717014596082243 -1.6803870942658408 -2.4415741784172713 
Pedestrian 18 0 -9999.0 -9999.0 -9999.0 -9999.0 1.704962334712036 0.8247941869054408 0.6750402935807774 23.54748515671691 -2.9690806529480005 -1.675590261346707 -2.4436488571282897 
Pedestrian 7 0 -9999.0 -9999.0 -9999.0 -9999.0 1.7 0.8 0.8535328326521766 -10.275342397250006 -15.14690700624307 0.6122054770713783 -1.0343702130668646 
Car 4 0 -9999.0 -9999.0 -9999.0 -9999.0 1.61198024485925 4.5 1.9330279163199107 -16.419240391937816 23.15147099813705 0.8902409137479546 -2.307890580398901 
Car 3 0 -9999.0 -9999.0 -9999.0 -9999.0 1.8 5.100449653876395 2.312484526004296 -8.712118170763468 13.985401735842242 0.39720157160433517 -2.3072905546477323 
Pedestrian 65 0 -9999.0 -9999.0 -9999.0 -9999.0 1.8372573253125963 0.750147237776687 0.7159035773803712 -60.18525590522626 0.4614557787299728 2.080142814463379 0.07585043849534756 
Pedestrian 64 0 -9999.0 -9999.0 -9999.0 -9999.0 1.9625684947574882 0.850147237776687 0.6430822505184413 -53.106497595940446 0.0904539833292182 1.887638139916708 0.14342330394726055 
Pedestrian 21 0 -9999.0 -9999.0 -9999.0 -9999.0 2 0.8283453457591881 0.7913798815301225 33.62293656586116 11.137597187562084 -1.5583506359564991 2.77969601519489 
Pedestrian 19 0 -9999.0 -9999.0 -9999.0 -9999.0 1.6305877431923363 0.7286035310250423 0.7074749626812281 34.433202191874855 7.130283363317505 -1.6875355206591691 1.597485041680656 
Pedestrian 43 0 -9999.0 -9999.0 -9999.0 -9999.0 2 0.7615629417104234 0.696188533383779 21.045577006167676 -30.314835803073123 -2.053977553941482 0.6590629472378904 
Pedestrian 44 0 -9999.0 -9999.0 -9999.0 -9999.0 1.6059581573907105 0.7944697741447466 0.4913044739848224 2.8355536135610295 20.167048933359265 0.014818759131386666 -2.320580872272476 
Pedestrian 79 0 -9999.0 -9999.0 -9999.0 -9999.0 1.7613351060176683 0.8149425341588683 0.6985547748057137 28.280148562584472 7.9223629635671085 -1.8895357272120776 -0.3536779291976959 
Pedestrain_sitting 50 0 -9999.0 -9999.0 -9999.0 -9999.0 1.4528940761633504 0.9099253014957234 0.8180524838412104 -18.2825834657131 9.255239147360841 1.004316802839513 2.4702121002388076 
Pedestrian 46 0 -9999.0 -9999.0 -9999.0 -9999.0 1.5573774738804786 0.7293547127269011 0.5962560081055295 -3.5872801333739868 1.832290895548206 -0.11163785422670944 -3.041666908698037 
Pedestrian 45 0 -9999.0 -9999.0 -9999.0 -9999.0 1.9966214826345094 0.8 0.7172404639596737 -5.185510224581385 29.48435120431182 0.616238422950551 -2.273971341393519 
Pedestrian 75 0 -9999.0 -9999.0 -9999.0 -9999.0 1.7399364425605603 0.8854463579159768 0.711264688143821 -6.927382713128832 -13.734853231000715 -0.060787442719611645 -2.7803685105062765 
Pedestrian 78 0 -9999.0 -9999.0 -9999.0 -9999.0 1.754453087292859 0.7998805468127119 0.7640305746984918 27.41293012621263 9.326864295459584 -1.9280636901564083 -0.2981035620217174 
Pedestrian 48 0 -9999.0 -9999.0 -9999.0 -9999.0 1.5961149522718188 0.6619864401580255 0.6154926255612282 -15.443560294262332 9.50468914022825 0.7991677197536553 -0.7261798400089816 
Pedestrian 49 0 -9999.0 -9999.0 -9999.0 -9999.0 1.765210105905453 0.5867696935238093 0.5198797403538553 -16.78295742077536 8.814915919043392 0.8426956966670313 2.349929456309386 
Pedestrian 29 0 -9999.0 -9999.0 -9999.0 -9999.0 1.882099771669414 0.7512326510326077 0.7164228223321065 -36.08884964871515 -7.409945122890373 1.6461817376215497 -0.010023649131229107 
Pedestrian 51 0 -9999.0 -9999.0 -9999.0 -9999.0 1.882099771669414 0.9259751102461425 0.9 -35.62869211203347 -6.784553884624268 1.646186782628583 0.022301293583208093 
Pedestrian 52 0 -9999.0 -9999.0 -9999.0 -9999.0 1.882099771669414 0.9259751102461425 0.7164228223321065 -35.935843782290014 -5.879807932474165 1.6522477516754936 -1.5150199842287115 
Car 6 0 -9999.0 -9999.0 -9999.0 -9999.0 1.676041974519338 4.8671445048684685 2.03 -20.734695111159105 28.489631460883366 1.14241873763172 -2.2858989814683213 
Pedestrian 16 0 -9999.0 -9999.0 -9999.0 -9999.0 1.6305877431923363 0.7101215245582209 0.6750402935807774 13.451012625227442 5.895873390316389 -0.9874811694004536 -0.4768489098531532 
Pedestrian 2222 0 -9999.0 -9999.0 -9999.0 -9999.0 1.69 0.6 0.5 -16.847773651040608 9.671631674959762 0.7861850902835956 2.319659005096412 
Pedestrian 6 0 -9999.0 -9999.0 -9999.0 -9999.0 1.612912994004546 0.71539134130477 0.7957522547186421 -2.154226951024315 0.7134843803803632 -0.21236961950708927 2.6771886077125604 
Pedestrian 61 0 -9999.0 -9999.0 -9999.0 -9999.0 1.9555179380931804 1.0800384848323523 0.9577007499395704 -39.258266952033104 -2.7480095039402626 1.7295323866539054 0.31265984445777306 
Pedestrian 25 0 -9999.0 -9999.0 -9999.0 -9999.0 1.84 0.7981017198465101 0.5743378791432734 12.184023064260897 8.036072110806817 -0.8932143141562904 -0.7561380031998617 
Pedestrian 24 0 -9999.0 -9999.0 -9999.0 -9999.0 1.93 0.793932808351396 0.5932528551674032 12.570353676943824 7.4965581760446085 -0.8984087456022524 0.3408921973128862 
Pedestrian 54 0 -9999.0 -9999.0 -9999.0 -9999.0 2.059314376687098 0.7896582871023229 0.8661615796766307 -34.22131993219209 -8.075676568777192 2.7874233296651636 2.55131505011218 
Pedestrain_sitting 33 0 -9999.0 -9999.0 -9999.0 -9999.0 1.2673681129106715 0.7977484165168576 0.7920398462192121 -33.062489881262046 -8.420327741583542 2.3735224525091447 3.102711677132449 
Pedestrain_sitting 222 0 -9999.0 -9999.0 -9999.0 -9999.0 1.2966448563220183 0.8 0.8 -32.07132866091606 -9.86514408546217 2.4038264154130733 2.5985997105497844 
Pedestrain_sitting 320 0 -9999.0 -9999.0 -9999.0 -9999.0 1.2966448563220183 0.8 0.8563119095990239 -31.357671631660384 -9.455265613844627 2.4038264154130733 -0.5429929430400087 
Pedestrain_sitting 2002 0 -9999.0 -9999.0 -9999.0 -9999.0 1.2674531158975288 0.7727384659567491 0.6981591780998834 -32.30747758641633 -9.028172193569969 2.3773602075633913 0.6170376212796125 
Pedestrain_sitting 1 0 -9999.0 -9999.0 -9999.0 -9999.0 1.2640860333501678 0.63 0.63 -33.138968078163145 -9.418168858462195 2.3863661096552553 2.2166094457635133 
