Pedestrian 8 0 -9999.0 -9999.0 -9999.0 -9999.0 1.7 0.8 0.7600435189904073 -9.50295779299249 -15.558278664013123 0.578136941489739 -1.0343702538590662 
Pedestrian 4 0 -9999.0 -9999.0 -9999.0 -9999.0 1.8320570902627569 0.7625937850947424 0.7652162660566085 -3.3520649300671725 -1.0821505728063818 -0.09618575683780968 0.7644533621111318 
Pedestrian 37 0 -9999.0 -9999.0 -9999.0 -9999.0 1.9217071835278898 0.850147237776687 0.7877186561711653 8.67135380848483 -19.139396821021947 -1.1484049416147035 1.1529529317616287 
Pedestrian 38 0 -9999.0 -9999.0 -9999.0 -9999.0 1.7 0.65 0.7423727600760921 11.441525612431754 -20.94544096811894 -1.3786786778928302 2.5526651974781593 
Pedestrian 27 0 -9999.0 -9999.0 -9999.0 -9999.0 2 0.850147237776687 0.7877186561711653 -16.895288968641864 17.005407164091466 1.061968263753058 -2.366114366310631 
Pedestrian 47 0 -9999.0 -9999.0 -9999.0 -9999.0 1.5406104228569182 0.5955157202642158 0.5813035391208994 -16.03057164545382 8.82323867610162 0.6932012045767323 2.349929456309386 
Pedestrian 70 0 -9999.0 -9999.0 -9999.0 -9999.0 2 0.6519103540370152 0.6166851379586125 -78.84467821620925 4.870385156638684 3.4255448614013018 -3.067936661719987 
Cyclist 1 0 -9999.0 -9999.0 -9999.0 -9999.0 1.273497039979345 1.1679049281179246 0.6772598817077023 -4.018774044965133 -16.23814437190385 -0.5449562443355985 0.35317103933248184 
Car 10 0 -9999.0 -9999.0 -9999.0 -9999.0 1.5181230343809584 4.462338700471315 1.8650325355771653 27.72066088124687 -17.267790583078636 -2.2366446720289 0.814597586569767 
Car 15 0 -9999.0 -9999.0 -9999.0 -9999.0 1.7672335120061524 3.764270850722953 1.8800174910081242 26.42488319089504 1.9403380016455731 -1.6904274384862588 -0.6572188282890199 
Car 16 0 -9999.0 -9999.0 -9999.0 -9999.0 1.7 4.5 2.03 -47.49233224835076 -8.62534270971154 1.480141554120832 -1.9720984828614334 
Car 8 0 -9999.0 -9999.0 -9999.0 -9999.0 1.8236503254808505 4.652430226442514 2.0794754680329586 -62.83105356285783 75.83298671441409 4.232869076377018 -2.273691380187163 
Pedestrian 67 0 -9999.0 -9999.0 -9999.0 -9999.0 2 0.7558475072200068 0.8989041819551322 -57.27426774858435 -0.7615697218447007 2.0690798893658813 -3.068315644322208 
Pedestrian 1 0 -9999.0 -9999.0 -9999.0 -9999.0 1.7903321543446977 0.7650479644303426 0.950846051142035 -4.003635640789524 3.512874568553479 0.008405519946358781 0.5963688575844701 
Pedestrian 35 0 -9999.0 -9999.0 -9999.0 -9999.0 1.7 0.7024503538413998 0.6687714678065018 12.12289918329721 -21.353341037191534 -1.3886359919362747 2.1075907268050145 
Pedestrian 31 0 -9999.0 -9999.0 -9999.0 -9999.0 1.69 0.630147237776687 0.9611788787942502 -34.54452399062385 -4.017641025550037 1.4711028030042324 0.22936279271668525 
Pedestrian 80 0 -9999.0 -9999.0 -9999.0 -9999.0 1.814395361872812 0.7890274310610776 0.7537002650888356 56.50201934524138 -42.599402565631074 -4.0647186809708105 -2.1424088356789674 
Pedestrian 30 0 -9999.0 -9999.0 -9999.0 -9999.0 2.0438877301746876 1 0.9632155466104403 -31.8596173097749 -6.060617560617991 1.5453612093359403 -0.46954265085707725 
Pedestrian 69 0 -9999.0 -9999.0 -9999.0 -9999.0 1.7 0.9429772278416193 0.8213725974541288 -78.99587121811601 3.9722529692729514 3.28993028338683 -3.0785555497979633 
Pedestrian 68 0 -9999.0 -9999.0 -9999.0 -9999.0 1.9703968735807393 0.9942528585731926 1.0566657177519059 -57.182238099576495 0.20290939821635628 2.039784531524788 -3.068315644322208 
Pedestrian 36 0 -9999.0 -9999.0 -9999.0 -9999.0 1.7 0.850147237776687 0.815974565350425 10.98022589493385 -20.037383896494827 -1.3818116219438044 2.0840552920714615 
Pedestrian 42 0 -9999.0 -9999.0 -9999.0 -9999.0 2 0.6571585988962698 0.7313037018629595 29.575995593788342 -42.04226688262786 -2.0764352161153963 0.6288154500223833 
Pedestrian 201 0 -9999.0 -9999.0 -9999.0 -9999.0 1.69 0.63 0.7061297036483256 -37.1866478308632 40.50200095316071 2.302147722268796 0.7754439486251226 
Pedestrian 200 0 -9999.0 -9999.0 -9999.0 -9999.0 1.69 0.63 0.6976840544483844 -37.30251020149324 39.4108636317807 2.317995461110658 0.7754439486251226 
Pedestrian 888 0 -9999.0 -9999.0 -9999.0 -9999.0 1.9370659336890772 0.7802022774271908 0.7396771291660864 27.22699900225679 -43.688821062702644 -2.0823945785643128 2.8607096612164113 
Pedestrian 1444 0 -9999.0 -9999.0 -9999.0 -9999.0 1.882099771669414 0.9259751102461425 0.7164228223321065 62.378813779723764 -51.51778083933612 -4.77379112129698 -2.222808923839155 
Pedestrian 444 0 -9999.0 -9999.0 -9999.0 -9999.0 1.67471203143869 0.6555204803848336 0.5736618194335494 4.766978924954791 -20.85028416778537 -0.9621760173229839 -2.48532196490158 
Pedestrian 445 0 -9999.0 -9999.0 -9999.0 -9999.0 1.670434640999795 0.6163692190913159 0.5684680083201797 4.463338916113588 -21.344153593586466 -0.9736874785827611 -2.485321963773993 
Pedestrian 1445 0 -9999.0 -9999.0 -9999.0 -9999.0 1.882099771669414 0.9259751102461425 0.8962289534873691 61.73764419979804 -51.949036478355275 -4.77379112129698 -2.3297647293810773 
Car 1 0 -9999.0 -9999.0 -9999.0 -9999.0 1.82408956127467 4.90333570536775 2.072828074906038 -6.283028950271851 10.944951753382623 -0.08006236307987827 -2.2923482517592895 
Motorcyclist 1 0 -9999.0 -9999.0 -9999.0 -9999.0 1.8447809626618457 2.4240048782345798 0.9572474581057621 -2.871374588172457 10.457832541098153 -0.17982733710241205 -2.3811851616199498 
Pedestrian 3 0 -9999.0 -9999.0 -9999.0 -9999.0 1.842354395896898 0.6382350939655546 0.9400121142713256 -3.915280740622141 -0.36369301018589567 -0.03001119107723309 -2.411719107194571 
Pedestrian 10 0 -9999.0 -9999.0 -9999.0 -9999.0 1.7590261450022302 0.702006775214263 0.7052123923125051 -4.17237874912298 -12.579276111950037 -0.11216926338115146 2.1562542834728546 
Pedestrian 41 0 -9999.0 -9999.0 -9999.0 -9999.0 2 0.6571585988962698 0.7554807917772359 28.475072991361923 -42.46087342147905 -2.0781844059458856 0.6288154500592524 
Pedestrian 5 0 -9999.0 -9999.0 -9999.0 -9999.0 1.7089298919090652 0.7825174641725112 0.8612832426404828 -7.051185232442872 2.9958663558674394 0.004670606418619262 -2.7959811809660007 
Pedestrian 22 0 -9999.0 -9999.0 -9999.0 -9999.0 1.67 0.65 0.65 28.207159289385142 -8.74788344736961 -2.0997135765542936 1.6745413451876967 
Pedestrian 23 0 -9999.0 -9999.0 -9999.0 -9999.0 1.67 0.6 0.7 28.604871172770217 -8.535404543615154 -2.0924124155276598 0.42754043726066726 
Car 5 0 -9999.0 -9999.0 -9999.0 -9999.0 1.5724285917499632 5.014782295574825 2 -26.754014873830005 35.2320150851283 1.5490340108579856 -2.284224513992598 
Pedestrian 11 0 -9999.0 -9999.0 -9999.0 -9999.0 1.9677880983657603 0.9631785670254805 0.711264688143821 -16.389631262951344 -9.25376405012547 0.5294294805740339 -2.8423739832670414 
Car 2 0 -9999.0 -9999.0 -9999.0 -9999.0 1.7379414313283343 4.294220964496503 2.0468469009197627 -3.239763542351471 17.693284192126644 0.10848674565948585 0.8691094186320782 
Pedestrian 14 0 -9999.0 -9999.0 -9999.0 -9999.0 1.6305877431923363 0.6 0.6734859245436777 11.03442647247009 7.808226154811268 -0.929602286670394 -0.34198277548853717 
Pedestrian 39 0 -9999.0 -9999.0 -9999.0 -9999.0 1.7 0.65 0.65 10.564577552945753 -19.610784526897714 -1.380630907527244 2.3539370331506024 
Pedestrian 15 0 -9999.0 -9999.0 -9999.0 -9999.0 1.6305877431923363 0.6 0.6503560321088826 11.218758744304193 7.295069156662182 -0.9371365344836037 0.15075814185923697 
Pedestrian 13 0 -9999.0 -9999.0 -9999.0 -9999.0 1.7 0.9685291057493832 0.7877186561711653 -18.669935557462022 -9.531726228798556 0.6518345091585862 -2.9128075467186623 
Pedestrian 12 0 -9999.0 -9999.0 -9999.0 -9999.0 1.896644712467402 0.9333747431203181 0.7690953251725241 -16.640918164269024 -9.92651550132702 0.511347179414619 -2.8362611230561505 
Cyclist 2 0 -9999.0 -9999.0 -9999.0 -9999.0 1.560116241279065 1.839260145848103 0.7278515693859969 8.573908603582295 10.904741153248834 -0.8558381469566396 -1.6689096619347197 
Pedestrian 9 0 -9999.0 -9999.0 -9999.0 -9999.0 1.9424866172712396 0.9116382039112533 0.7877186561711653 -1.7458267605600037 -16.67824342979216 -0.33415814765760093 -2.5895793941702507 
Pedestrian 28 0 -9999.0 -9999.0 -9999.0 -9999.0 1.7 1.2 1.0763506547432953 -17.669294492552126 -3.363850682018795 0.42639743835476634 0.9134327180945716 
Pedestrian 2 0 -9999.0 -9999.0 -9999.0 -9999.0 2 0.7836441404428482 0.9443741684775213 -4.364728782269412 3.793120051056717 0.16439858254946613 -2.4546599021791433 
Car 11 0 -9999.0 -9999.0 -9999.0 -9999.0 1.69 4.54481588975744 2.040306383298412 -18.992670270411477 39.155438442324126 1.1898602625066395 0.8401741039630881 
Pedestrian 17 0 -9999.0 -9999.0 -9999.0 -9999.0 1.7218321758091406 0.7101215245582209 0.6750402935807774 19.729268876783184 0.024315854149193877 -1.5310830701069533 -2.239838735997953 
Pedestrian 18 0 -9999.0 -9999.0 -9999.0 -9999.0 1.704962334712036 0.8247941869054408 0.6750402935807774 20.065925657939705 0.6691624923685389 -1.5198088515492298 -2.199762331827312 
Pedestrian 7 0 -9999.0 -9999.0 -9999.0 -9999.0 1.7 0.8 0.8535328326521766 -10.275342397250006 -15.14690700624307 0.6122054770713783 -1.0343702130668646 
Car 4 0 -9999.0 -9999.0 -9999.0 -9999.0 1.61198024485925 4.5 1.9330279163199107 -16.52657265086321 23.140418802947142 0.7721281641663268 -2.30524971599214 
Car 3 0 -9999.0 -9999.0 -9999.0 -9999.0 1.8 5.100449653876395 2.312484526004296 -10.504031188924547 16.174941473791325 0.4991498957992505 -2.306443847554281 
Pedestrian 66 0 -9999.0 -9999.0 -9999.0 -9999.0 1.8611242323886472 0.7189171018987618 0.7035161291767663 -55.511939447752816 0.9881819131628885 1.9465286451810262 0.07585043849534756 
Pedestrian 65 0 -9999.0 -9999.0 -9999.0 -9999.0 1.8372573253125963 0.750147237776687 0.7159035773803712 -55.49483897374671 0.2300337079797052 1.9442576317890525 0.07585043849534756 
Pedestrian 64 0 -9999.0 -9999.0 -9999.0 -9999.0 1.9625684947574882 0.850147237776687 0.6430822505184413 -48.7546247252471 0.006909751239039253 1.8508153390099404 0.14342330394726055 
Pedestrian 21 0 -9999.0 -9999.0 -9999.0 -9999.0 2 0.8283453457591881 0.7913798815301225 28.700769274401917 9.077471181367468 -1.3875011377731628 2.77969601519489 
Pedestrian 20 0 -9999.0 -9999.0 -9999.0 -9999.0 2 0.8283453457591881 0.8148441816725611 28.409961071825865 9.830376816523113 -1.3426838121214737 2.77969601519489 
Pedestrian 19 0 -9999.0 -9999.0 -9999.0 -9999.0 1.6305877431923363 0.7286035310250423 0.7074749626812281 34.19630220894686 6.836016805331331 -1.6611158538868875 -1.7605716555419857 
Pedestrian 43 0 -9999.0 -9999.0 -9999.0 -9999.0 2 0.7615629417104234 0.696188533383779 21.807777823761914 -31.59505716789638 -1.9301197557673766 0.6549928930361268 
Pedestrian 81 0 -9999.0 -9999.0 -9999.0 -9999.0 1.8373735799096318 0.9362483401005941 0.7537002650888356 55.85742564341089 -42.965546305723045 -4.048701797059074 -2.1424088356789674 
Pedestrian 82 0 -9999.0 -9999.0 -9999.0 -9999.0 1.8539710429250613 0.9362483401005941 0.7537002650888356 56.8952603373024 -44.829722741334194 -4.022324736147899 -2.1424087273878687 
Pedestrain_sitting 50 0 -9999.0 -9999.0 -9999.0 -9999.0 1.4528940761633504 0.9099253014957234 0.8180524838412104 -18.340539094000885 9.513319012660586 0.9828203718739604 2.4702121002388076 
Pedestrian 46 0 -9999.0 -9999.0 -9999.0 -9999.0 1.5573774738804786 0.7293547127269011 0.5962560081055295 -6.7121234110935 2.4611774053266355 -0.04268236445364912 -2.782031439635702 
Pedestrian 75 0 -9999.0 -9999.0 -9999.0 -9999.0 1.7399364425605603 0.8854463579159768 0.711264688143821 -12.389633884398442 -11.66255913907601 0.2612782509470813 -2.6463186518891852 
Pedestrian 48 0 -9999.0 -9999.0 -9999.0 -9999.0 1.5961149522718188 0.6619864401580255 0.6154926255612282 -15.39779860506501 9.55223720619519 0.7689582686187308 -0.7261798400089816 
Pedestrian 49 0 -9999.0 -9999.0 -9999.0 -9999.0 1.765210105905453 0.5867696935238093 0.5198797403538553 -16.74132448257162 8.793472654582356 0.8176862173072232 2.349929456309386 
Pedestrian 29 0 -9999.0 -9999.0 -9999.0 -9999.0 1.882099771669414 0.7512326510326077 0.7164228223321065 -36.08884964871515 -7.409945122890373 1.6461817376215497 -0.010023649131229107 
Pedestrian 51 0 -9999.0 -9999.0 -9999.0 -9999.0 1.882099771669414 0.9259751102461425 0.9 -35.62869211203347 -6.784553884624268 1.646186782628583 0.022301293583208093 
Pedestrian 52 0 -9999.0 -9999.0 -9999.0 -9999.0 1.882099771669414 0.9259751102461425 0.7164228223321065 -35.935843782290014 -5.879807932474165 1.6522477516754936 -1.5150199842287115 
Pedestrian 16 0 -9999.0 -9999.0 -9999.0 -9999.0 1.6305877431923363 0.7101215245582209 0.6750402935807774 13.40701043555304 5.968043741484944 -1.042008052362412 -0.4768489098531532 
Pedestrian 2222 0 -9999.0 -9999.0 -9999.0 -9999.0 1.69 0.6 0.5 -16.90824445832995 9.606572528152808 0.7861850902835956 2.319659005096412 
Pedestrian 6 0 -9999.0 -9999.0 -9999.0 -9999.0 1.612912994004546 0.71539134130477 0.7957522547186421 -2.1537874413817524 0.7147299378878889 -0.20565434919406084 2.677193526356964 
Pedestrian 61 0 -9999.0 -9999.0 -9999.0 -9999.0 1.9555179380931804 1.0800384848323523 0.9577007499395704 -35.81433843685967 -3.900271217059525 1.639634528938438 0.31265984445777306 
Car 6 0 -9999.0 -9999.0 -9999.0 -9999.0 1.676041974519338 4.8671445048684685 2.03 -21.55374036297211 29.214586699275625 1.3643598186544177 -2.2837048686785337 
Pedestrian 25 0 -9999.0 -9999.0 -9999.0 -9999.0 1.84 0.7981017198465101 0.5743378791432734 13.248858280624916 7.608299490659773 -0.9610065398738753 0.5063752570053364 
Pedestrian 24 0 -9999.0 -9999.0 -9999.0 -9999.0 1.93 0.793932808351396 0.5932528551674032 13.092704072294284 7.090784029113142 -0.9086763212979779 0.5605390662561458 
Pedestrain_sitting 33 0 -9999.0 -9999.0 -9999.0 -9999.0 1.2673681129106715 0.7977484165168576 0.7920398462192121 -33.062489881262046 -8.420327741583542 2.3735224525091447 2.9508147218661733 
Pedestrain_sitting 320 0 -9999.0 -9999.0 -9999.0 -9999.0 1.2966448563220183 0.8 0.8563119095990239 -31.37232342562038 -9.445764696915719 2.4038264154130733 -0.5429929430400087 
Pedestrain_sitting 2002 0 -9999.0 -9999.0 -9999.0 -9999.0 1.2674531158975288 0.7727384659567491 0.6981591780998834 -32.30747758641633 -9.028172193569969 2.3773602075633913 0.6170376212796125 
Pedestrain_sitting 1 0 -9999.0 -9999.0 -9999.0 -9999.0 1.2640860333501678 0.63 0.63 -33.138968078163145 -9.418168858462195 2.3863661096552553 2.2166094457635133 
