Pedestrian 8 0 -9999.0 -9999.0 -9999.0 -9999.0 1.7 0.8 0.7600435189904073 -9.50295779299249 -15.558278664013123 0.578136941489739 -1.0343702538590662 
Pedestrian 4 0 -9999.0 -9999.0 -9999.0 -9999.0 1.8320570902627569 0.7625937850947424 0.7652162660566085 -3.390064069620487 -1.0458062911355113 -0.09177583028338422 0.7644533621111318 
Pedestrian 37 0 -9999.0 -9999.0 -9999.0 -9999.0 1.9217071835278898 0.850147237776687 0.7877186561711653 8.358041553306286 -18.693788883831655 -1.1484385632289984 1.3053658484807524 
Pedestrian 38 0 -9999.0 -9999.0 -9999.0 -9999.0 1.7 0.65 0.7423727600760921 11.144018814328849 -21.139580540218628 -1.3786786778928302 2.5526651974781593 
Car 17 0 -9999.0 -9999.0 -9999.0 -9999.0 1.7 4 2.03 -49.10985685084193 -3.104911545685066 1.7531412428332285 -1.7961910245181159 
Pedestrian 55 0 -9999.0 -9999.0 -9999.0 -9999.0 2 0.7308443122339661 1.0794054496583634 -42.746320717134196 -3.1067423874396405 1.7707955599514515 -3.067665496178659 
Car 13 0 -9999.0 -9999.0 -9999.0 -9999.0 1.69 4.5 2.03 -29.8405963776642 51.75641994028056 1.8269085708035409 0.8137561613792919 
Pedestrian 47 0 -9999.0 -9999.0 -9999.0 -9999.0 1.5406104228569182 0.5955157202642158 0.5813035391208994 -16.049609725783412 8.830828297026212 0.6912525084359619 2.3499186461343147 
Cyclist 1 0 -9999.0 -9999.0 -9999.0 -9999.0 1.273497039979345 1.1679049281179246 0.6772598817077023 -4.013975504249249 -16.248736597115027 -0.5030784996406398 0.35317103933248184 
Car 12 0 -9999.0 -9999.0 -9999.0 -9999.0 1.69 4.45 1.924707488251928 -24.307129710533534 45.26111051510788 1.4060379012591877 0.8271046063700407 
Car 10 0 -9999.0 -9999.0 -9999.0 -9999.0 1.5181230343809584 4.462338700471315 1.8650325355771653 -18.820051005477602 33.610272119163994 1.1617058868792651 0.8130311355108022 
Car 15 0 -9999.0 -9999.0 -9999.0 -9999.0 1.7672335120061524 3.764270850722953 1.8800174910081242 26.42488319089504 1.9403380016455731 -1.6904274384862588 -0.6572188282890199 
Car 14 0 -9999.0 -9999.0 -9999.0 -9999.0 1.55 4.05 1.85 -37.78596909384778 60.23205640620354 2.397168660383913 0.8135782975710786 
Cyclist 3 0 -9999.0 -9999.0 -9999.0 -9999.0 1.69 1.6271504584203416 0.65 -68.1428094696151 4.279238818212476 3.31757920456107 -3.120857521607144 
Car 16 0 -9999.0 -9999.0 -9999.0 -9999.0 1.7 4.5 2.03 -47.49233224835076 -8.62534270971154 1.480141554120832 -1.9720984828614334 
Car 8 0 -9999.0 -9999.0 -9999.0 -9999.0 1.8236503254808505 4.652430226442514 2.0794754680329586 -25.402003066745962 33.453116322096676 1.3970920334194439 -2.273691380606172 
Pedestrian 61 0 -9999.0 -9999.0 -9999.0 -9999.0 1.9555179380931804 1.0800384848323523 0.9577007499395704 -47.22878721592751 -0.7030456988667672 1.6885785580161343 0.31265984445777306 
Pedestrian 57 0 -9999.0 -9999.0 -9999.0 -9999.0 2 1.0671895162272824 0.768401472016625 -45.486322391226004 3.726133736006258 1.7842124485595756 1.7076233407740782 
Pedestrian 71 0 -9999.0 -9999.0 -9999.0 -9999.0 1.7 0.8 0.8 -65.80630521268712 2.3490929342053315 2.871653489740946 -2.708108831746417 
Pedestrian 62 0 -9999.0 -9999.0 -9999.0 -9999.0 1.7558926553517722 0.8975958508373899 0.8892660264138752 -49.54297047585452 -0.7816458377526444 1.7088483035972326 0.20319332591228267 
Pedestrian 63 0 -9999.0 -9999.0 -9999.0 -9999.0 1.776102061344318 0.9007332051258061 0.878499762242059 -49.254938659845685 0.043619678215235186 1.7189679554170678 0.20319332591228267 
Pedestrian 72 0 -9999.0 -9999.0 -9999.0 -9999.0 1.85 0.802607970029248 0.775551681612382 -66.9032932244479 2.641732082652053 2.9444891926998964 -3.067931660766698 
Pedestrian 1 0 -9999.0 -9999.0 -9999.0 -9999.0 1.7903321543446977 0.7650479644303426 0.950846051142035 -3.7792849098721306 3.7359879699691674 0.019137093665060792 1.0009269638947043 
Pedestrian 35 0 -9999.0 -9999.0 -9999.0 -9999.0 1.7 0.7024503538413998 0.6687714678065018 12.124911068708153 -21.354538271052746 -1.3865497832795861 2.1075907268050145 
Pedestrian 60 0 -9999.0 -9999.0 -9999.0 -9999.0 1.939824643901261 1.0800384848323523 1.0129609495955376 -47.54223964098408 -1.623952579026733 1.6841855361706501 0.31265984445777306 
Pedestrian 69 0 -9999.0 -9999.0 -9999.0 -9999.0 1.7 0.9429772278416193 0.8213725974541288 -63.861573312568375 2.164657840268719 2.7889410194229476 -2.172639727983963 
Pedestrian 36 0 -9999.0 -9999.0 -9999.0 -9999.0 1.7 0.850147237776687 0.815974565350425 11.029686174374875 -19.940853226979655 -1.3818116219438044 1.0134121322287335 
Pedestrian 42 0 -9999.0 -9999.0 -9999.0 -9999.0 2 0.6571585988962698 0.7313037018629595 17.269458891974587 -31.84719635889533 -1.7783496777606955 0.6288154500223833 
Pedestrian 200 0 -9999.0 -9999.0 -9999.0 -9999.0 1.69 0.63 0.6976840544483844 -48.31163169161328 51.980522316076495 2.9381942222259485 0.7754439486251226 
Pedestrian 500 0 -9999.0 -9999.0 -9999.0 -9999.0 1.73058774319234 0.7101215245582209 0.6750402935807774 -6.555981965492189 32.766950793127805 0.578263238020648 -2.4443720755607377 
Pedestrian 786 0 -9999.0 -9999.0 -9999.0 -9999.0 1.754453087292859 0.7698611054687652 0.7609389843372388 18.277280283723112 5.668280315323619 -1.43213735910776 -0.3747326769132773 
Pedestrian 444 0 -9999.0 -9999.0 -9999.0 -9999.0 1.67471203143869 0.6555204803848336 0.5736618194335494 19.45447082739836 -31.009811071200705 -2.004350959136317 -2.485321967047309 
Pedestrian 445 0 -9999.0 -9999.0 -9999.0 -9999.0 1.670434640999795 0.6163692190913159 0.5684680083201797 19.066441572655464 -31.481566684109165 -2.027466563564548 -2.485321963773993 
Pedestrian 788 0 -9999.0 -9999.0 -9999.0 -9999.0 1.754453087292859 0.5899688492936669 0.5676041344146343 20.881535121814363 6.714571356278822 -1.3894393640003506 -0.5757424002981342 
Pedestrian 3 0 -9999.0 -9999.0 -9999.0 -9999.0 1.842354395896898 0.6382350939655546 0.9400121142713256 -3.86969020914707 -0.44132220302902236 -0.01132601997475472 -1.5851299320870123 
Pedestrian 10 0 -9999.0 -9999.0 -9999.0 -9999.0 1.7590261450022302 0.702006775214263 0.7052123923125051 -4.28355863432259 -12.61584191744635 -0.09179935420058612 2.208614161032685 
Pedestrian 41 0 -9999.0 -9999.0 -9999.0 -9999.0 2 0.6571585988962698 0.7554807917772359 16.969829078277666 -32.57552438655361 -1.7789906579317636 0.628814531878751 
Pedestrian 5 0 -9999.0 -9999.0 -9999.0 -9999.0 1.7089298919090652 0.7825174641725112 0.8612832426404828 -2.807186547266964 2.277036473553601 -0.11498739178098015 2.686145116464086 
Pedestrian 22 0 -9999.0 -9999.0 -9999.0 -9999.0 1.67 0.65 0.65 28.18724526620971 -9.05673747632257 -2.0997135765542936 1.6774198276521464 
Pedestrian 23 0 -9999.0 -9999.0 -9999.0 -9999.0 1.67 0.6 0.7 28.604871172770217 -8.535404543615154 -2.0924124155276598 0.42754043726066726 
Car 5 0 -9999.0 -9999.0 -9999.0 -9999.0 1.5724285917499632 5.014782295574825 2 -9.939227776777201 15.916545270321498 0.3828773888755537 -2.2835386482273297 
Pedestrian 11 0 -9999.0 -9999.0 -9999.0 -9999.0 1.9677880983657603 0.9631785670254805 0.711264688143821 -7.387287150603744 -11.393138132320948 -0.15382930121785798 2.033119909243636 
Car 2 0 -9999.0 -9999.0 -9999.0 -9999.0 1.7379414313283343 4.294220964496503 2.0468469009197627 -40.9073168962429 60.71904442825107 2.750528878465805 0.8703400678899165 
Pedestrian 14 0 -9999.0 -9999.0 -9999.0 -9999.0 1.6305877431923363 0.6 0.6734859245436777 10.913123512450426 7.6577071705238415 -0.9362294996357252 -0.4796004231450439 
Pedestrian 39 0 -9999.0 -9999.0 -9999.0 -9999.0 1.7 0.65 0.65 10.534220873160937 -19.58361082023266 -1.380630907527244 2.0583926657313985 
Pedestrian 15 0 -9999.0 -9999.0 -9999.0 -9999.0 1.6305877431923363 0.6 0.6503560321088826 11.181491640559468 7.248034930244485 -0.9457544676633027 -0.12276470140084683 
Pedestrian 13 0 -9999.0 -9999.0 -9999.0 -9999.0 1.7 0.9685291057493832 0.7877186561711653 -10.615639132361666 -14.027582709350462 0.6515558342650517 -0.914479837356728 
Pedestrian 12 0 -9999.0 -9999.0 -9999.0 -9999.0 1.896644712467402 0.9333747431203181 0.7690953251725241 -6.776392784715347 -11.540288080244185 -0.21024189701500842 2.012854603885028 
Cyclist 2 0 -9999.0 -9999.0 -9999.0 -9999.0 1.560116241279065 1.839260145848103 0.7278515693859969 8.617624067811368 10.930891048336372 -0.8802575203695303 -1.6689096616299075 
Pedestrian 9 0 -9999.0 -9999.0 -9999.0 -9999.0 1.9424866172712396 0.9116382039112533 0.7877186561711653 12.67119963170634 -25.586802647748954 -1.4038693437771372 -2.5895793941702507 
Pedestrian 28 0 -9999.0 -9999.0 -9999.0 -9999.0 1.7 1.2 1.0763506547432953 -34.01590292005772 2.7926147650952062 1.3696817124531708 0.004202693652381129 
Pedestrian 2 0 -9999.0 -9999.0 -9999.0 -9999.0 2 0.7836441404428482 0.9443741684775213 -4.4829079976926245 3.739049002543892 0.1515393858678267 2.4168405617147375 
Car 11 0 -9999.0 -9999.0 -9999.0 -9999.0 1.69 4.54481588975744 2.040306383298412 -18.992670270411477 39.155438442324126 1.1898602625066395 0.8401741039630881 
Pedestrian 17 0 -9999.0 -9999.0 -9999.0 -9999.0 1.7218321758091406 0.7101215245582209 0.6750402935807774 28.95548090300368 -7.587257722996948 -2.1485737920492047 -2.4271663278076048 
Pedestrian 18 0 -9999.0 -9999.0 -9999.0 -9999.0 1.704962334712036 0.8247941869054408 0.6750402935807774 30.937369935648707 -10.539576672173908 -2.3104285860500084 -2.2627748687448044 
Pedestrian 7 0 -9999.0 -9999.0 -9999.0 -9999.0 1.7 0.8 0.8535328326521766 -10.275342397250006 -15.14690700624307 0.6122054770713783 -1.0343702130668646 
Car 3 0 -9999.0 -9999.0 -9999.0 -9999.0 1.8 5.100449653876395 2.312484526004296 27.363783512854663 -26.584070374764842 -2.396117168056845 -2.307318608544495 
Car 4 0 -9999.0 -9999.0 -9999.0 -9999.0 1.61198024485925 4.5 1.9330279163199107 17.571808812684854 -14.861375198561133 -1.7332766844861638 -2.271005143935426 
Pedestrian 64 0 -9999.0 -9999.0 -9999.0 -9999.0 1.9625684947574882 0.850147237776687 0.6430822505184413 -64.06634606000586 0.07085471716576867 2.975416217871227 0.14342330394726055 
Pedestrian 19 0 -9999.0 -9999.0 -9999.0 -9999.0 1.6305877431923363 0.7286035310250423 0.7074749626812281 36.525423893744126 8.485520003186355 -1.5272680883307403 2.8684409396430333 
Pedestrian 43 0 -9999.0 -9999.0 -9999.0 -9999.0 2 0.7615629417104234 0.696188533383779 20.53736552599128 -29.301983709170447 -1.9015183693007618 2.348148522340651 
Pedestrian 44 0 -9999.0 -9999.0 -9999.0 -9999.0 1.6059581573907105 0.7944697741447466 0.4913044739848224 10.71130152509049 10.988765682960064 -0.979879124904344 -2.320580872272476 
Pedestrian 79 0 -9999.0 -9999.0 -9999.0 -9999.0 1.7613351060176683 0.8149425341588683 0.6985547748057137 15.09486732416154 4.857285434500621 -1.1151730721820448 -0.4131460505721325 
Pedestrian 56 0 -9999.0 -9999.0 -9999.0 -9999.0 2 0.7308443122339661 1.0794054496583634 -43.558535646109576 -3.377250762859469 1.7445004392130126 -3.0676655679301437 
Pedestrain_sitting 50 0 -9999.0 -9999.0 -9999.0 -9999.0 1.4528940761633504 0.9099253014957234 0.8180524838412104 -18.53868903531286 9.418090700614137 0.996399486778629 2.4702121002388076 
Pedestrian 46 0 -9999.0 -9999.0 -9999.0 -9999.0 1.5573774738804786 0.7293547127269011 0.5962560081055295 -2.3640217518725595 1.725873073308644 -0.20524444879186773 2.7110241383539506 
Pedestrian 45 0 -9999.0 -9999.0 -9999.0 -9999.0 1.9966214826345094 0.8 0.7172404639596737 5.48966514006732 16.813298613087586 -0.14728935970770884 -2.2739713069966676 
Pedestrian 78 0 -9999.0 -9999.0 -9999.0 -9999.0 1.754453087292859 0.7998805468127119 0.7640305746984918 18.54973976221046 4.850278648359906 -1.4346286971574786 -0.3502409832956239 
Pedestrian 48 0 -9999.0 -9999.0 -9999.0 -9999.0 1.5961149522718188 0.6619864401580255 0.6154926255612282 -15.386144453006114 9.53893440415648 0.7293417872762455 -0.7261798400089816 
Pedestrian 49 0 -9999.0 -9999.0 -9999.0 -9999.0 1.765210105905453 0.5867696935238093 0.5198797403538553 -16.724478705129826 8.759197658608992 0.8381435641889269 2.349929456309386 
Pedestrian 29 0 -9999.0 -9999.0 -9999.0 -9999.0 1.882099771669414 0.7512326510326077 0.7164228223321065 -36.08884964871515 -7.409945122890373 1.6461817376215497 -0.010023649131229107 
Pedestrian 51 0 -9999.0 -9999.0 -9999.0 -9999.0 1.882099771669414 0.9259751102461425 0.9 -35.62869211203347 -6.784553884624268 1.646186782628583 0.022301293583208093 
Pedestrian 52 0 -9999.0 -9999.0 -9999.0 -9999.0 1.882099771669414 0.9259751102461425 0.7164228223321065 -35.935843782290014 -5.879807932474165 1.6522477516754936 -1.5150199842287115 
Car 6 0 -9999.0 -9999.0 -9999.0 -9999.0 1.676041974519338 4.8671445048684685 2.03 3.7885757054014055 -0.04382650698695789 -0.5918682422932815 -2.2852657875503652 
Pedestrian 2000 0 -9999.0 -9999.0 -9999.0 -9999.0 2 1.1789591111675595 0.768401472016625 -46.39076787485753 3.3522373226424773 1.749921635961344 1.7076233333671693 
Pedestrian 16 0 -9999.0 -9999.0 -9999.0 -9999.0 1.6305877431923363 0.7101215245582209 0.6750402935807774 13.402903017364386 5.967720039776831 -1.079287597903597 -0.4768489098531532 
Pedestrian 2222 0 -9999.0 -9999.0 -9999.0 -9999.0 1.69 0.6 0.5 -16.9111539851234 9.603442235383802 0.7861850902835956 2.319659005096412 
Pedestrian 84 0 -9999.0 -9999.0 -9999.0 -9999.0 1.9025429523145614 0.725682981665881 0.7368412459176817 48.6291007842419 -34.780928161710605 -4.3206874662420605 -2.1954793366809504 
Pedestrian 59 0 -9999.0 -9999.0 -9999.0 -9999.0 1.7558926553517722 0.9540753035667296 0.8892660264138752 -48.330936048314285 0.2794378639435559 1.6622564299465283 -2.82893280913202 
Pedestrian 6 0 -9999.0 -9999.0 -9999.0 -9999.0 1.612912994004546 0.71539134130477 0.7957522547186421 -2.154062280050455 0.7042514303916401 -0.21317210984980062 2.677193534462708 
Pedestrian 25 0 -9999.0 -9999.0 -9999.0 -9999.0 1.84 0.7981017198465101 0.5743378791432734 12.31234914443554 7.748160840687636 -0.929212917030872 -0.5944590091104214 
Pedestrian 24 0 -9999.0 -9999.0 -9999.0 -9999.0 1.93 0.793932808351396 0.5932528551674032 12.527110889988611 7.288391809755803 -0.8685355049801412 0.3416350625001403 
Pedestrian 54 0 -9999.0 -9999.0 -9999.0 -9999.0 2.059314376687098 0.7896582871023229 0.8661615796766307 -34.24875556238542 -4.245183973270696 1.684755617083183 1.6884196067890427 
Pedestrian 53 0 -9999.0 -9999.0 -9999.0 -9999.0 2 0.7896582871023229 0.8661615796766307 -33.49524971307812 -4.418543684696525 1.6755615476190266 1.701776089686911 
Pedestrain_sitting 33 0 -9999.0 -9999.0 -9999.0 -9999.0 1.2673681129106715 0.7977484165168576 0.7920398462192121 -33.062489881262046 -8.420327741583542 2.3735224525091447 -2.8282770679190747 
Pedestrain_sitting 222 0 -9999.0 -9999.0 -9999.0 -9999.0 1.2966448563220183 0.8 0.8 -32.07132866091606 -9.86514408546217 2.4038264154130733 2.5985997105497844 
Pedestrain_sitting 320 0 -9999.0 -9999.0 -9999.0 -9999.0 1.2966448563220183 0.8 0.8563119095990239 -31.304298963812464 -9.489874978737548 2.4038264154130733 -0.5429929430400087 
Pedestrain_sitting 2002 0 -9999.0 -9999.0 -9999.0 -9999.0 1.2674531158975288 0.7727384659567491 0.6981591780998834 -32.30747758641633 -9.028172193569969 2.3773602075633913 0.6170376212796125 
Pedestrain_sitting 1 0 -9999.0 -9999.0 -9999.0 -9999.0 1.2640860333501678 0.63 0.63 -33.138968078163145 -9.418168858462195 2.3863661096552553 2.2166094457635133 
