Pedestrian 8 0 -9999.0 -9999.0 -9999.0 -9999.0 1.7 0.8 0.7600435189904073 -9.50295779299249 -15.558278664013123 0.578136941489739 -1.0343702538590662 
Pedestrian 4 0 -9999.0 -9999.0 -9999.0 -9999.0 1.8320570902627569 0.7625937850947424 0.7652162660566085 -3.384756393448776 -1.0508806920932143 -0.09265041928454926 0.7644533621111318 
Pedestrian 37 0 -9999.0 -9999.0 -9999.0 -9999.0 1.9217071835278898 0.850147237776687 0.7877186561711653 8.359769608167705 -18.69404979439538 -1.148437302706745 1.305366768600896 
Pedestrian 38 0 -9999.0 -9999.0 -9999.0 -9999.0 1.7 0.65 0.7423727600760921 11.147555928733484 -21.137293863927894 -1.3786786778928302 2.5526651974781593 
Car 17 0 -9999.0 -9999.0 -9999.0 -9999.0 1.7 4 2.03 -49.10985685084193 -3.104911545685066 1.7531412428332285 -1.7961910245181159 
Pedestrian 55 0 -9999.0 -9999.0 -9999.0 -9999.0 2 0.7308443122339661 1.0794054496583634 -42.96772289298 -3.131386871602442 1.7846064310778658 -3.067665496178659 
Car 13 0 -9999.0 -9999.0 -9999.0 -9999.0 1.69 4.5 2.03 -29.8405963776642 51.75641994028056 1.8269085708035409 0.8137561613792919 
Pedestrian 47 0 -9999.0 -9999.0 -9999.0 -9999.0 1.5406104228569182 0.5955157202642158 0.5813035391208994 -16.043647205965357 8.833220247633472 0.6921675155477126 2.3499224738254174 
Cyclist 1 0 -9999.0 -9999.0 -9999.0 -9999.0 1.273497039979345 1.1679049281179246 0.6772598817077023 -4.011187544084694 -16.241471092810635 -0.5093781289581522 0.35317103933248184 
Car 12 0 -9999.0 -9999.0 -9999.0 -9999.0 1.69 4.45 1.924707488251928 -24.307129710533534 45.26111051510788 1.4060379012591877 0.8271046063700407 
Car 10 0 -9999.0 -9999.0 -9999.0 -9999.0 1.5181230343809584 4.462338700471315 1.8650325355771653 -17.498710768963242 32.14959669644709 1.1138853628995355 0.8144691548594558 
Car 15 0 -9999.0 -9999.0 -9999.0 -9999.0 1.7672335120061524 3.764270850722953 1.8800174910081242 26.42488319089504 1.9403380016455731 -1.6904274384862588 -0.6572188282890199 
Car 14 0 -9999.0 -9999.0 -9999.0 -9999.0 1.55 4.05 1.85 -37.78596909384778 60.23205640620354 2.397168660383913 0.8135782975710786 
Cyclist 3 0 -9999.0 -9999.0 -9999.0 -9999.0 1.69 1.6271504584203416 0.65 -68.91705009386932 4.21456351923472 3.365169552501535 -3.125615491189725 
Car 16 0 -9999.0 -9999.0 -9999.0 -9999.0 1.7 4.5 2.03 -47.49233224835076 -8.62534270971154 1.480141554120832 -1.9720984828614334 
Car 8 0 -9999.0 -9999.0 -9999.0 -9999.0 1.8236503254808505 4.652430226442514 2.0794754680329586 -26.031112734293693 34.267531792506645 1.3878288302128523 -2.273691380506367 
Pedestrian 61 0 -9999.0 -9999.0 -9999.0 -9999.0 1.9555179380931804 1.0800384848323523 0.9577007499395704 -47.11482384023195 -0.7419482722361296 1.6771014213182918 0.31265984445777306 
Pedestrian 57 0 -9999.0 -9999.0 -9999.0 -9999.0 2 1.0671895162272824 0.768401472016625 -45.488529101763035 3.538560726839294 1.787753195200423 1.7076233495906958 
Pedestrian 71 0 -9999.0 -9999.0 -9999.0 -9999.0 1.7 0.8 0.8 -66.00206649693854 2.4348961459130076 2.8445428402740602 -2.772229616889833 
Pedestrian 62 0 -9999.0 -9999.0 -9999.0 -9999.0 1.7558926553517722 0.8975958508373899 0.8892660264138752 -49.2505214885138 -0.8149849557642528 1.7088488861356932 0.20319332591228267 
Pedestrian 63 0 -9999.0 -9999.0 -9999.0 -9999.0 1.776102061344318 0.9007332051258061 0.878499762242059 -48.93899601105899 0.03136747267316585 1.7201713541494807 0.20319332591228267 
Pedestrian 1 0 -9999.0 -9999.0 -9999.0 -9999.0 1.7903321543446977 0.7650479644303426 0.950846051142035 -3.7701709746891394 3.7428643629873286 0.018085251568039373 0.9880091676671494 
Pedestrian 35 0 -9999.0 -9999.0 -9999.0 -9999.0 1.7 0.7024503538413998 0.6687714678065018 12.124908277424503 -21.354536610014158 -1.3868135804583774 2.1075907268050145 
Pedestrian 60 0 -9999.0 -9999.0 -9999.0 -9999.0 1.939824643901261 1.0800384848323523 1.0129609495955376 -47.503181407169905 -1.7004461485000053 1.6841855361706501 0.31265984445777306 
Pedestrian 69 0 -9999.0 -9999.0 -9999.0 -9999.0 1.7 0.9429772278416193 0.8213725974541288 -63.970078920160375 2.2679808334798754 2.7417411693343956 -2.213559629272103 
Pedestrian 36 0 -9999.0 -9999.0 -9999.0 -9999.0 1.7 0.850147237776687 0.815974565350425 11.028115698751618 -19.93818773389753 -1.3818116219438044 1.004840939298707 
Pedestrian 42 0 -9999.0 -9999.0 -9999.0 -9999.0 2 0.6571585988962698 0.7313037018629595 17.449238528385944 -31.97541266865853 -1.812325658233398 0.6288154500223833 
Pedestrian 200 0 -9999.0 -9999.0 -9999.0 -9999.0 1.69 0.63 0.6976840544483844 -48.19126417565123 51.778201564246665 2.9130866195391203 0.7754439486251226 
Pedestrian 500 0 -9999.0 -9999.0 -9999.0 -9999.0 1.73058774319234 0.7101215245582209 0.6750402935807774 -6.606666994705409 33.03649105967973 0.5695484451932002 -2.435093993215963 
Pedestrian 786 0 -9999.0 -9999.0 -9999.0 -9999.0 1.754453087292859 0.7698611054687652 0.7609389843372388 18.405674084960193 5.730199077034624 -1.4464907264162685 -0.37339264104449654 
Pedestrian 444 0 -9999.0 -9999.0 -9999.0 -9999.0 1.67471203143869 0.6555204803848336 0.5736618194335494 19.300134241981368 -30.861077728499353 -2.0111341115584547 -2.485321963773993 
Pedestrian 445 0 -9999.0 -9999.0 -9999.0 -9999.0 1.670434640999795 0.6163692190913159 0.5684680083201797 18.925078442714483 -31.353992350324788 -2.028911576758393 -2.485321963773993 
Pedestrian 788 0 -9999.0 -9999.0 -9999.0 -9999.0 1.754453087292859 0.5899688492936669 0.5676041344146343 21.096147585337132 6.850673746789828 -1.404109755062621 -0.5757424002981342 
Pedestrian 3 0 -9999.0 -9999.0 -9999.0 -9999.0 1.842354395896898 0.6382350939655546 0.9400121142713256 -3.845379276070886 -0.45805858792181936 -0.014443701938392006 -1.6088594603119368 
Pedestrian 10 0 -9999.0 -9999.0 -9999.0 -9999.0 1.7590261450022302 0.702006775214263 0.7052123923125051 -4.282313092971527 -12.605070053978627 -0.07896633407529546 2.1562542834728546 
Pedestrian 41 0 -9999.0 -9999.0 -9999.0 -9999.0 2 0.6571585988962698 0.7554807917772359 17.158924104129536 -32.72003681987218 -1.81904633132827 0.6288145221875876 
Pedestrian 5 0 -9999.0 -9999.0 -9999.0 -9999.0 1.7089298919090652 0.7825174641725112 0.8612832426404828 -2.8072848138167124 2.2770740739006743 -0.1161834055299038 2.6861473726331297 
Pedestrian 22 0 -9999.0 -9999.0 -9999.0 -9999.0 1.67 0.65 0.65 28.187091824660573 -9.056883918775284 -2.0997135765542936 1.6774317559245535 
Pedestrian 23 0 -9999.0 -9999.0 -9999.0 -9999.0 1.67 0.6 0.7 28.604871172770217 -8.535404543615154 -2.0924124155276598 0.42754043726066726 
Car 5 0 -9999.0 -9999.0 -9999.0 -9999.0 1.5724285917499632 5.014782295574825 2 -10.978354592651613 17.10870850591477 0.4850538196795748 -2.283493020657618 
Pedestrian 11 0 -9999.0 -9999.0 -9999.0 -9999.0 1.9677880983657603 0.9631785670254805 0.711264688143821 -7.394182252656073 -11.393879308428403 -0.15619117381433473 2.0318500362162375 
Car 2 0 -9999.0 -9999.0 -9999.0 -9999.0 1.7379414313283343 4.294220964496503 2.0468469009197627 -40.415925272560266 60.1276211123929 2.6977837967902074 0.8713902684045962 
Pedestrian 14 0 -9999.0 -9999.0 -9999.0 -9999.0 1.6305877431923363 0.6 0.6734859245436777 10.915500214121012 7.658382436167363 -0.9366671333690179 -0.47960017923170994 
Pedestrian 39 0 -9999.0 -9999.0 -9999.0 -9999.0 1.7 0.65 0.65 10.532801433026016 -19.585997184774715 -1.380630907527244 1.8920281488057054 
Pedestrian 15 0 -9999.0 -9999.0 -9999.0 -9999.0 1.6305877431923363 0.6 0.6503560321088826 11.181654396245365 7.250331284165025 -0.9449091857634134 -0.12275158183980572 
Pedestrian 13 0 -9999.0 -9999.0 -9999.0 -9999.0 1.7 0.9685291057493832 0.7877186561711653 -10.56033001273382 -14.006925901160049 0.6451662896745245 -0.8573386874181299 
Pedestrian 12 0 -9999.0 -9999.0 -9999.0 -9999.0 1.896644712467402 0.9333747431203181 0.7690953251725241 -6.786097950439317 -11.519439971817784 -0.21154352919928682 2.012840227231985 
Cyclist 2 0 -9999.0 -9999.0 -9999.0 -9999.0 1.560116241279065 1.839260145848103 0.7278515693859969 8.620017066359502 10.9247873676617 -0.8814476146963338 -1.6689096616299075 
Pedestrian 9 0 -9999.0 -9999.0 -9999.0 -9999.0 1.9424866172712396 0.9116382039112533 0.7877186561711653 12.46361523751568 -25.406104980441775 -1.3945901448816893 -2.5895793941702507 
Pedestrian 28 0 -9999.0 -9999.0 -9999.0 -9999.0 1.7 1.2 1.0763506547432953 -33.759953653676675 2.7840629303110638 1.3394599737006263 0.00806289731747789 
Pedestrian 2 0 -9999.0 -9999.0 -9999.0 -9999.0 2 0.7836441404428482 0.9443741684775213 -4.474835904902948 3.745093322118429 0.14757104455088016 2.4170917570348287 
Car 11 0 -9999.0 -9999.0 -9999.0 -9999.0 1.69 4.54481588975744 2.040306383298412 -18.992670270411477 39.155438442324126 1.1898602625066395 0.8401741039630881 
Pedestrian 17 0 -9999.0 -9999.0 -9999.0 -9999.0 1.7218321758091406 0.7101215245582209 0.6750402935807774 28.978119054442818 -7.5937530441438845 -2.1070204968176154 -2.538289975622037 
Pedestrian 18 0 -9999.0 -9999.0 -9999.0 -9999.0 1.704962334712036 0.8247941869054408 0.6750402935807774 30.883374756099663 -10.467828863933963 -2.2997700408189656 -2.263242851795802 
Pedestrian 7 0 -9999.0 -9999.0 -9999.0 -9999.0 1.7 0.8 0.8535328326521766 -10.275342397250006 -15.14690700624307 0.6122054770713783 -1.0343702130668646 
Car 3 0 -9999.0 -9999.0 -9999.0 -9999.0 1.8 5.100449653876395 2.312484526004296 26.44917697404021 -25.550428508650782 -2.3379459345268603 -2.3073162236051434 
Car 4 0 -9999.0 -9999.0 -9999.0 -9999.0 1.61198024485925 4.5 1.9330279163199107 16.73857601055654 -13.808826012878798 -1.6630584011975627 -2.3051825304138305 
Pedestrian 64 0 -9999.0 -9999.0 -9999.0 -9999.0 1.9625684947574882 0.850147237776687 0.6430822505184413 -63.91879911206558 -0.13571152189351432 2.956125949437046 0.14342330394726055 
Pedestrian 19 0 -9999.0 -9999.0 -9999.0 -9999.0 1.6305877431923363 0.7286035310250423 0.7074749626812281 36.427253035494836 8.448271402285567 -1.4138581867399753 2.887282283466236 
Pedestrian 43 0 -9999.0 -9999.0 -9999.0 -9999.0 2 0.7615629417104234 0.696188533383779 20.50364361702335 -29.339790125711005 -1.906619548219895 2.3481485229385566 
Pedestrian 44 0 -9999.0 -9999.0 -9999.0 -9999.0 1.6059581573907105 0.7944697741447466 0.4913044739848224 10.516024953339192 11.127049652715474 -0.9763315836343925 -2.3205808700730053 
Pedestrian 79 0 -9999.0 -9999.0 -9999.0 -9999.0 1.7613351060176683 0.8149425341588683 0.6985547748057137 15.298800446604153 4.8473424546977 -1.1366645581237562 -0.3319262880921734 
Pedestrian 56 0 -9999.0 -9999.0 -9999.0 -9999.0 2 0.7308443122339661 1.0794054496583634 -43.79250459752563 -3.329068796345949 1.757546468892058 -3.0676655679301437 
Pedestrain_sitting 50 0 -9999.0 -9999.0 -9999.0 -9999.0 1.4528940761633504 0.9099253014957234 0.8180524838412104 -18.561300447963546 9.436660902927292 0.999040461946197 2.4702121002388076 
Pedestrian 46 0 -9999.0 -9999.0 -9999.0 -9999.0 1.5573774738804786 0.7293547127269011 0.5962560081055295 -2.3685375236554345 1.723884335919235 -0.20515584382112695 2.706246943900471 
Pedestrian 45 0 -9999.0 -9999.0 -9999.0 -9999.0 1.9966214826345094 0.8 0.7172404639596737 5.281454029325226 17.06143683512401 -0.13276606323402068 -2.2739713011571947 
Pedestrian 78 0 -9999.0 -9999.0 -9999.0 -9999.0 1.754453087292859 0.7998805468127119 0.7640305746984918 18.750296023577306 4.925326480496189 -1.4504536748691732 -0.355322770520214 
Pedestrian 48 0 -9999.0 -9999.0 -9999.0 -9999.0 1.5961149522718188 0.6619864401580255 0.6154926255612282 -15.403196070558868 9.524034249772436 0.7346859490546748 -0.7261798400089816 
Pedestrian 49 0 -9999.0 -9999.0 -9999.0 -9999.0 1.765210105905453 0.5867696935238093 0.5198797403538553 -16.72392198792559 8.754641381794261 0.8470589743671312 2.349929456309386 
Pedestrian 29 0 -9999.0 -9999.0 -9999.0 -9999.0 1.882099771669414 0.7512326510326077 0.7164228223321065 -36.08884964871515 -7.409945122890373 1.6461817376215497 -0.010023649131229107 
Pedestrian 51 0 -9999.0 -9999.0 -9999.0 -9999.0 1.882099771669414 0.9259751102461425 0.9 -35.62869211203347 -6.784553884624268 1.646186782628583 0.022301293583208093 
Pedestrian 52 0 -9999.0 -9999.0 -9999.0 -9999.0 1.882099771669414 0.9259751102461425 0.7164228223321065 -35.935843782290014 -5.879807932474165 1.6522477516754936 -1.5150199842287115 
Car 6 0 -9999.0 -9999.0 -9999.0 -9999.0 1.676041974519338 4.8671445048684685 2.03 2.9485924117843805 0.9316180951688984 -0.5216541019592402 -2.285263143027258 
Pedestrian 2000 0 -9999.0 -9999.0 -9999.0 -9999.0 2 1.1789591111675595 0.768401472016625 -46.38774093469197 3.1738372122834706 1.7583854190637622 1.7076233333671693 
Pedestrian 16 0 -9999.0 -9999.0 -9999.0 -9999.0 1.6305877431923363 0.7101215245582209 0.6750402935807774 13.402491663907693 5.967663482774671 -1.0838704988457402 -0.4768489098531532 
Pedestrian 2222 0 -9999.0 -9999.0 -9999.0 -9999.0 1.69 0.6 0.5 -16.906903809636727 9.608014901159864 0.7861850902835956 2.319659005096412 
Pedestrian 84 0 -9999.0 -9999.0 -9999.0 -9999.0 1.9025429523145614 0.725682981665881 0.7368412459176817 48.457416065347104 -34.53331492536925 -4.32700530873777 -2.1954793366809504 
Pedestrian 59 0 -9999.0 -9999.0 -9999.0 -9999.0 1.7558926553517722 0.9540753035667296 0.8892660264138752 -48.60517269596962 0.27384888180253825 1.6614503505095182 -2.8357453074401135 
Pedestrian 6 0 -9999.0 -9999.0 -9999.0 -9999.0 1.612912994004546 0.71539134130477 0.7957522547186421 -2.1523280078075326 0.7040803854765496 -0.21307707805827833 2.677193533132769 
Pedestrian 25 0 -9999.0 -9999.0 -9999.0 -9999.0 1.84 0.7981017198465101 0.5743378791432734 12.313203021259474 7.746371316523412 -0.9355331147092967 -0.5859860472887455 
Pedestrian 24 0 -9999.0 -9999.0 -9999.0 -9999.0 1.93 0.793932808351396 0.5932528551674032 12.525137499280753 7.285508450626046 -0.8683263537703992 0.341630243269222 
Pedestrian 54 0 -9999.0 -9999.0 -9999.0 -9999.0 2.059314376687098 0.7896582871023229 0.8661615796766307 -34.23477656272834 -4.456352193911599 1.688701706571862 1.6515918063388186 
Pedestrian 53 0 -9999.0 -9999.0 -9999.0 -9999.0 2 0.7896582871023229 0.8661615796766307 -33.48373469658714 -4.5842519677920865 1.6782138817927972 1.6667827893665308 
Pedestrain_sitting 33 0 -9999.0 -9999.0 -9999.0 -9999.0 1.2673681129106715 0.7977484165168576 0.7920398462192121 -33.062489881262046 -8.420327741583542 2.3735224525091447 -2.8351433389638103 
Pedestrain_sitting 222 0 -9999.0 -9999.0 -9999.0 -9999.0 1.2966448563220183 0.8 0.8 -32.07132866091606 -9.86514408546217 2.4038264154130733 2.5985997105497844 
Pedestrain_sitting 320 0 -9999.0 -9999.0 -9999.0 -9999.0 1.2966448563220183 0.8 0.8563119095990239 -31.305339494139083 -9.4892002496073 2.4038264154130733 -0.5429929430400087 
Pedestrain_sitting 2002 0 -9999.0 -9999.0 -9999.0 -9999.0 1.2674531158975288 0.7727384659567491 0.6981591780998834 -32.30747758641633 -9.028172193569969 2.3773602075633913 0.6170376212796125 
Pedestrain_sitting 1 0 -9999.0 -9999.0 -9999.0 -9999.0 1.2640860333501678 0.63 0.63 -33.138968078163145 -9.418168858462195 2.3863661096552553 2.2166094457635133 
