Pedestrian 8 0 -9999.0 -9999.0 -9999.0 -9999.0 1.7 0.8 0.7600435189904073 -9.50295779299249 -15.558278664013123 0.578136941489739 -1.0343702538590662 
Pedestrian 4 0 -9999.0 -9999.0 -9999.0 -9999.0 1.8320570902627569 0.7625937850947424 0.7652162660566085 -3.4119753628232052 -1.024886225170297 -0.0847341536558107 0.7644533621111318 
Pedestrian 37 0 -9999.0 -9999.0 -9999.0 -9999.0 1.9217071835278898 0.850147237776687 0.7877186561711653 8.354461260473418 -18.691601188942116 -1.1484049416147035 1.3053903906294266 
Car 17 0 -9999.0 -9999.0 -9999.0 -9999.0 1.7 4 2.03 -49.10985685084193 -3.104911545685066 1.7531412428332285 -1.7961910245181159 
Pedestrian 55 0 -9999.0 -9999.0 -9999.0 -9999.0 2 0.7308443122339661 1.0794054496583634 -41.38065058770213 -2.998069876267384 1.6330701304806905 -3.067665496178659 
Pedestrian 53 0 -9999.0 -9999.0 -9999.0 -9999.0 2 0.7896582871023229 0.8661615796766307 -33.41717125475803 -3.272237733045096 1.628418290489249 1.8571983345610708 
Car 13 0 -9999.0 -9999.0 -9999.0 -9999.0 1.69 4.5 2.03 -29.8405963776642 51.75641994028056 1.8269085708035409 0.8137561613792919 
Pedestrian 54 0 -9999.0 -9999.0 -9999.0 -9999.0 2.059314376687098 0.7896582871023229 0.8661615796766307 -34.1890154540651 -2.8880865836401597 1.6535536472714722 1.8552242648599808 
Pedestrian 47 0 -9999.0 -9999.0 -9999.0 -9999.0 1.5406104228569182 0.5955157202642158 0.5813035391208994 -16.077815553473148 8.88127087163897 0.6996712560419109 2.3505891088062043 
Car 9 0 -9999.0 -9999.0 -9999.0 -9999.0 1.8236503254808505 4.652430226442514 1.866596000621489 -31.4406919457787 40.554684219873195 1.2118031662183513 -2.3093042999753397 
Cyclist 1 0 -9999.0 -9999.0 -9999.0 -9999.0 1.273497039979345 1.1679049281179246 0.6772598817077023 -4.004306701030153 -16.22527001405844 -0.5179176167011063 0.35317103933248184 
Car 12 0 -9999.0 -9999.0 -9999.0 -9999.0 1.69 4.45 1.924707488251928 -24.307129710533534 45.26111051510788 1.4060379012591877 0.8271046063700407 
Car 10 0 -9999.0 -9999.0 -9999.0 -9999.0 1.5181230343809584 4.462338700471315 1.8650325355771653 -26.857764570776276 41.89296693796208 1.306745047916735 0.8126452836395472 
Car 15 0 -9999.0 -9999.0 -9999.0 -9999.0 1.7672335120061524 3.764270850722953 1.8800174910081242 26.42488319089504 1.9403380016455731 -1.6904274384862588 -0.6572188282890199 
Car 14 0 -9999.0 -9999.0 -9999.0 -9999.0 1.55 4.05 1.85 -37.78596909384778 60.23205640620354 2.397168660383913 0.8135782975710786 
Cyclist 3 0 -9999.0 -9999.0 -9999.0 -9999.0 1.69 1.6271504584203416 0.65 -63.43234950667229 3.9906063327351626 2.9228511950890184 -3.0675943927375684 
Car 16 0 -9999.0 -9999.0 -9999.0 -9999.0 1.7 4.5 2.03 -47.49233224835076 -8.62534270971154 1.480141554120832 -1.9720984828614334 
Car 8 0 -9999.0 -9999.0 -9999.0 -9999.0 1.8236503254808505 4.652430226442514 2.0794754680329586 -20.56021325472148 28.555344463500116 1.277615021833566 -2.27369138018717 
Pedestrian 61 0 -9999.0 -9999.0 -9999.0 -9999.0 1.9555179380931804 1.0800384848323523 0.9577007499395704 -47.80458076305862 -0.3254810957312628 1.6911260534861428 0.31265984445777306 
Pedestrian 57 0 -9999.0 -9999.0 -9999.0 -9999.0 2 1.0671895162272824 0.768401472016625 -45.510246115547744 4.854076346541902 1.726046233108627 1.7076233333671693 
Pedestrian 74 0 -9999.0 -9999.0 -9999.0 -9999.0 2 0.7526079700292483 0.8255516816123823 -70.06687620265406 2.872338682785962 3.3740786972330215 -3.067931660766698 
Pedestrian 71 0 -9999.0 -9999.0 -9999.0 -9999.0 1.7 0.8 0.8 -65.33449565076405 1.9315562358087175 2.9719702929102714 -2.441547189951489 
Pedestrian 62 0 -9999.0 -9999.0 -9999.0 -9999.0 1.7558926553517722 0.8975958508373899 0.8892660264138752 -50.65137760004317 -0.6176335833674207 1.7383884903957463 0.20319332591228267 
Pedestrian 72 0 -9999.0 -9999.0 -9999.0 -9999.0 1.85 0.802607970029248 0.775551681612382 -66.24327655177626 2.3841262158040624 3.070956768266595 -3.067931660766698 
Pedestrian 1 0 -9999.0 -9999.0 -9999.0 -9999.0 1.7903321543446977 0.7650479644303426 0.950846051142035 -3.8620051184096735 3.6916813800176054 0.022085766801489694 0.9409254197329293 
Pedestrian 35 0 -9999.0 -9999.0 -9999.0 -9999.0 1.7 0.7024503538413998 0.6687714678065018 12.124914438802186 -21.35454027653013 -1.386231284191324 2.1075907268050145 
Pedestrian 60 0 -9999.0 -9999.0 -9999.0 -9999.0 1.939824643901261 1.0800384848323523 1.0129609495955376 -47.98070500035352 -1.3068226328733423 1.6841855361706501 0.31265984445777306 
Pedestrian 69 0 -9999.0 -9999.0 -9999.0 -9999.0 1.7 0.9429772278416193 0.8213725974541288 -63.625685979768434 1.2680832110161775 3.0230833004781843 -1.0278924651546006 
Pedestrian 36 0 -9999.0 -9999.0 -9999.0 -9999.0 1.7 0.850147237776687 0.815974565350425 11.046793970620046 -19.95978075193638 -1.3818116219438044 1.1137144281956957 
Pedestrian 42 0 -9999.0 -9999.0 -9999.0 -9999.0 2 0.6571585988962698 0.7313037018629595 16.38405846503621 -31.124961317144887 -1.6151672563227626 0.6288154500223833 
Pedestrian 200 0 -9999.0 -9999.0 -9999.0 -9999.0 1.69 0.63 0.6976840544483844 -49.226091987147534 53.12765620138499 3.003873729649662 0.7754439486251226 
Pedestrian 500 0 -9999.0 -9999.0 -9999.0 -9999.0 1.73058774319234 0.7101215245582209 0.6750402935807774 -6.219175561765619 31.057987376346635 0.557148448544142 -2.392020165616332 
Pedestrian 786 0 -9999.0 -9999.0 -9999.0 -9999.0 1.754453087292859 0.7698611054687652 0.7609389843372388 17.33242741247229 5.30477637333821 -1.3340178182435194 -0.4634830072693763 
Pedestrian 444 0 -9999.0 -9999.0 -9999.0 -9999.0 1.67471203143869 0.6555204803848336 0.5736618194335494 20.269126370828197 -32.083922893719 -2.030021635854595 -2.4853219945297518 
Pedestrian 445 0 -9999.0 -9999.0 -9999.0 -9999.0 1.670434640999795 0.6163692190913159 0.5684680083201797 19.84667801826199 -32.49959645905083 -2.02891870551522 -2.485321963773993 
Pedestrian 788 0 -9999.0 -9999.0 -9999.0 -9999.0 1.754453087292859 0.5899688492936669 0.5676041344146343 19.97220673698221 6.205267006976738 -1.4304570769198788 -0.5757424002981342 
Pedestrian 3 0 -9999.0 -9999.0 -9999.0 -9999.0 1.842354395896898 0.6382350939655546 0.9400121142713256 -3.906836074405971 -0.4054347135203543 -0.01026306221302945 -1.62883220381908 
Pedestrian 10 0 -9999.0 -9999.0 -9999.0 -9999.0 1.7590261450022302 0.702006775214263 0.7052123923125051 -4.414442286063594 -12.477924469632711 -0.06394974500459769 2.616445247346199 
Pedestrian 41 0 -9999.0 -9999.0 -9999.0 -9999.0 2 0.6571585988962698 0.7554807917772359 15.94622641173165 -31.71711474283277 -1.6070479816729741 0.6288146335767024 
Pedestrian 5 0 -9999.0 -9999.0 -9999.0 -9999.0 1.7089298919090652 0.7825174641725112 0.8612832426404828 -2.8099254949148715 2.2847935809627664 -0.10944377714419944 2.6863840811321165 
Pedestrian 22 0 -9999.0 -9999.0 -9999.0 -9999.0 1.67 0.65 0.65 28.18802233575013 -9.062797029161581 -2.0997135765542936 1.6774142395630633 
Pedestrian 23 0 -9999.0 -9999.0 -9999.0 -9999.0 1.67 0.6 0.7 28.604871172770217 -8.535404543615154 -2.0924124155276598 0.42754043726066726 
Car 5 0 -9999.0 -9999.0 -9999.0 -9999.0 1.5724285917499632 5.014782295574825 2 -3.6529295670082047 8.717319708353939 -0.10401635662008762 -2.2837915714111308 
Pedestrian 11 0 -9999.0 -9999.0 -9999.0 -9999.0 1.9677880983657603 0.9631785670254805 0.711264688143821 -7.352710321940697 -11.400522236764344 -0.14191451994370863 2.0764876688886 
Car 2 0 -9999.0 -9999.0 -9999.0 -9999.0 1.7379414313283343 4.294220964496503 2.0468469009197627 -43.89646294369834 64.31520666961913 3.1208371601183997 0.8635588712882214 
Pedestrian 14 0 -9999.0 -9999.0 -9999.0 -9999.0 1.6305877431923363 0.6 0.6734859245436777 10.898010836849865 7.654726334348022 -0.9344026871688899 -0.47960181269952074 
Pedestrian 39 0 -9999.0 -9999.0 -9999.0 -9999.0 1.7 0.65 0.65 10.539515547887525 -19.574989715947503 -1.380630907527244 2.3408517696692925 
Pedestrian 15 0 -9999.0 -9999.0 -9999.0 -9999.0 1.6305877431923363 0.6 0.6503560321088826 11.18043977976907 7.233596950039042 -0.9501089750877278 -0.12283318921452135 
Pedestrian 13 0 -9999.0 -9999.0 -9999.0 -9999.0 1.7 0.9685291057493832 0.7877186561711653 -10.818942368444793 -14.15232426381177 0.6215867503580712 -1.0754135910818885 
Pedestrian 12 0 -9999.0 -9999.0 -9999.0 -9999.0 1.896644712467402 0.9333747431203181 0.7690953251725241 -6.736183802426512 -11.610888125915233 -0.2006667377268267 2.013220350890901 
Cyclist 2 0 -9999.0 -9999.0 -9999.0 -9999.0 1.560116241279065 1.839260145848103 0.7278515693859969 8.603998379625224 10.975284920877911 -0.8736977513212068 -1.6689096616299075 
Pedestrian 9 0 -9999.0 -9999.0 -9999.0 -9999.0 1.9424866172712396 0.9116382039112533 0.7877186561711653 13.739946529636564 -26.674598312805628 -1.4893982048388872 -2.5895793941702507 
Pedestrian 28 0 -9999.0 -9999.0 -9999.0 -9999.0 1.7 1.2 1.0763506547432953 -35.572475728638075 2.8457122989898322 1.536251960094666 0.004706979138180856 
Pedestrian 2 0 -9999.0 -9999.0 -9999.0 -9999.0 2 0.7836441404428482 0.9443741684775213 -4.527263104291505 3.7257060805167357 0.17263333895099575 2.42695891365992 
Car 11 0 -9999.0 -9999.0 -9999.0 -9999.0 1.69 4.54481588975744 2.040306383298412 -18.992670270411477 39.155438442324126 1.1898602625066395 0.8401741039630881 
Pedestrian 17 0 -9999.0 -9999.0 -9999.0 -9999.0 1.7218321758091406 0.7101215245582209 0.6750402935807774 30.15005804903646 -8.991712389910049 -2.1733861092329327 -2.228664311796191 
Pedestrian 18 0 -9999.0 -9999.0 -9999.0 -9999.0 1.704962334712036 0.8247941869054408 0.6750402935807774 31.94721600254932 -11.525283882651513 -2.3600542600901195 -2.2972501296237464 
Pedestrian 7 0 -9999.0 -9999.0 -9999.0 -9999.0 1.7 0.8 0.8535328326521766 -10.275342397250006 -15.14690700624307 0.6122054770713783 -1.0343702130668646 
Car 3 0 -9999.0 -9999.0 -9999.0 -9999.0 1.8 5.100449653876395 2.312484526004296 32.423253774148236 -32.356530211367456 -2.686235578815469 -2.307337586141143 
Car 4 0 -9999.0 -9999.0 -9999.0 -9999.0 1.61198024485925 4.5 1.9330279163199107 22.794861455044426 -21.70720881253855 -2.2072320251468813 -2.271005143935426 
Pedestrian 63 0 -9999.0 -9999.0 -9999.0 -9999.0 1.776102061344318 0.9007332051258061 0.878499762242059 -50.373518406948975 0.30973812905173914 1.754043589639569 0.20319332591228267 
Pedestrian 64 0 -9999.0 -9999.0 -9999.0 -9999.0 1.9625684947574882 0.850147237776687 0.6430822505184413 -65.8171505418775 0.6065141214751646 3.163367019579475 0.14342330394726055 
Pedestrian 19 0 -9999.0 -9999.0 -9999.0 -9999.0 1.6305877431923363 0.7286035310250423 0.7074749626812281 37.228037444121384 8.70703604519356 -1.8528343487370016 2.632066920845018 
Pedestrian 43 0 -9999.0 -9999.0 -9999.0 -9999.0 2 0.7615629417104234 0.696188533383779 20.586235444977557 -29.401526289355072 -1.8669174605729033 2.348148522339166 
Pedestrian 44 0 -9999.0 -9999.0 -9999.0 -9999.0 1.6059581573907105 0.7944697741447466 0.4913044739848224 11.688969234459652 10.087656541676933 -0.9768412425727453 -2.320580872272476 
Pedestrian 79 0 -9999.0 -9999.0 -9999.0 -9999.0 1.7613351060176683 0.8149425341588683 0.6985547748057137 14.549281993056583 4.829969350038219 -1.068405605422268 -0.5958719751610602 
Pedestrian 56 0 -9999.0 -9999.0 -9999.0 -9999.0 2 0.7308443122339661 1.0794054496583634 -42.13718772355084 -3.595555852018179 1.6432392553255424 -3.0676655679301437 
Pedestrain_sitting 50 0 -9999.0 -9999.0 -9999.0 -9999.0 1.4528940761633504 0.9099253014957234 0.8180524838412104 -18.577925494863724 9.439518944612885 1.0233131615053106 2.4702121002388076 
Pedestrian 46 0 -9999.0 -9999.0 -9999.0 -9999.0 1.5573774738804786 0.7293547127269011 0.5962560081055295 -2.3529590044976647 1.7611864934886994 -0.20421284447671068 2.7383903549854924 
Pedestrian 45 0 -9999.0 -9999.0 -9999.0 -9999.0 1.9966214826345094 0.8 0.7172404639596737 6.751068615030214 15.37088675428973 -0.27264331985436646 -2.2739713337806506 
Pedestrian 78 0 -9999.0 -9999.0 -9999.0 -9999.0 1.754453087292859 0.7998805468127119 0.7640305746984918 17.391022624982458 4.446493821198775 -1.3210549706706045 -0.18466303484719404 
Pedestrian 48 0 -9999.0 -9999.0 -9999.0 -9999.0 1.5961149522718188 0.6619864401580255 0.6154926255612282 -15.336905386908485 9.532562326886874 0.7446613892117101 -0.7261798400089816 
Pedestrian 49 0 -9999.0 -9999.0 -9999.0 -9999.0 1.765210105905453 0.5867696935238093 0.5198797403538553 -16.70189715904379 8.788059718002275 0.7958502920629957 2.349929456309386 
Pedestrian 29 0 -9999.0 -9999.0 -9999.0 -9999.0 1.882099771669414 0.7512326510326077 0.7164228223321065 -36.08884964871515 -7.409945122890373 1.6461817376215497 -0.010023649131229107 
Pedestrian 51 0 -9999.0 -9999.0 -9999.0 -9999.0 1.882099771669414 0.9259751102461425 0.9 -35.62869211203347 -6.784553884624268 1.646186782628583 0.022301293583208093 
Pedestrian 52 0 -9999.0 -9999.0 -9999.0 -9999.0 1.882099771669414 0.9259751102461425 0.7164228223321065 -35.935843782290014 -5.879807932474165 1.6522477516754936 -1.5150199842287115 
Car 6 0 -9999.0 -9999.0 -9999.0 -9999.0 1.676041974519338 4.8671445048684685 2.03 8.844812905745956 -6.144964294641467 -1.0009160374562456 -2.28526814911565 
Pedestrian 2000 0 -9999.0 -9999.0 -9999.0 -9999.0 2 1.1789591111675595 0.768401472016625 -46.40922824835088 4.45716751037905 1.740825902457203 1.7076233333671693 
Pedestrian 16 0 -9999.0 -9999.0 -9999.0 -9999.0 1.6305877431923363 0.7101215245582209 0.6750402935807774 13.406005374362259 5.968248613030541 -1.0407782444289273 -0.4768489098531532 
Pedestrian 2222 0 -9999.0 -9999.0 -9999.0 -9999.0 1.69 0.6 0.5 -16.938079554462526 9.574473636368529 0.7861850902835956 2.319659005096412 
Pedestrian 84 0 -9999.0 -9999.0 -9999.0 -9999.0 1.9025429523145614 0.725682981665881 0.7368412459176817 49.613020097261305 -36.215702841185404 -4.284465539237274 -2.1954793366809504 
Pedestrian 59 0 -9999.0 -9999.0 -9999.0 -9999.0 1.7558926553517722 0.9540753035667296 0.8892660264138752 -46.76154144878602 -0.19879079688890794 1.6531622745618368 -2.8294030284958325 
Pedestrian 6 0 -9999.0 -9999.0 -9999.0 -9999.0 1.612912994004546 0.71539134130477 0.7957522547186421 -2.1579147777853986 0.714615927641773 -0.20876950541596884 2.677193527834408 
Pedestrian 25 0 -9999.0 -9999.0 -9999.0 -9999.0 1.84 0.7981017198465101 0.5743378791432734 12.327467949706838 7.76800362268685 -0.894551863818589 -0.6133123510220528 
Pedestrian 24 0 -9999.0 -9999.0 -9999.0 -9999.0 1.93 0.793932808351396 0.5932528551674032 12.530380370560556 7.312077973615595 -0.8790228415280392 0.3416609393244219 
Pedestrain_sitting 33 0 -9999.0 -9999.0 -9999.0 -9999.0 1.2673681129106715 0.7977484165168576 0.7920398462192121 -33.062489881262046 -8.420327741583542 2.3735224525091447 -2.7868113922922273 
Pedestrain_sitting 222 0 -9999.0 -9999.0 -9999.0 -9999.0 1.2966448563220183 0.8 0.8 -32.07132866091606 -9.86514408546217 2.4038264154130733 2.5985997105497844 
Pedestrain_sitting 320 0 -9999.0 -9999.0 -9999.0 -9999.0 1.2966448563220183 0.8 0.8563119095990239 -31.298015161043498 -9.493949693975056 2.4038264154130733 -0.5429929430400087 
Pedestrain_sitting 2002 0 -9999.0 -9999.0 -9999.0 -9999.0 1.2674531158975288 0.7727384659567491 0.6981591780998834 -32.30747758641633 -9.028172193569969 2.3773602075633913 0.6170376212796125 
Pedestrain_sitting 1 0 -9999.0 -9999.0 -9999.0 -9999.0 1.2640860333501678 0.63 0.63 -33.138968078163145 -9.418168858462195 2.3863661096552553 2.2166094457635133 
