Pedestrian 8 0 -9999.0 -9999.0 -9999.0 -9999.0 1.7 0.8 0.7600435189904073 -9.50295779299249 -15.558278664013123 0.578136941489739 -1.0343702538590662 
Pedestrian 4 0 -9999.0 -9999.0 -9999.0 -9999.0 1.8320570902627569 0.7625937850947424 0.7652162660566085 -3.3494619353197694 -1.0846408135544094 -0.09641413366109426 0.7644533621111318 
Pedestrian 37 0 -9999.0 -9999.0 -9999.0 -9999.0 1.9217071835278898 0.850147237776687 0.7877186561711653 8.620651918299155 -18.992949673870775 -1.1484049416147035 1.1485344392096026 
Pedestrian 38 0 -9999.0 -9999.0 -9999.0 -9999.0 1.7 0.65 0.7423727600760921 11.43336980284784 -20.950828325836508 -1.3786786778928302 2.5526651974781593 
Pedestrian 27 0 -9999.0 -9999.0 -9999.0 -9999.0 2 0.850147237776687 0.7877186561711653 -16.72624930026462 16.76712705959416 1.0572205805377999 -2.366148704964669 
Pedestrian 47 0 -9999.0 -9999.0 -9999.0 -9999.0 1.5406104228569182 0.5955157202642158 0.5813035391208994 -15.999294870149255 8.824139119690413 0.6863926641948318 2.349929456309386 
Pedestrian 70 0 -9999.0 -9999.0 -9999.0 -9999.0 2 0.6519103540370152 0.6166851379586125 -78.63060485241753 4.877281206895001 3.416099432786369 -3.067936661719987 
Cyclist 1 0 -9999.0 -9999.0 -9999.0 -9999.0 1.273497039979345 1.1679049281179246 0.6772598817077023 -4.025095423769227 -16.216789329644676 -0.5347743042742801 0.35317101011982555 
Car 10 0 -9999.0 -9999.0 -9999.0 -9999.0 1.5181230343809584 4.462338700471315 1.8650325355771653 27.714297136089115 -17.2672738184653 -2.2344004972063174 0.8145617445915523 
Car 15 0 -9999.0 -9999.0 -9999.0 -9999.0 1.7672335120061524 3.764270850722953 1.8800174910081242 26.42488319089504 1.9403380016455731 -1.6904274384862588 -0.6572188282890199 
Car 16 0 -9999.0 -9999.0 -9999.0 -9999.0 1.7 4.5 2.03 -47.49233224835076 -8.62534270971154 1.480141554120832 -1.9720984828614334 
Car 8 0 -9999.0 -9999.0 -9999.0 -9999.0 1.8236503254808505 4.652430226442514 2.0794754680329586 -61.2195395467558 73.85643334179971 4.097565692396727 -2.2736913801871506 
Pedestrian 67 0 -9999.0 -9999.0 -9999.0 -9999.0 2 0.7558475072200068 0.8989041819551322 -57.07720289168704 -0.8632693421773414 2.0448443550017 -3.068315644322208 
Pedestrian 1 0 -9999.0 -9999.0 -9999.0 -9999.0 1.7903321543446977 0.7650479644303426 0.950846051142035 -4.0130668218287235 3.525567544428076 0.007575993057563938 0.5450774369622344 
Pedestrian 35 0 -9999.0 -9999.0 -9999.0 -9999.0 1.7 0.7024503538413998 0.6687714678065018 12.122941563632928 -21.353366256904692 -1.3886359919362747 2.1075907268050145 
Pedestrian 31 0 -9999.0 -9999.0 -9999.0 -9999.0 1.69 0.630147237776687 0.9611788787942502 -34.72125507450335 -3.8635975756714425 1.4970574583080056 0.22936279271668525 
Pedestrian 80 0 -9999.0 -9999.0 -9999.0 -9999.0 1.814395361872812 0.7890274310610776 0.7537002650888356 56.63445813483024 -42.754674714257504 -4.084779547932468 -2.1424088356789674 
Pedestrian 30 0 -9999.0 -9999.0 -9999.0 -9999.0 2.0438877301746876 1 0.9632155466104403 -32.00757179174805 -6.21263305835604 1.6100206090351605 -0.47616673465783776 
Pedestrian 69 0 -9999.0 -9999.0 -9999.0 -9999.0 1.7 0.9429772278416193 0.8213725974541288 -78.78112933661843 3.994563250631665 3.2973921135210067 -3.0785555498495416 
Pedestrian 68 0 -9999.0 -9999.0 -9999.0 -9999.0 1.9703968735807393 0.9942528585731926 1.0566657177519059 -57.03188386068841 0.2096904360800836 1.9541585119971874 -3.068315644322208 
Pedestrian 36 0 -9999.0 -9999.0 -9999.0 -9999.0 1.7 0.850147237776687 0.815974565350425 10.98389886539573 -20.02610336290263 -1.3818116219438044 2.0355697439192344 
Pedestrian 42 0 -9999.0 -9999.0 -9999.0 -9999.0 2 0.6571585988962698 0.7313037018629595 29.434433392707483 -41.92452555751088 -2.076278842500158 0.6288154500223833 
Pedestrian 201 0 -9999.0 -9999.0 -9999.0 -9999.0 1.69 0.63 0.7061297036483256 -37.31502832529754 40.67329383361693 2.2808700116261758 0.7754439486251226 
Pedestrian 200 0 -9999.0 -9999.0 -9999.0 -9999.0 1.69 0.63 0.6976840544483844 -37.35952071550763 39.6495041831345 2.2813002725331257 0.7754439486251226 
Pedestrian 888 0 -9999.0 -9999.0 -9999.0 -9999.0 1.9370659336890772 0.7802022774271908 0.7396771291660864 27.318807199374234 -43.67580133987345 -2.101413787388518 2.8607096612164113 
Pedestrian 1444 0 -9999.0 -9999.0 -9999.0 -9999.0 1.882099771669414 0.9259751102461425 0.7164228223321065 62.54160888229839 -51.76840309835524 -4.773838698099734 -2.222808923839155 
Pedestrian 444 0 -9999.0 -9999.0 -9999.0 -9999.0 1.67471203143869 0.6555204803848336 0.5736618194335494 4.96825832922362 -20.994182134853844 -0.9585578963636533 -2.485321964875917 
Pedestrian 445 0 -9999.0 -9999.0 -9999.0 -9999.0 1.670434640999795 0.6163692190913159 0.5684680083201797 4.657404143547553 -21.487681079047398 -0.9683767644762723 -2.485321975605384 
Pedestrian 1445 0 -9999.0 -9999.0 -9999.0 -9999.0 1.882099771669414 0.9259751102461425 0.8962289534873691 61.85982890700335 -52.32219588437474 -4.773791150446245 -2.3380151349536096 
Car 1 0 -9999.0 -9999.0 -9999.0 -9999.0 1.82408956127467 4.90333570536775 2.072828074906038 -6.283028950271851 10.944951753382623 -0.08006236307987827 -2.2923482517592895 
Motorcyclist 1 0 -9999.0 -9999.0 -9999.0 -9999.0 1.8447809626618457 2.4240048782345798 0.9572474581057621 -2.871374588172457 10.457832541098153 -0.17982733710241205 -2.3811851616199498 
Pedestrian 3 0 -9999.0 -9999.0 -9999.0 -9999.0 1.842354395896898 0.6382350939655546 0.9400121142713256 -3.9115058256136606 -0.3627974865546733 -0.030091208418354942 -2.4123184315401502 
Pedestrian 10 0 -9999.0 -9999.0 -9999.0 -9999.0 1.7590261450022302 0.702006775214263 0.7052123923125051 -4.172994117892013 -12.577709528320076 -0.11142925176409414 2.1562542834728546 
Pedestrian 41 0 -9999.0 -9999.0 -9999.0 -9999.0 2 0.6571585988962698 0.7554807917772359 28.48108346133891 -42.251415095077554 -2.0781844059458856 0.6288154500469023 
Pedestrian 5 0 -9999.0 -9999.0 -9999.0 -9999.0 1.7089298919090652 0.7825174641725112 0.8612832426404828 -6.9099898263921204 2.9540675995208354 0.0007920287730487328 -2.8130309089166463 
Pedestrian 22 0 -9999.0 -9999.0 -9999.0 -9999.0 1.67 0.65 0.65 28.20753829202831 -8.747166226522262 -2.0997135765542936 1.6742369230003487 
Pedestrian 23 0 -9999.0 -9999.0 -9999.0 -9999.0 1.67 0.6 0.7 28.604871172770217 -8.535404543615154 -2.0924124155276598 0.42754043726066726 
Car 5 0 -9999.0 -9999.0 -9999.0 -9999.0 1.5724285917499632 5.014782295574825 2 -26.75326406366835 35.24517648492275 1.5405845615227678 -2.284224681875621 
Pedestrian 11 0 -9999.0 -9999.0 -9999.0 -9999.0 1.9677880983657603 0.9631785670254805 0.711264688143821 -16.136312948701104 -9.323962524200128 0.5208724091104554 -2.842627249328011 
Car 2 0 -9999.0 -9999.0 -9999.0 -9999.0 1.7379414313283343 4.294220964496503 2.0468469009197627 -3.810009202710269 18.417844920975522 0.16722132468139228 0.8690285208237185 
Pedestrian 14 0 -9999.0 -9999.0 -9999.0 -9999.0 1.6305877431923363 0.6 0.6734859245436777 11.015050365664623 7.801158365934809 -0.9294181103329755 -0.3632659761365229 
Pedestrian 39 0 -9999.0 -9999.0 -9999.0 -9999.0 1.7 0.65 0.65 10.568326799228903 -19.60546066386692 -1.380630907527244 2.353936421735691 
Pedestrian 15 0 -9999.0 -9999.0 -9999.0 -9999.0 1.6305877431923363 0.6 0.6503560321088826 11.204893357076621 7.295920696750977 -0.9353299479392896 0.1081196822935322 
Pedestrian 13 0 -9999.0 -9999.0 -9999.0 -9999.0 1.7 0.9685291057493832 0.7877186561711653 -18.437021672147118 -9.59216995437687 0.6287643058370831 -2.9145752300687597 
Pedestrian 12 0 -9999.0 -9999.0 -9999.0 -9999.0 1.896644712467402 0.9333747431203181 0.7690953251725241 -16.42307231320127 -9.996408214673348 0.5039662770168077 -2.8367310393260166 
Cyclist 2 0 -9999.0 -9999.0 -9999.0 -9999.0 1.560116241279065 1.839260145848103 0.7278515693859969 8.571879304253736 10.910877980202855 -0.8563474464178047 -1.6689096621168034 
Pedestrian 9 0 -9999.0 -9999.0 -9999.0 -9999.0 1.9424866172712396 0.9116382039112533 0.7877186561711653 -1.6031658249665721 -16.7765547804716 -0.340591312784125 -2.5895793941702507 
Pedestrian 28 0 -9999.0 -9999.0 -9999.0 -9999.0 1.7 1.2 1.0763506547432953 -17.850059401084504 -3.1947000024301815 0.428171054144315 0.9175780235947295 
Pedestrian 2 0 -9999.0 -9999.0 -9999.0 -9999.0 2 0.7836441404428482 0.9443741684775213 -4.359597096922469 3.7894598344892008 0.1616865395368837 -2.450898133556766 
Car 11 0 -9999.0 -9999.0 -9999.0 -9999.0 1.69 4.54481588975744 2.040306383298412 -18.992670270411477 39.155438442324126 1.1898602625066395 0.8401741039630881 
Pedestrian 17 0 -9999.0 -9999.0 -9999.0 -9999.0 1.7218321758091406 0.7101215245582209 0.6750402935807774 19.88973716355844 -0.10644745914898779 -1.5438398330408476 -2.2449175948100812 
Pedestrian 18 0 -9999.0 -9999.0 -9999.0 -9999.0 1.704962334712036 0.8247941869054408 0.6750402935807774 20.211395660115304 0.4697318684108606 -1.5316687106312348 -2.207906409315507 
Pedestrian 7 0 -9999.0 -9999.0 -9999.0 -9999.0 1.7 0.8 0.8535328326521766 -10.275342397250006 -15.14690700624307 0.6122054770713783 -1.0343702130668646 
Car 4 0 -9999.0 -9999.0 -9999.0 -9999.0 1.61198024485925 4.5 1.9330279163199107 -16.52362378136393 23.147608868941468 0.7845139242478013 -2.3053225286234102 
Car 3 0 -9999.0 -9999.0 -9999.0 -9999.0 1.8 5.100449653876395 2.312484526004296 -10.508611433232845 16.169797934843054 0.49851732517583314 -2.3064830040967923 
Pedestrian 66 0 -9999.0 -9999.0 -9999.0 -9999.0 1.8611242323886472 0.7189171018987618 0.7035161291767663 -55.53517553877766 1.0232693095512897 1.998428425884688 0.07585043849534756 
Pedestrian 65 0 -9999.0 -9999.0 -9999.0 -9999.0 1.8372573253125963 0.750147237776687 0.7159035773803712 -55.59371537218493 0.16870512443960783 1.8994142274564743 0.07585043849534756 
Pedestrian 64 0 -9999.0 -9999.0 -9999.0 -9999.0 1.9625684947574882 0.850147237776687 0.6430822505184413 -48.98744144991431 -0.05630189044359498 1.88460700362059 0.14342330394726055 
Pedestrian 21 0 -9999.0 -9999.0 -9999.0 -9999.0 2 0.8283453457591881 0.7913798815301225 28.92373512687413 9.174887845845246 -1.3896855273524016 2.77969601519489 
Pedestrian 20 0 -9999.0 -9999.0 -9999.0 -9999.0 2 0.8283453457591881 0.8148441816725611 28.633822689977528 9.935921517024756 -1.3759809214917613 2.77969601519489 
Pedestrian 19 0 -9999.0 -9999.0 -9999.0 -9999.0 1.6305877431923363 0.7286035310250423 0.7074749626812281 34.201525471570264 6.839613011065122 -1.6575901605131245 -1.7606091320750021 
Pedestrian 43 0 -9999.0 -9999.0 -9999.0 -9999.0 2 0.7615629417104234 0.696188533383779 21.74207599558368 -31.554676946978237 -1.9251764492692907 0.654629774125361 
Pedestrian 81 0 -9999.0 -9999.0 -9999.0 -9999.0 1.8373735799096318 0.9362483401005941 0.7537002650888356 55.987524152003125 -43.11636346468762 -4.065087152989282 -2.1424088356788573 
Pedestrian 82 0 -9999.0 -9999.0 -9999.0 -9999.0 1.8539710429250613 0.9362483401005941 0.7537002650888356 56.99771769416199 -44.931768705868855 -4.044713391378681 -2.142408730624961 
Pedestrain_sitting 50 0 -9999.0 -9999.0 -9999.0 -9999.0 1.4528940761633504 0.9099253014957234 0.8180524838412104 -18.313791510421968 9.518499641243148 0.9848908717007802 2.4702121002388076 
Pedestrian 46 0 -9999.0 -9999.0 -9999.0 -9999.0 1.5573774738804786 0.7293547127269011 0.5962560081055295 -6.563809765522548 2.427976049745724 -0.04640208576274854 -2.784464601162945 
Pedestrian 75 0 -9999.0 -9999.0 -9999.0 -9999.0 1.7399364425605603 0.8854463579159768 0.711264688143821 -12.191995797407547 -11.8141413298351 0.23728416899631385 -2.6487598559455705 
Pedestrian 48 0 -9999.0 -9999.0 -9999.0 -9999.0 1.5961149522718188 0.6619864401580255 0.6154926255612282 -15.403109219470819 9.547298333338201 0.7605008266554276 -0.7261798400089816 
Pedestrian 49 0 -9999.0 -9999.0 -9999.0 -9999.0 1.765210105905453 0.5867696935238093 0.5198797403538553 -16.74067371145228 8.792685266429 0.8148023802527726 2.349929456309386 
Pedestrian 29 0 -9999.0 -9999.0 -9999.0 -9999.0 1.882099771669414 0.7512326510326077 0.7164228223321065 -36.08884964871515 -7.409945122890373 1.6461817376215497 -0.010023649131229107 
Pedestrian 51 0 -9999.0 -9999.0 -9999.0 -9999.0 1.882099771669414 0.9259751102461425 0.9 -35.62869211203347 -6.784553884624268 1.646186782628583 0.022301293583208093 
Pedestrian 52 0 -9999.0 -9999.0 -9999.0 -9999.0 1.882099771669414 0.9259751102461425 0.7164228223321065 -35.935843782290014 -5.879807932474165 1.6522477516754936 -1.5150199842287115 
Pedestrian 16 0 -9999.0 -9999.0 -9999.0 -9999.0 1.6305877431923363 0.7101215245582209 0.6750402935807774 13.406438070248424 5.96809849114672 -1.0440332921010773 -0.4768489098531532 
Pedestrian 2222 0 -9999.0 -9999.0 -9999.0 -9999.0 1.69 0.6 0.5 -16.904985728149136 9.610078520791928 0.7861850902835956 2.319659005096412 
Pedestrian 6 0 -9999.0 -9999.0 -9999.0 -9999.0 1.612912994004546 0.71539134130477 0.7957522547186421 -2.1558753364034264 0.7129915157454941 -0.20647799053868793 2.6771518108789287 
Pedestrian 61 0 -9999.0 -9999.0 -9999.0 -9999.0 1.9555179380931804 1.0800384848323523 0.9577007499395704 -35.97008510030185 -3.845169140887914 1.6451998616164896 0.31265984445777306 
Car 6 0 -9999.0 -9999.0 -9999.0 -9999.0 1.676041974519338 4.8671445048684685 2.03 -21.478964384526716 29.14099706818557 1.3485654650431245 -2.2837257917461855 
Pedestrian 25 0 -9999.0 -9999.0 -9999.0 -9999.0 1.84 0.7981017198465101 0.5743378791432734 13.114418562355116 7.681729993399851 -0.9545258494321188 0.3985193519754091 
Pedestrian 24 0 -9999.0 -9999.0 -9999.0 -9999.0 1.93 0.793932808351396 0.5932528551674032 12.986636933025101 7.164394405812651 -0.9064877090752184 0.5201398953040748 
Pedestrain_sitting 33 0 -9999.0 -9999.0 -9999.0 -9999.0 1.2673681129106715 0.7977484165168576 0.7920398462192121 -33.062489881262046 -8.420327741583542 2.3735224525091447 2.9576867207257234 
Pedestrain_sitting 320 0 -9999.0 -9999.0 -9999.0 -9999.0 1.2966448563220183 0.8 0.8563119095990239 -31.37232342562038 -9.445764696915719 2.4038264154130733 -0.5429929430400087 
Pedestrain_sitting 2002 0 -9999.0 -9999.0 -9999.0 -9999.0 1.2674531158975288 0.7727384659567491 0.6981591780998834 -32.30747758641633 -9.028172193569969 2.3773602075633913 0.6170376212796125 
Pedestrain_sitting 1 0 -9999.0 -9999.0 -9999.0 -9999.0 1.2640860333501678 0.63 0.63 -33.138968078163145 -9.418168858462195 2.3863661096552553 2.2166094457635133 
