Pedestrian 8 0 -9999.0 -9999.0 -9999.0 -9999.0 1.7 0.8 0.7600435189904073 -9.50295779299249 -15.558278664013123 0.578136941489739 -1.0343702538590662 
Pedestrian 4 0 -9999.0 -9999.0 -9999.0 -9999.0 1.8320570902627569 0.7625937850947424 0.7652162660566085 -3.3791922207275085 -1.0561983557866006 -0.09380571190245005 0.7644533621111318 
Pedestrian 37 0 -9999.0 -9999.0 -9999.0 -9999.0 1.9217071835278898 0.850147237776687 0.7877186561711653 9.710769332973749 -20.98013175311606 -1.1484049416147035 1.0528264568475967 
Pedestrian 38 0 -9999.0 -9999.0 -9999.0 -9999.0 1.7 0.65 0.7423727600760921 11.526047275257785 -20.889590692221127 -1.3786786778928302 2.5526651974781593 
Pedestrian 27 0 -9999.0 -9999.0 -9999.0 -9999.0 2 0.850147237776687 0.7877186561711653 -18.805490553406344 19.11164897798153 1.0794641329421195 -2.366148704964669 
Pedestrian 47 0 -9999.0 -9999.0 -9999.0 -9999.0 1.5406104228569182 0.5955157202642158 0.5813035391208994 -16.042172735225865 8.902049483187218 0.6676439047336585 2.349929456309386 
Pedestrian 70 0 -9999.0 -9999.0 -9999.0 -9999.0 2 0.6519103540370152 0.6166851379586125 -80.96894050111631 4.934882679396033 3.538961314738091 -3.067936661719987 
Cyclist 1 0 -9999.0 -9999.0 -9999.0 -9999.0 1.273497039979345 1.1679049281179246 0.6772598817077023 -3.978253599747631 -16.180060194190716 -0.5469542752308988 0.35317103933248184 
Car 10 0 -9999.0 -9999.0 -9999.0 -9999.0 1.5181230343809584 4.462338700471315 1.8650325355771653 27.915435539333625 -17.45816531532192 -2.514928623080445 0.8124950782014606 
Car 15 0 -9999.0 -9999.0 -9999.0 -9999.0 1.7672335120061524 3.764270850722953 1.8800174910081242 26.42488319089504 1.9403380016455731 -1.6904274384862588 -0.6572188282890199 
Car 16 0 -9999.0 -9999.0 -9999.0 -9999.0 1.7 4.5 2.03 -47.49233224835076 -8.62534270971154 1.480141554120832 -1.9720984828614334 
Pedestrian 1 0 -9999.0 -9999.0 -9999.0 -9999.0 1.7903321543446977 0.7650479644303426 0.950846051142035 -4.454284263677165 3.413121568111531 0.04593136743031838 2.3127311636844183 
Pedestrian 35 0 -9999.0 -9999.0 -9999.0 -9999.0 1.7 0.7024503538413998 0.6687714678065018 12.122468667497728 -21.353084845616145 -1.3886359919362747 2.1075907268050145 
Pedestrian 31 0 -9999.0 -9999.0 -9999.0 -9999.0 1.69 0.630147237776687 0.9611788787942502 -32.695015191451986 -4.575481014370212 1.4015698088112338 0.22936279271668525 
Pedestrian 80 0 -9999.0 -9999.0 -9999.0 -9999.0 1.814395361872812 0.7890274310610776 0.7537002650888356 55.08389572983035 -41.3117975534725 -3.9947569002633703 -2.1424088356789674 
Pedestrian 30 0 -9999.0 -9999.0 -9999.0 -9999.0 2.0438877301746876 1 0.9632155466104403 -30.168144079403714 -5.192483642720172 1.4301039987034003 -0.07137885348802087 
Pedestrian 69 0 -9999.0 -9999.0 -9999.0 -9999.0 1.7 0.9429772278416193 0.8213725974541288 -80.99902017164165 4.0362851203396986 3.4448717760502383 -3.0785555497979633 
Pedestrian 68 0 -9999.0 -9999.0 -9999.0 -9999.0 1.9703968735807393 0.9942528585731926 1.0566657177519059 -59.51453918907301 0.5707160986521992 2.138115449803665 -3.068315644322208 
Pedestrian 36 0 -9999.0 -9999.0 -9999.0 -9999.0 1.7 0.850147237776687 0.815974565350425 10.940837689357751 -20.156843005353547 -1.3818116219438044 2.589086018481959 
Pedestrian 42 0 -9999.0 -9999.0 -9999.0 -9999.0 2 0.6571585988962698 0.7313037018629595 30.675655339241917 -43.69628073871025 -2.51260403298794 0.6288154500223833 
Pedestrian 200 0 -9999.0 -9999.0 -9999.0 -9999.0 1.69 0.63 0.6976840544483844 -35.66965789365475 37.95639617266904 2.224031819170718 0.7754439486251226 
Pedestrian 888 0 -9999.0 -9999.0 -9999.0 -9999.0 1.9370659336890772 0.7802022774271908 0.7396771291660864 26.939413232571884 -43.55074043368756 -2.038121756523807 2.8607096612164113 
Pedestrian 1444 0 -9999.0 -9999.0 -9999.0 -9999.0 1.882099771669414 0.9259751102461425 0.7164228223321065 60.55280605449944 -49.24020264213931 -4.77379112129698 -2.222808923839155 
Pedestrian 445 0 -9999.0 -9999.0 -9999.0 -9999.0 1.670434640999795 0.6163692190913159 0.5684680083201797 2.5860155117141645 -19.818611382737938 -0.8323709747975855 -2.485321963773993 
Car 1 0 -9999.0 -9999.0 -9999.0 -9999.0 1.82408956127467 4.90333570536775 2.072828074906038 -6.283028950271851 10.944951753382623 -0.08006236307987827 -2.2923482517592895 
Motorcyclist 1 0 -9999.0 -9999.0 -9999.0 -9999.0 1.8447809626618457 2.4240048782345798 0.9572474581057621 -2.871374588172457 10.457832541098153 -0.17982733710241205 -2.3811851616199498 
Pedestrian 3 0 -9999.0 -9999.0 -9999.0 -9999.0 1.842354395896898 0.6382350939655546 0.9400121142713256 -3.9505000803239 -0.3674792917636873 -0.02790402339099386 -2.4053007249606075 
Pedestrian 10 0 -9999.0 -9999.0 -9999.0 -9999.0 1.7590261450022302 0.702006775214263 0.7052123923125051 -4.245515053778991 -12.602050527592336 -0.12001477541800815 2.1562542834728546 
Pedestrian 41 0 -9999.0 -9999.0 -9999.0 -9999.0 2 0.6571585988962698 0.7554807917772359 30.150935117871164 -44.31286609478906 -2.5491351008771104 0.6288154259560015 
Pedestrian 5 0 -9999.0 -9999.0 -9999.0 -9999.0 1.7089298919090652 0.7825174641725112 0.8612832426404828 -8.524144073434517 3.5487805747393426 0.10648073523381128 -2.7797961970939546 
Pedestrian 22 0 -9999.0 -9999.0 -9999.0 -9999.0 1.67 0.65 0.65 28.199448045286843 -8.769272694725615 -2.0997135765542936 1.67749231822659 
Pedestrian 23 0 -9999.0 -9999.0 -9999.0 -9999.0 1.67 0.6 0.7 28.604871172770217 -8.535404543615154 -2.0924124155276598 0.42754043726066726 
Car 5 0 -9999.0 -9999.0 -9999.0 -9999.0 1.5724285917499632 5.014782295574825 2 -26.732959021024705 35.12657839048184 1.5212865677676328 -2.284020039767686 
Pedestrian 11 0 -9999.0 -9999.0 -9999.0 -9999.0 1.9677880983657603 0.9631785670254805 0.711264688143821 -18.627061765797876 -8.535156620398487 0.6057335097878849 -2.828032210697174 
Car 2 0 -9999.0 -9999.0 -9999.0 -9999.0 1.7379414313283343 4.294220964496503 2.0468469009197627 2.5321731261318523 10.207613059927155 -0.31453509454554984 0.8688762308049078 
Pedestrian 14 0 -9999.0 -9999.0 -9999.0 -9999.0 1.6305877431923363 0.6 0.6734859245436777 11.544389889389064 7.879182605264909 -1.0015425971821754 -0.07419342287459507 
Pedestrian 39 0 -9999.0 -9999.0 -9999.0 -9999.0 1.7 0.65 0.65 10.520176265872978 -19.671594165196616 -1.380630907527244 2.3539409210621702 
Pedestrian 15 0 -9999.0 -9999.0 -9999.0 -9999.0 1.6305877431923363 0.6 0.6503560321088826 11.748191548676724 7.2229144224850605 -1.0040172515083035 0.5204886853182389 
Pedestrian 13 0 -9999.0 -9999.0 -9999.0 -9999.0 1.7 0.9685291057493832 0.7877186561711653 -20.906719264120202 -9.021282889536403 0.8696765651862188 -2.911262427070074 
Pedestrian 12 0 -9999.0 -9999.0 -9999.0 -9999.0 1.896644712467402 0.9333747431203181 0.7690953251725241 -18.7476924968567 -9.28586334864895 0.5670129505218655 -2.828032132702825 
Cyclist 2 0 -9999.0 -9999.0 -9999.0 -9999.0 1.560116241279065 1.839260145848103 0.7278515693859969 8.593153406854602 10.998083891224153 -0.8717378131932277 -1.6689096544632438 
Pedestrian 9 0 -9999.0 -9999.0 -9999.0 -9999.0 1.9424866172712396 0.9116382039112533 0.7877186561711653 -2.9745162955029043 -15.706187032436656 -0.1848345129506679 -2.5895793941702507 
Pedestrian 28 0 -9999.0 -9999.0 -9999.0 -9999.0 1.7 1.2 1.0763506547432953 -16.439508621894156 -4.875107385116641 0.33706327170141565 0.9094872033446944 
Pedestrian 2 0 -9999.0 -9999.0 -9999.0 -9999.0 2 0.7836441404428482 0.9443741684775213 -4.385424958965646 3.86708351946532 0.1515504349602296 -2.592148820199114 
Car 11 0 -9999.0 -9999.0 -9999.0 -9999.0 1.69 4.54481588975744 2.040306383298412 -18.992670270411477 39.155438442324126 1.1898602625066395 0.8401741039630881 
Pedestrian 17 0 -9999.0 -9999.0 -9999.0 -9999.0 1.7218321758091406 0.7101215245582209 0.6750402935807774 17.906904248972356 2.0369729967913877 -1.4124357911454084 -2.2998810664223264 
Pedestrian 18 0 -9999.0 -9999.0 -9999.0 -9999.0 1.704962334712036 0.8247941869054408 0.6750402935807774 18.553804454057676 2.6672049439113237 -1.4423423497821066 -2.2759322417665366 
Pedestrian 7 0 -9999.0 -9999.0 -9999.0 -9999.0 1.7 0.8 0.8535328326521766 -10.275342397250006 -15.14690700624307 0.6122054770713783 -1.0343702130668646 
Car 4 0 -9999.0 -9999.0 -9999.0 -9999.0 1.61198024485925 4.5 1.9330279163199107 -16.48599372967296 22.98979147275919 0.7347599478280341 -2.305008328421824 
Car 3 0 -9999.0 -9999.0 -9999.0 -9999.0 1.8 5.100449653876395 2.312484526004296 -10.517343688176458 16.236869907063753 0.5006004119430817 -2.3060531676497185 
Pedestrian 66 0 -9999.0 -9999.0 -9999.0 -9999.0 1.8611242323886472 0.7189171018987618 0.7035161291767663 -53.28178101553879 0.706811874046984 1.8489426318218514 0.07585043849534756 
Pedestrian 65 0 -9999.0 -9999.0 -9999.0 -9999.0 1.8372573253125963 0.750147237776687 0.7159035773803712 -53.224305345740184 -0.011261860786568495 1.8362971212057762 0.07585043849534756 
Pedestrian 67 0 -9999.0 -9999.0 -9999.0 -9999.0 2 0.7558475072200068 0.8989041819551322 -59.55849367628493 -0.302426225418525 2.1445742645702897 -3.068315644322208 
Pedestrian 64 0 -9999.0 -9999.0 -9999.0 -9999.0 1.9625684947574882 0.850147237776687 0.6430822505184413 -46.8033575788185 -0.5624320225058911 1.68814641525399 0.14342330394726055 
Pedestrian 21 0 -9999.0 -9999.0 -9999.0 -9999.0 2 0.8283453457591881 0.7913798815301225 26.392673748722192 8.429675681723513 -1.2655077324437696 2.77969601519489 
Pedestrian 20 0 -9999.0 -9999.0 -9999.0 -9999.0 2 0.8283453457591881 0.8148441816725611 26.143997327751634 9.073569053944913 -1.2622227196732103 2.77969601519489 
Pedestrian 19 0 -9999.0 -9999.0 -9999.0 -9999.0 1.6305877431923363 0.7286035310250423 0.7074749626812281 34.03501327082875 7.0970667554903 -1.7128585881849974 -1.760535258569405 
Pedestrian 43 0 -9999.0 -9999.0 -9999.0 -9999.0 2 0.7615629417104234 0.696188533383779 22.34581026887758 -31.54535124987288 -1.9695126464684205 -0.9975319130540115 
Pedestrian 81 0 -9999.0 -9999.0 -9999.0 -9999.0 1.8373735799096318 0.9362483401005941 0.7537002650888356 54.54505382788306 -41.723423148664914 -3.9909864872034344 -2.1424088356789674 
Pedestrian 82 0 -9999.0 -9999.0 -9999.0 -9999.0 1.8539710429250613 0.9362483401005941 0.7537002650888356 55.3729602398949 -43.205841273396146 -3.9826877556957196 -2.14240883568095 
Pedestrain_sitting 50 0 -9999.0 -9999.0 -9999.0 -9999.0 1.4528940761633504 0.9099253014957234 0.8180524838412104 -18.325227923644622 9.538971038863025 0.9966467776483485 2.4702121002388076 
Pedestrian 46 0 -9999.0 -9999.0 -9999.0 -9999.0 1.5573774738804786 0.7293547127269011 0.5962560081055295 -8.289898002843772 2.935261307031506 0.050020510323966816 -2.7724432143480655 
Pedestrian 75 0 -9999.0 -9999.0 -9999.0 -9999.0 1.7399364425605603 0.8854463579159768 0.711264688143821 -14.813028398575469 -10.745643553414244 0.34424967984351146 -2.7493981465778212 
Pedestrian 48 0 -9999.0 -9999.0 -9999.0 -9999.0 1.5961149522718188 0.6619864401580255 0.6154926255612282 -15.386077049622422 9.541114731090984 0.7334347968921057 -0.7261798400089816 
Pedestrian 49 0 -9999.0 -9999.0 -9999.0 -9999.0 1.765210105905453 0.5867696935238093 0.5198797403538553 -16.739187014088305 8.838809016960479 0.818922422934286 2.349929456309386 
Pedestrian 29 0 -9999.0 -9999.0 -9999.0 -9999.0 1.882099771669414 0.7512326510326077 0.7164228223321065 -36.08884964871515 -7.409945122890373 1.6461817376215497 -0.010023649131229107 
Pedestrian 51 0 -9999.0 -9999.0 -9999.0 -9999.0 1.882099771669414 0.9259751102461425 0.9 -35.62869211203347 -6.784553884624268 1.646186782628583 0.022301293583208093 
Pedestrian 16 0 -9999.0 -9999.0 -9999.0 -9999.0 1.6305877431923363 0.7101215245582209 0.6750402935807774 13.435976401390878 5.9843784335189705 -1.0808594555920061 -0.4768489098531532 
Pedestrian 2222 0 -9999.0 -9999.0 -9999.0 -9999.0 1.69 0.6 0.5 -16.9420813885552 9.570168155370292 0.7861850902835956 2.319659005096412 
Pedestrian 6 0 -9999.0 -9999.0 -9999.0 -9999.0 1.612912994004546 0.71539134130477 0.7957522547186421 -2.0855581089936632 0.7208226259585542 -0.2356458188146173 2.678275448067158 
Pedestrian 61 0 -9999.0 -9999.0 -9999.0 -9999.0 1.9555179380931804 1.0800384848323523 0.9577007499395704 -34.249373826035125 -4.460185390167928 1.5983963885511796 0.31265984445777306 
Pedestrian 25 0 -9999.0 -9999.0 -9999.0 -9999.0 1.84 0.7981017198465101 0.5743378791432734 14.50224970475686 6.3288219064025295 -1.057306560516086 0.9654074454415635 
Pedestrian 24 0 -9999.0 -9999.0 -9999.0 -9999.0 1.93 0.793932808351396 0.5932528551674032 13.997362709135754 5.938851315151945 -0.9788336174513781 0.9654074081908641 
Pedestrain_sitting 33 0 -9999.0 -9999.0 -9999.0 -9999.0 1.2673681129106715 0.7977484165168576 0.7920398462192121 -33.062489881262046 -8.420327741583542 2.3735224525091447 2.8817583125424875 
Pedestrain_sitting 320 0 -9999.0 -9999.0 -9999.0 -9999.0 1.2966448563220183 0.8 0.8563119095990239 -31.37232342562038 -9.445764696915719 2.4038264154130733 -0.5429929430400087 
Pedestrain_sitting 2002 0 -9999.0 -9999.0 -9999.0 -9999.0 1.2674531158975288 0.7727384659567491 0.6981591780998834 -32.30747758641633 -9.028172193569969 2.3773602075633913 0.6170376212796125 
Pedestrain_sitting 1 0 -9999.0 -9999.0 -9999.0 -9999.0 1.2640860333501678 0.63 0.63 -33.138968078163145 -9.418168858462195 2.3863661096552553 2.2166094457635133 
