Pedestrian 8 0 -9999.0 -9999.0 -9999.0 -9999.0 1.7 0.8 0.7600435189904073 -9.50295779299249 -15.558278664013123 0.578136941489739 -1.0343702538590662 
Pedestrian 4 0 -9999.0 -9999.0 -9999.0 -9999.0 1.8320570902627569 0.7625937850947424 0.7652162660566085 -3.3031204476767346 -1.128941208948327 -0.10458030570119976 0.7644533621111318 
Pedestrian 37 0 -9999.0 -9999.0 -9999.0 -9999.0 1.9217071835278898 0.850147237776687 0.7877186561711653 8.389865443784506 -18.69552038422815 -1.1484049416147035 1.3053903906294266 
Pedestrian 38 0 -9999.0 -9999.0 -9999.0 -9999.0 1.7 0.65 0.7423727600760921 11.19628812453898 -21.106269232202482 -1.3786786778928302 2.5526651974781593 
Car 13 0 -9999.0 -9999.0 -9999.0 -9999.0 1.69 4.5 2.03 -29.8405963776642 51.75641994028056 1.8269085708035409 0.8137561613792919 
Pedestrian 47 0 -9999.0 -9999.0 -9999.0 -9999.0 1.5406104228569182 0.5955157202642158 0.5813035391208994 -16.06331543784919 8.858549096346014 0.6968784214842503 2.349929456309386 
Pedestrian 70 0 -9999.0 -9999.0 -9999.0 -9999.0 2 0.6519103540370152 0.6166851379586125 -67.91135214256595 3.6228238849733865 3.0857866922171127 -3.067936661719987 
Cyclist 1 0 -9999.0 -9999.0 -9999.0 -9999.0 1.273497039979345 1.1679049281179246 0.6772598817077023 -3.9999493352006468 -16.200074297336347 -0.5256777754163939 0.35317103933248184 
Car 12 0 -9999.0 -9999.0 -9999.0 -9999.0 1.69 4.45 1.924707488251928 -24.307129710533534 45.26111051510788 1.4060379012591877 0.8271046063700407 
Car 10 0 -9999.0 -9999.0 -9999.0 -9999.0 1.5181230343809584 4.462338700471315 1.8650325355771653 11.17724287134723 0.3781121322165584 -1.1445565176165946 0.8098823723124049 
Car 15 0 -9999.0 -9999.0 -9999.0 -9999.0 1.7672335120061524 3.764270850722953 1.8800174910081242 26.42488319089504 1.9403380016455731 -1.6904274384862588 -0.6572188282890199 
Car 16 0 -9999.0 -9999.0 -9999.0 -9999.0 1.7 4.5 2.03 -47.49233224835076 -8.62534270971154 1.480141554120832 -1.9720984828614334 
Car 8 0 -9999.0 -9999.0 -9999.0 -9999.0 1.8236503254808505 4.652430226442514 2.0794754680329586 -32.038684549663124 40.096103723097094 1.6231904429702295 -2.27369138018717 
Pedestrian 57 0 -9999.0 -9999.0 -9999.0 -9999.0 2 1.0671895162272824 0.768401472016625 -46.06025946931358 -0.6148006750016631 1.9611391663015088 1.7076233333671693 
Pedestrian 1 0 -9999.0 -9999.0 -9999.0 -9999.0 1.7903321543446977 0.7650479644303426 0.950846051142035 -3.8498032878503237 3.5125134027629894 0.00866602919784755 2.0926045359101533 
Pedestrian 35 0 -9999.0 -9999.0 -9999.0 -9999.0 1.7 0.7024503538413998 0.6687714678065018 12.124607899213757 -21.35435786078564 -1.3886359919362747 2.1075907268050145 
Pedestrian 69 0 -9999.0 -9999.0 -9999.0 -9999.0 1.7 0.9429772278416193 0.8213725974541288 -68.36655970600276 2.6697282550637516 2.9399194936775044 -3.0785555497979633 
Pedestrian 36 0 -9999.0 -9999.0 -9999.0 -9999.0 1.7 0.850147237776687 0.815974565350425 11.010059683943634 -19.88330240176974 -1.3818116219438044 0.9229211639312744 
Pedestrian 42 0 -9999.0 -9999.0 -9999.0 -9999.0 2 0.6571585988962698 0.7313037018629595 21.07161574073515 -35.20555683245415 -2.083661642483287 0.6288154500223833 
Pedestrian 200 0 -9999.0 -9999.0 -9999.0 -9999.0 1.69 0.63 0.6976840544483844 -44.63978510303671 48.00919025618785 2.7490931007137784 0.7754439486251226 
Pedestrian 400 0 -9999.0 -9999.0 -9999.0 -9999.0 1.8224402592701971 0.63 0.63 -58.85599453621592 0.05427634031991981 2.528989535711581 0.558489849055972 
Pedestrian 786 0 -9999.0 -9999.0 -9999.0 -9999.0 1.754453087292859 0.7698611054687652 0.7609389843372388 22.50341936159363 8.00373461268367 -1.3688530804045966 -0.5109938513235139 
Pedestrian 1444 0 -9999.0 -9999.0 -9999.0 -9999.0 1.882099771669414 0.9259751102461425 0.7164228223321065 70.48709390133217 -63.106004090109735 -5.4257180310526305 -2.222808923839155 
Pedestrian 444 0 -9999.0 -9999.0 -9999.0 -9999.0 1.67471203143869 0.6555204803848336 0.5736618194335494 14.517270488503886 -28.005182319195708 -1.6564544354394102 -2.485321963773993 
Pedestrian 445 0 -9999.0 -9999.0 -9999.0 -9999.0 1.670434640999795 0.6163692190913159 0.5684680083201797 14.200733229098443 -28.40821999394003 -1.6713113157390986 -2.485321963773993 
Pedestrian 1445 0 -9999.0 -9999.0 -9999.0 -9999.0 1.882099771669414 0.9259751102461425 0.8962289534873691 69.85506915703388 -63.65116391595355 -5.422823215764528 -2.2035245832493615 
Car 1 0 -9999.0 -9999.0 -9999.0 -9999.0 1.82408956127467 4.90333570536775 2.072828074906038 14.30742773990442 -20.166296732883136 -1.7697462241750699 -1.7879715988750426 
Pedestrian 3 0 -9999.0 -9999.0 -9999.0 -9999.0 1.842354395896898 0.6382350939655546 0.9400121142713256 -3.960755222139151 -0.39887153178166246 -0.027936841037349273 -2.40896985891799 
Pedestrian 10 0 -9999.0 -9999.0 -9999.0 -9999.0 1.7590261450022302 0.702006775214263 0.7052123923125051 -4.203042461094252 -12.59255072072275 -0.1006604918898066 2.1562542834728546 
Pedestrian 41 0 -9999.0 -9999.0 -9999.0 -9999.0 2 0.6571585988962698 0.7554807917772359 20.624021860137105 -35.82440807014108 -2.0781844059458856 0.628815039379254 
Pedestrian 5 0 -9999.0 -9999.0 -9999.0 -9999.0 1.7089298919090652 0.7825174641725112 0.8612832426404828 -2.847431909944611 2.3600133707808055 -0.11733778341878481 2.6863003053280217 
Pedestrian 22 0 -9999.0 -9999.0 -9999.0 -9999.0 1.67 0.65 0.65 28.175477507828944 -9.098624940640583 -2.0997135765542936 1.653226493073328 
Pedestrian 23 0 -9999.0 -9999.0 -9999.0 -9999.0 1.67 0.6 0.7 28.604871172770217 -8.535404543615154 -2.0924124155276598 0.42754043726066726 
Car 5 0 -9999.0 -9999.0 -9999.0 -9999.0 1.5724285917499632 5.014782295574825 2 -26.010069624381195 34.318912627735024 1.3530770315534906 -2.2852516934887923 
Pedestrian 11 0 -9999.0 -9999.0 -9999.0 -9999.0 1.9677880983657603 0.9631785670254805 0.711264688143821 -7.423958904014834 -11.365052324529724 -0.15398815208584035 2.0763800138497857 
Car 2 0 -9999.0 -9999.0 -9999.0 -9999.0 1.7379414313283343 4.294220964496503 2.0468469009197627 -29.60634583997209 46.929617193972696 1.7007014800007814 0.8645939115386678 
Pedestrian 14 0 -9999.0 -9999.0 -9999.0 -9999.0 1.6305877431923363 0.6 0.6734859245436777 10.95488256416019 7.698638882288237 -0.94732563918615 -0.4795966073974718 
Pedestrian 39 0 -9999.0 -9999.0 -9999.0 -9999.0 1.7 0.65 0.65 10.541247350968794 -19.565627216539298 -1.380630907527244 2.2136448266055258 
Pedestrian 15 0 -9999.0 -9999.0 -9999.0 -9999.0 1.6305877431923363 0.6 0.6503560321088826 11.186319375281839 7.291047549861977 -0.9258988797613062 -0.12246177130063529 
Pedestrian 13 0 -9999.0 -9999.0 -9999.0 -9999.0 1.7 0.9685291057493832 0.7877186561711653 -8.856331451302525 -13.51507234435957 0.07115144988209623 -2.67721596146421 
Pedestrian 12 0 -9999.0 -9999.0 -9999.0 -9999.0 1.896644712467402 0.9333747431203181 0.7690953251725241 -6.7595912257720085 -11.45550406783307 -0.22280284749834586 2.007521853822949 
Cyclist 2 0 -9999.0 -9999.0 -9999.0 -9999.0 1.560116241279065 1.839260145848103 0.7278515693859969 8.623683857051937 10.892437922085914 -0.8777411451018253 -1.6689096616299075 
Pedestrian 9 0 -9999.0 -9999.0 -9999.0 -9999.0 1.9424866172712396 0.9116382039112533 0.7877186561711653 8.04667480848552 -22.66401686018067 -1.2037874358467224 -2.5895793941702525 
Pedestrian 28 0 -9999.0 -9999.0 -9999.0 -9999.0 1.7 1.2 1.0763506547432953 -28.043789322353202 2.1913203878515164 1.1670854270089686 0.09426549890380187 
Pedestrian 2 0 -9999.0 -9999.0 -9999.0 -9999.0 2 0.7836441404428482 0.9443741684775213 -4.280819326166459 3.8629689540311505 0.1483382629227449 2.519980065376968 
Car 11 0 -9999.0 -9999.0 -9999.0 -9999.0 1.69 4.54481588975744 2.040306383298412 -18.992670270411477 39.155438442324126 1.1898602625066395 0.8401741039630881 
Pedestrian 17 0 -9999.0 -9999.0 -9999.0 -9999.0 1.7218321758091406 0.7101215245582209 0.6750402935807774 27.628991682425504 -7.168199324159065 -1.9895701651649096 -2.475843012254062 
Pedestrian 18 0 -9999.0 -9999.0 -9999.0 -9999.0 1.704962334712036 0.8247941869054408 0.6750402935807774 28.225469933890974 -6.767325617269213 -2.0084734972754035 -2.350144057262405 
Pedestrian 7 0 -9999.0 -9999.0 -9999.0 -9999.0 1.7 0.8 0.8535328326521766 -10.275342397250006 -15.14690700624307 0.6122054770713783 -1.0343702130668646 
Car 3 0 -9999.0 -9999.0 -9999.0 -9999.0 1.8 5.100449653876395 2.312484526004296 6.356461449734917 -3.0824031164997914 -0.7254336326887176 -2.307363082415442 
Car 4 0 -9999.0 -9999.0 -9999.0 -9999.0 1.61198024485925 4.5 1.9330279163199107 -2.8785563140956216 7.827618639401107 -0.12235918184813278 -2.305182540341761 
Pedestrian 65 0 -9999.0 -9999.0 -9999.0 -9999.0 1.8372573253125963 0.750147237776687 0.7159035773803712 -66.41873818084683 1.0125652727042502 2.646083924028142 0.07585043849534756 
Pedestrian 64 0 -9999.0 -9999.0 -9999.0 -9999.0 1.9625684947574882 0.850147237776687 0.6430822505184413 -58.639701957582915 0.6692400593155201 2.586922306512355 0.14342330394726055 
Pedestrian 19 0 -9999.0 -9999.0 -9999.0 -9999.0 1.6305877431923363 0.7286035310250423 0.7074749626812281 35.005844916602555 7.4175042633624155 -1.78429849681367 1.3710196574263183 
Pedestrian 43 0 -9999.0 -9999.0 -9999.0 -9999.0 2 0.7615629417104234 0.696188533383779 20.450118959607458 -29.647194855157622 -2.028713406447055 2.348055367177871 
Pedestrian 44 0 -9999.0 -9999.0 -9999.0 -9999.0 1.6059581573907105 0.7944697741447466 0.4913044739848224 6.815151099543644 15.24907010404058 -0.528149794528343 -2.320580872272476 
Pedestrian 79 0 -9999.0 -9999.0 -9999.0 -9999.0 1.7613351060176683 0.8149425341588683 0.6985547748057137 20.60328751455624 6.2651408095917915 -1.352838847000924 -0.3238282862330415 
Pedestrain_sitting 50 0 -9999.0 -9999.0 -9999.0 -9999.0 1.4528940761633504 0.9099253014957234 0.8180524838412104 -18.65134855012708 9.487874700245698 1.0219454391513016 2.4702121002388076 
Pedestrian 46 0 -9999.0 -9999.0 -9999.0 -9999.0 1.5573774738804786 0.7293547127269011 0.5962560081055295 -2.512298789041144 1.812149277731249 -0.19986168158294773 2.68782988840616 
Pedestrian 45 0 -9999.0 -9999.0 -9999.0 -9999.0 1.9966214826345094 0.8 0.7172404639596737 0.3446181972306035 22.778830019355414 0.1985095776622025 -2.273971277709407 
Pedestrian 75 0 -9999.0 -9999.0 -9999.0 -9999.0 1.7399364425605603 0.8854463579159768 0.711264688143821 -0.7081922341990619 -16.807179017122255 -0.4402432976288674 -2.5735235974104036 
Pedestrian 78 0 -9999.0 -9999.0 -9999.0 -9999.0 1.754453087292859 0.7998805468127119 0.7640305746984918 22.764450193394683 7.188742978429752 -1.3717312332098548 -0.6344327420434226 
Pedestrian 48 0 -9999.0 -9999.0 -9999.0 -9999.0 1.5961149522718188 0.6619864401580255 0.6154926255612282 -15.359358169420199 9.604948295368752 0.730794505912625 -0.7261798400089816 
Pedestrian 49 0 -9999.0 -9999.0 -9999.0 -9999.0 1.765210105905453 0.5867696935238093 0.5198797403538553 -16.707527765642823 8.99331308382127 0.8382453156590708 2.349929456309386 
Pedestrian 29 0 -9999.0 -9999.0 -9999.0 -9999.0 1.882099771669414 0.7512326510326077 0.7164228223321065 -36.08884964871515 -7.409945122890373 1.6461817376215497 -0.010023649131229107 
Pedestrian 51 0 -9999.0 -9999.0 -9999.0 -9999.0 1.882099771669414 0.9259751102461425 0.9 -35.62869211203347 -6.784553884624268 1.646186782628583 0.022301293583208093 
Pedestrian 52 0 -9999.0 -9999.0 -9999.0 -9999.0 1.882099771669414 0.9259751102461425 0.7164228223321065 -35.935843782290014 -5.879807932474165 1.6522477516754936 -1.5150199842287115 
Car 6 0 -9999.0 -9999.0 -9999.0 -9999.0 1.676041974519338 4.8671445048684685 2.03 -14.914765439538549 21.64096516630792 0.8469021274746046 -2.283700561632946 
Pedestrian 2000 0 -9999.0 -9999.0 -9999.0 -9999.0 2 1.1789591111675595 0.768401472016625 -46.84794258648189 -0.6905427035904604 1.95507616267481 1.7076233333671693 
Pedestrian 16 0 -9999.0 -9999.0 -9999.0 -9999.0 1.6305877431923363 0.7101215245582209 0.6750402935807774 13.40568664404981 5.967835178217999 -1.0591884529051987 -0.4768489098531532 
Pedestrian 2222 0 -9999.0 -9999.0 -9999.0 -9999.0 1.69 0.6 0.5 -16.836638158414488 9.683612094636715 0.7861850902835956 2.319659005096412 
Pedestrian 59 0 -9999.0 -9999.0 -9999.0 -9999.0 1.7558926553517722 0.9540753035667296 0.8892660264138752 -52.89609957131918 3.255236835732038 1.9621764353877682 -2.0431582576977476 
Car 7 0 -9999.0 -9999.0 -9999.0 -9999.0 2 4 2 -78.97254322678282 4.300374939010636 3.459964399601529 -0.243933937023872 
Pedestrian 6 0 -9999.0 -9999.0 -9999.0 -9999.0 1.612912994004546 0.71539134130477 0.7957522547186421 -2.144669034491375 0.697799648026407 -0.2004021591640364 2.677193446825399 
Pedestrian 61 0 -9999.0 -9999.0 -9999.0 -9999.0 1.9555179380931804 1.0800384848323523 0.9577007499395704 -43.49322419728506 -1.6921640030621732 1.7148787925144722 0.31265984445777306 
Pedestrian 25 0 -9999.0 -9999.0 -9999.0 -9999.0 1.84 0.7981017198465101 0.5743378791432734 12.307111471929343 7.838676496403975 -0.9189682259740867 -0.8101427096953557 
Pedestrian 24 0 -9999.0 -9999.0 -9999.0 -9999.0 1.93 0.793932808351396 0.5932528551674032 12.476833740915078 7.372503324407877 -0.8746194963646345 0.34154968488366677 
Pedestrian 54 0 -9999.0 -9999.0 -9999.0 -9999.0 2.059314376687098 0.7896582871023229 0.8661615796766307 -33.093689254108796 -7.032315900477753 2.704517052897576 1.9308486538180443 
Pedestrian 53 0 -9999.0 -9999.0 -9999.0 -9999.0 2 0.7896582871023229 0.8661615796766307 -32.199994980169585 -7.26583481778774 2.7111601003654577 1.9157584290969805 
Pedestrain_sitting 33 0 -9999.0 -9999.0 -9999.0 -9999.0 1.2673681129106715 0.7977484165168576 0.7920398462192121 -33.062489881262046 -8.420327741583542 2.3735224525091447 -2.9940110978951946 
Pedestrain_sitting 222 0 -9999.0 -9999.0 -9999.0 -9999.0 1.2966448563220183 0.8 0.8 -32.07132866091606 -9.86514408546217 2.4038264154130733 2.5985997105497844 
Pedestrain_sitting 320 0 -9999.0 -9999.0 -9999.0 -9999.0 1.2966448563220183 0.8 0.8563119095990239 -31.329414675560372 -9.473588762075012 2.4038264154130733 -0.5429929430400087 
Pedestrain_sitting 2002 0 -9999.0 -9999.0 -9999.0 -9999.0 1.2674531158975288 0.7727384659567491 0.6981591780998834 -32.30747758641633 -9.028172193569969 2.3773602075633913 0.6170376212796125 
Pedestrain_sitting 1 0 -9999.0 -9999.0 -9999.0 -9999.0 1.2640860333501678 0.63 0.63 -33.138968078163145 -9.418168858462195 2.3863661096552553 2.2166094457635133 
