Pedestrian 8 0 -9999.0 -9999.0 -9999.0 -9999.0 1.7 0.8 0.7600435189904073 -9.50295779299249 -15.558278664013123 0.578136941489739 -1.0343702538590662 
Pedestrian 4 0 -9999.0 -9999.0 -9999.0 -9999.0 1.8320570902627569 0.7625937850947424 0.7652162660566085 -3.3156459267794314 -1.1169643314050304 -0.10274743866200209 0.7644533621111318 
Pedestrian 37 0 -9999.0 -9999.0 -9999.0 -9999.0 1.9217071835278898 0.850147237776687 0.7877186561711653 8.38536357925333 -18.688967629847223 -1.1481585763158446 1.3051233088960696 
Pedestrian 38 0 -9999.0 -9999.0 -9999.0 -9999.0 1.7 0.65 0.7423727600760921 11.187101139908298 -21.112040061086173 -1.3786786778928302 2.5526651974781593 
Car 13 0 -9999.0 -9999.0 -9999.0 -9999.0 1.69 4.5 2.03 -29.8405963776642 51.75641994028056 1.8269085708035409 0.8137561613792919 
Pedestrian 47 0 -9999.0 -9999.0 -9999.0 -9999.0 1.5406104228569182 0.5955157202642158 0.5813035391208994 -16.122530512737193 8.855668947455184 0.7167248890352754 2.349929456107734 
Pedestrian 70 0 -9999.0 -9999.0 -9999.0 -9999.0 2 0.6519103540370152 0.6166851379586125 -66.44007359230903 3.432065105949796 3.283324717510097 -3.067936661719987 
Cyclist 1 0 -9999.0 -9999.0 -9999.0 -9999.0 1.273497039979345 1.1679049281179246 0.6772598817077023 -3.9870366345377293 -16.200404321686264 -0.5310232749734464 0.35317103933248184 
Car 12 0 -9999.0 -9999.0 -9999.0 -9999.0 1.69 4.45 1.924707488251928 -24.307129710533534 45.26111051510788 1.4060379012591877 0.8271046063700407 
Car 10 0 -9999.0 -9999.0 -9999.0 -9999.0 1.5181230343809584 4.462338700471315 1.8650325355771653 4.591221078373316 7.638151417792907 -0.5809317549733581 0.8089708606105139 
Car 15 0 -9999.0 -9999.0 -9999.0 -9999.0 1.7672335120061524 3.764270850722953 1.8800174910081242 26.42488319089504 1.9403380016455731 -1.6904274384862588 -0.6572188282890199 
Car 16 0 -9999.0 -9999.0 -9999.0 -9999.0 1.7 4.5 2.03 -47.49233224835076 -8.62534270971154 1.480141554120832 -1.9720984828614334 
Car 8 0 -9999.0 -9999.0 -9999.0 -9999.0 1.8236503254808505 4.652430226442514 2.0794754680329586 -31.910940256974612 40.03804054077364 1.5177610270804773 -2.2736913802251344 
Pedestrian 57 0 -9999.0 -9999.0 -9999.0 -9999.0 2 1.0671895162272824 0.768401472016625 -45.838548024757834 0.2982916319233558 1.9181985180964742 1.7076233333671693 
Pedestrian 1 0 -9999.0 -9999.0 -9999.0 -9999.0 1.7903321543446977 0.7650479644303426 0.950846051142035 -3.8521677309284468 3.546431259501086 -0.012299661074658182 1.5181979000368653 
Pedestrian 35 0 -9999.0 -9999.0 -9999.0 -9999.0 1.7 0.7024503538413998 0.6687714678065018 12.124728255922138 -21.35442948272092 -1.3886359919362747 2.1075907268050145 
Pedestrian 69 0 -9999.0 -9999.0 -9999.0 -9999.0 1.7 0.9429772278416193 0.8213725974541288 -66.79016335658396 2.459251667543825 3.1184966303078987 -2.9790513866377726 
Pedestrian 36 0 -9999.0 -9999.0 -9999.0 -9999.0 1.7 0.850147237776687 0.815974565350425 11.010556523458263 -19.896046739105834 -1.3818116219438044 0.9174705051850927 
Pedestrian 42 0 -9999.0 -9999.0 -9999.0 -9999.0 2 0.6571585988962698 0.7313037018629595 20.327869812767258 -34.28546349016264 -2.0763521627602843 0.6288154500223833 
Pedestrian 200 0 -9999.0 -9999.0 -9999.0 -9999.0 1.69 0.63 0.6976840544483844 -45.52527020456116 49.06565594224726 2.8421699716751783 0.7754439486251226 
Pedestrian 500 0 -9999.0 -9999.0 -9999.0 -9999.0 1.73058774319234 0.7101215245582209 0.6750402935807774 -6.102231913336343 37.375378177436545 0.520828301852006 -0.8213122389393739 
Pedestrian 400 0 -9999.0 -9999.0 -9999.0 -9999.0 1.8224402592701971 0.63 0.63 -60.329546886113455 -0.23844209476812106 2.6142142450574086 0.558489849055972 
Pedestrian 786 0 -9999.0 -9999.0 -9999.0 -9999.0 1.754453087292859 0.7698611054687652 0.7609389843372388 21.509475840583303 7.374364335780581 -1.2684975344357852 -0.5090223092844184 
Pedestrian 1444 0 -9999.0 -9999.0 -9999.0 -9999.0 1.882099771669414 0.9259751102461425 0.7164228223321065 71.57210473276426 -64.44937906559679 -5.63471306697459 -2.222808923839155 
Pedestrian 444 0 -9999.0 -9999.0 -9999.0 -9999.0 1.67471203143869 0.6555204803848336 0.5736618194335494 15.992531601945485 -28.51338287430905 -1.6929189128481985 -2.485321963805381 
Pedestrian 445 0 -9999.0 -9999.0 -9999.0 -9999.0 1.670434640999795 0.6163692190913159 0.5684680083201797 15.599556851561868 -29.136001436287998 -1.7028408699771358 -2.485321963773993 
Pedestrian 1445 0 -9999.0 -9999.0 -9999.0 -9999.0 1.882099771669414 0.9259751102461425 0.8962289534873691 70.93553105871558 -64.94718885676807 -5.62885063110893 -2.2003368261387646 
Pedestrian 788 0 -9999.0 -9999.0 -9999.0 -9999.0 1.754453087292859 0.5899688492936669 0.5676041344146343 23.747305021067042 8.485650727814587 -1.2370385026128226 -0.5757424002981342 
Car 1 0 -9999.0 -9999.0 -9999.0 -9999.0 1.82408956127467 4.90333570536775 2.072828074906038 14.232616614716104 -22.975315292451064 -1.922217476337424 -1.447752754063366 
Pedestrian 3 0 -9999.0 -9999.0 -9999.0 -9999.0 1.842354395896898 0.6382350939655546 0.9400121142713256 -3.922093654945559 -0.33403255359583567 -0.02716911204785984 -2.4034972190473205 
Pedestrian 10 0 -9999.0 -9999.0 -9999.0 -9999.0 1.7590261450022302 0.702006775214263 0.7052123923125051 -4.235667485816875 -12.641197360707027 -0.11673026994412992 2.1562132348169385 
Pedestrian 41 0 -9999.0 -9999.0 -9999.0 -9999.0 2 0.6571585988962698 0.7554807917772359 19.89573106211345 -34.92161115553426 -2.077643124492393 0.6288148465754944 
Pedestrian 5 0 -9999.0 -9999.0 -9999.0 -9999.0 1.7089298919090652 0.7825174641725112 0.8612832426404828 -2.8575291956766544 2.363556550139726 -0.11793225395371862 2.683228965747059 
Pedestrian 22 0 -9999.0 -9999.0 -9999.0 -9999.0 1.67 0.65 0.65 28.181098941111518 -9.099871479332192 -2.0997135765542936 1.6745410313003681 
Pedestrian 23 0 -9999.0 -9999.0 -9999.0 -9999.0 1.67 0.6 0.7 28.604871172770217 -8.535404543615154 -2.0924124155276598 0.42754043726066726 
Car 5 0 -9999.0 -9999.0 -9999.0 -9999.0 1.5724285917499632 5.014782295574825 2 -24.111076574158705 32.2312958923088 1.2557888994451487 -2.285031431735275 
Pedestrian 11 0 -9999.0 -9999.0 -9999.0 -9999.0 1.9677880983657603 0.9631785670254805 0.711264688143821 -7.3880544842808025 -11.366896816267534 -0.16336691260143213 2.146750927603886 
Car 2 0 -9999.0 -9999.0 -9999.0 -9999.0 1.7379414313283343 4.294220964496503 2.0468469009197627 -32.446855805633895 50.45140752476895 2.0245767274110418 0.8746142794472505 
Pedestrian 14 0 -9999.0 -9999.0 -9999.0 -9999.0 1.6305877431923363 0.6 0.6734859245436777 10.948123751722811 7.682461564715513 -0.9455781335483949 -0.4795968046135002 
Pedestrian 39 0 -9999.0 -9999.0 -9999.0 -9999.0 1.7 0.65 0.65 10.54008024848345 -19.57238481616633 -1.380630907527244 2.3539409210621702 
Pedestrian 15 0 -9999.0 -9999.0 -9999.0 -9999.0 1.6305877431923363 0.6 0.6503560321088826 11.184737072470641 7.283273144517475 -0.9296002060879178 -0.12251761383633308 
Pedestrian 13 0 -9999.0 -9999.0 -9999.0 -9999.0 1.7 0.9685291057493832 0.7877186561711653 -8.602525240593772 -13.80350546156698 0.006537774610490616 -1.0039258057774312 
Pedestrian 12 0 -9999.0 -9999.0 -9999.0 -9999.0 1.896644712467402 0.9333747431203181 0.7690953251725241 -6.753593669818906 -11.36247775309753 -0.21844895140607912 2.010955164387969 
Cyclist 2 0 -9999.0 -9999.0 -9999.0 -9999.0 1.560116241279065 1.839260145848103 0.7278515693859969 8.61155694644622 11.189309815923846 -0.9446178937185528 -1.6689096616299075 
Pedestrian 9 0 -9999.0 -9999.0 -9999.0 -9999.0 1.9424866172712396 0.9116382039112533 0.7877186561711653 9.273237238383489 -23.47399709500017 -1.2213999012957708 -2.5895793941702507 
Pedestrian 28 0 -9999.0 -9999.0 -9999.0 -9999.0 1.7 1.2 1.0763506547432953 -29.527383440367622 2.3853691677281694 1.1804576572284846 0.10855679353322767 
Pedestrian 2 0 -9999.0 -9999.0 -9999.0 -9999.0 2 0.7836441404428482 0.9443741684775213 -4.367394604067874 3.9141831327193963 0.13465550183395997 2.327351035012473 
Car 11 0 -9999.0 -9999.0 -9999.0 -9999.0 1.69 4.54481588975744 2.040306383298412 -18.992670270411477 39.155438442324126 1.1898602625066395 0.8401741039630881 
Pedestrian 17 0 -9999.0 -9999.0 -9999.0 -9999.0 1.7218321758091406 0.7101215245582209 0.6750402935807774 28.46718455601057 -7.665989738548421 -2.0750448513392117 -2.2687864081211373 
Pedestrian 18 0 -9999.0 -9999.0 -9999.0 -9999.0 1.704962334712036 0.8247941869054408 0.6750402935807774 29.407503448182446 -7.746699282133037 -2.108918485642297 -2.3024047047024574 
Pedestrian 7 0 -9999.0 -9999.0 -9999.0 -9999.0 1.7 0.8 0.8535328326521766 -10.275342397250006 -15.14690700624307 0.6122054770713783 -1.0343702130668646 
Car 3 0 -9999.0 -9999.0 -9999.0 -9999.0 1.8 5.100449653876395 2.312484526004296 10.893806290332362 -8.422610240824833 -1.0942736827093769 -2.307327367932224 
Car 4 0 -9999.0 -9999.0 -9999.0 -9999.0 1.61198024485925 4.5 1.9330279163199107 1.7131967913413446 2.674860511161606 -0.4639426888620989 -2.271005143935426 
Pedestrian 63 0 -9999.0 -9999.0 -9999.0 -9999.0 1.776102061344318 0.9007332051258061 0.878499762242059 -46.309356075850324 -1.1818674492403334 1.8025376487500029 0.20319332591228267 
Pedestrian 64 0 -9999.0 -9999.0 -9999.0 -9999.0 1.9625684947574882 0.850147237776687 0.6430822505184413 -60.09521302037595 0.4746595449423119 2.6839720721055556 0.14342330394726055 
Pedestrian 19 0 -9999.0 -9999.0 -9999.0 -9999.0 1.6305877431923363 0.7286035310250423 0.7074749626812281 34.876766470213106 8.106473905914502 -1.8156042809408985 2.207474733010905 
Pedestrian 43 0 -9999.0 -9999.0 -9999.0 -9999.0 2 0.7615629417104234 0.696188533383779 20.544548476121356 -29.36967932545359 -2.0288440150381253 2.348148522340651 
Pedestrian 44 0 -9999.0 -9999.0 -9999.0 -9999.0 1.6059581573907105 0.7944697741447466 0.4913044739848224 7.718868053801805 14.143901047263125 -0.7177371889471731 -2.3205808722724743 
Pedestrian 79 0 -9999.0 -9999.0 -9999.0 -9999.0 1.7613351060176683 0.8149425341588683 0.6985547748057137 19.169516082902728 5.7494465696506705 -1.3444754129915866 -0.26033498789679044 
Pedestrain_sitting 50 0 -9999.0 -9999.0 -9999.0 -9999.0 1.4528940761633504 0.9099253014957234 0.8180524838412104 -18.613316187911906 9.437794750997138 1.0015043651533346 2.4702121002388076 
Pedestrian 46 0 -9999.0 -9999.0 -9999.0 -9999.0 1.5573774738804786 0.7293547127269011 0.5962560081055295 -2.4812953926326733 1.8612471711239174 -0.2067192321330354 2.6930286550687477 
Pedestrian 45 0 -9999.0 -9999.0 -9999.0 -9999.0 1.9966214826345094 0.8 0.7172404639596737 1.6447755639155832 21.307796506664342 0.10172744814613188 -2.2739712624849133 
Pedestrian 75 0 -9999.0 -9999.0 -9999.0 -9999.0 1.7399364425605603 0.8854463579159768 0.711264688143821 0.9060752189707444 -17.855582026473368 -0.619037726032168 -2.5747869604013545 
Pedestrian 78 0 -9999.0 -9999.0 -9999.0 -9999.0 1.754453087292859 0.7998805468127119 0.7640305746984918 22.344389529155194 7.179125098740881 -1.2710906156353217 -0.6477556271247078 
Pedestrian 48 0 -9999.0 -9999.0 -9999.0 -9999.0 1.5961149522718188 0.6619864401580255 0.6154926255612282 -15.397620866803008 9.540764771391546 0.7393103899437173 -0.7261798400089816 
Pedestrian 49 0 -9999.0 -9999.0 -9999.0 -9999.0 1.765210105905453 0.5867696935238093 0.5198797403538553 -16.719028922998092 8.926624533872522 0.8355041328654277 2.349929456309386 
Pedestrian 29 0 -9999.0 -9999.0 -9999.0 -9999.0 1.882099771669414 0.7512326510326077 0.7164228223321065 -36.08884964871515 -7.409945122890373 1.6461817376215497 -0.010023649131229107 
Pedestrian 51 0 -9999.0 -9999.0 -9999.0 -9999.0 1.882099771669414 0.9259751102461425 0.9 -35.62869211203347 -6.784553884624268 1.646186782628583 0.022301293583208093 
Pedestrian 52 0 -9999.0 -9999.0 -9999.0 -9999.0 1.882099771669414 0.9259751102461425 0.7164228223321065 -35.935843782290014 -5.879807932474165 1.6522477516754936 -1.5150199842287115 
Car 6 0 -9999.0 -9999.0 -9999.0 -9999.0 1.676041974519338 4.8671445048684685 2.03 -10.935790802239756 16.980855646829873 0.5069360577483151 -2.2840934150568213 
Pedestrian 2000 0 -9999.0 -9999.0 -9999.0 -9999.0 2 1.1789591111675595 0.768401472016625 -46.66389453785249 0.000744995050554087 1.9176788675215954 1.7076233333671693 
Pedestrian 16 0 -9999.0 -9999.0 -9999.0 -9999.0 1.6305877431923363 0.7101215245582209 0.6750402935807774 13.404539072142123 5.968283261602378 -1.0483178955279042 -0.4768489098531532 
Pedestrian 2222 0 -9999.0 -9999.0 -9999.0 -9999.0 1.69 0.6 0.5 -16.848489937962285 9.670861038381847 0.7861850902835956 2.319659005096412 
Pedestrian 59 0 -9999.0 -9999.0 -9999.0 -9999.0 1.7558926553517722 0.9540753035667296 0.8892660264138752 -51.77528392545066 1.9266641037308778 2.017523731111031 -2.160007631053773 
Car 7 0 -9999.0 -9999.0 -9999.0 -9999.0 2 4 2 -84.17319996416546 4.412955798799539 3.864876321517318 0.03902338033147856 
Pedestrian 6 0 -9999.0 -9999.0 -9999.0 -9999.0 1.612912994004546 0.71539134130477 0.7957522547186421 -2.1529741144610495 0.7120866114099983 -0.20556503026674536 2.677193636312605 
Pedestrian 61 0 -9999.0 -9999.0 -9999.0 -9999.0 1.9555179380931804 1.0800384848323523 0.9577007499395704 -44.43550319716593 -1.5405130650188086 1.700598602284765 0.31265984445777306 
Pedestrian 25 0 -9999.0 -9999.0 -9999.0 -9999.0 1.84 0.7981017198465101 0.5743378791432734 12.33309408888845 7.81236698151505 -0.9264673074045613 -0.7518622738723977 
Pedestrian 24 0 -9999.0 -9999.0 -9999.0 -9999.0 1.93 0.793932808351396 0.5932528551674032 12.482022973706174 7.324968290541011 -0.8778533124645994 0.3415568385365768 
Pedestrian 54 0 -9999.0 -9999.0 -9999.0 -9999.0 2.059314376687098 0.7896582871023229 0.8661615796766307 -33.357441531260456 -6.78031856489304 2.2198528624731417 1.5988072780310034 
Pedestrian 53 0 -9999.0 -9999.0 -9999.0 -9999.0 2 0.7896582871023229 0.8661615796766307 -32.337575397110605 -6.590929622483358 2.157792614289324 1.5892117197428854 
Pedestrain_sitting 33 0 -9999.0 -9999.0 -9999.0 -9999.0 1.2673681129106715 0.7977484165168576 0.7920398462192121 -33.062489881262046 -8.420327741583542 2.3735224525091447 -2.9525977062569755 
Pedestrain_sitting 222 0 -9999.0 -9999.0 -9999.0 -9999.0 1.2966448563220183 0.8 0.8 -32.07132866091606 -9.86514408546217 2.4038264154130733 2.5985997105497844 
Pedestrain_sitting 320 0 -9999.0 -9999.0 -9999.0 -9999.0 1.2966448563220183 0.8 0.8563119095990239 -31.323138796025926 -9.477658339512113 2.4038264154130733 -0.5429929430400087 
Pedestrain_sitting 2002 0 -9999.0 -9999.0 -9999.0 -9999.0 1.2674531158975288 0.7727384659567491 0.6981591780998834 -32.30747758641633 -9.028172193569969 2.3773602075633913 0.6170376212796125 
Pedestrain_sitting 1 0 -9999.0 -9999.0 -9999.0 -9999.0 1.2640860333501678 0.63 0.63 -33.138968078163145 -9.418168858462195 2.3863661096552553 2.2166094457635133 
