Pedestrian 8 0 -9999.0 -9999.0 -9999.0 -9999.0 1.7 0.8 0.7600435189904073 -9.50295779299249 -15.558278664013123 0.578136941489739 -1.0343702538590662 
Pedestrian 4 0 -9999.0 -9999.0 -9999.0 -9999.0 1.8320570902627569 0.7625937850947424 0.7652162660566085 -3.2941671573195994 -1.1375022105000276 -0.10590808406301655 0.7644533621111318 
Pedestrian 37 0 -9999.0 -9999.0 -9999.0 -9999.0 1.9217071835278898 0.850147237776687 0.7877186561711653 8.414977186238954 -18.682236727471317 -1.1484049416147035 1.306008962769197 
Pedestrian 38 0 -9999.0 -9999.0 -9999.0 -9999.0 1.7 0.65 0.7423727600760921 11.219821320438877 -21.09109834483813 -1.3786786778928302 2.5526651974781593 
Pedestrian 47 0 -9999.0 -9999.0 -9999.0 -9999.0 1.5406104228569182 0.5955157202642158 0.5813035391208994 -16.124697793298413 8.782938383727931 0.7060583397302522 2.3499294563093986 
Pedestrian 70 0 -9999.0 -9999.0 -9999.0 -9999.0 2 0.6519103540370152 0.6166851379586125 -69.8284364619494 3.5701444837062524 3.104268992909643 -3.067936661719987 
Cyclist 1 0 -9999.0 -9999.0 -9999.0 -9999.0 1.273497039979345 1.1679049281179246 0.6772598817077023 -4.018422301071036 -16.188965553512883 -0.5116633992419579 0.35317103933248184 
Car 12 0 -9999.0 -9999.0 -9999.0 -9999.0 1.69 4.45 1.924707488251928 -24.307129710533534 45.26111051510788 1.4060379012591877 0.8271046063700407 
Car 10 0 -9999.0 -9999.0 -9999.0 -9999.0 1.5181230343809584 4.462338700471315 1.8650325355771653 19.751797621857357 -8.844363467053409 -1.7587778300021828 0.8144864556416938 
Car 15 0 -9999.0 -9999.0 -9999.0 -9999.0 1.7672335120061524 3.764270850722953 1.8800174910081242 26.42488319089504 1.9403380016455731 -1.6904274384862588 -0.6572188282890199 
Car 16 0 -9999.0 -9999.0 -9999.0 -9999.0 1.7 4.5 2.03 -47.49233224835076 -8.62534270971154 1.480141554120832 -1.9720984828614334 
Car 8 0 -9999.0 -9999.0 -9999.0 -9999.0 1.8236503254808505 4.652430226442514 2.0794754680329586 -32.03789804539297 40.26276394658496 1.6379017266835403 -2.2736913801853262 
Pedestrian 57 0 -9999.0 -9999.0 -9999.0 -9999.0 2 1.0671895162272824 0.768401472016625 -46.485741700879004 -1.1286838418297966 2.0052623452641596 1.7545901926400482 
Pedestrian 67 0 -9999.0 -9999.0 -9999.0 -9999.0 2 0.7558475072200068 0.8989041819551322 -49.06045479820961 -1.3691528323194115 2.147414087166348 -3.068315644322208 
Pedestrian 1 0 -9999.0 -9999.0 -9999.0 -9999.0 1.7903321543446977 0.7650479644303426 0.950846051142035 -4.003026307207461 3.718375162809234 0.036645098479126254 0.7286597657546903 
Pedestrian 35 0 -9999.0 -9999.0 -9999.0 -9999.0 1.7 0.7024503538413998 0.6687714678065018 12.124380125713484 -21.354222317207597 -1.3886359919362747 2.1075907268050145 
Pedestrian 69 0 -9999.0 -9999.0 -9999.0 -9999.0 1.7 0.9429772278416193 0.8213725974541288 -70.31435471902594 2.846235289396917 2.971329433429625 -3.0785463248365943 
Pedestrian 68 0 -9999.0 -9999.0 -9999.0 -9999.0 1.9703968735807393 0.9942528585731926 1.0566657177519059 -49.12964910566471 -0.33236489571069344 2.1390584976839744 -3.068315644322208 
Pedestrian 36 0 -9999.0 -9999.0 -9999.0 -9999.0 1.7 0.850147237776687 0.815974565350425 11.02139084663165 -19.853281446714416 -1.3818116219438044 0.934429495978705 
Pedestrian 42 0 -9999.0 -9999.0 -9999.0 -9999.0 2 0.6571585988962698 0.7313037018629595 22.55702652932153 -36.407525367992534 -2.0642044899277465 0.6288154500223833 
Pedestrian 200 0 -9999.0 -9999.0 -9999.0 -9999.0 1.69 0.63 0.6976840544483844 -43.33910319282983 46.39471861513545 2.7015518978566218 0.7754439486251226 
Pedestrian 400 0 -9999.0 -9999.0 -9999.0 -9999.0 1.8224402592701971 0.63 0.63 -56.80756657514479 -0.1585228113390974 2.3528428737195206 0.558489849055972 
Pedestrian 1444 0 -9999.0 -9999.0 -9999.0 -9999.0 1.882099771669414 0.9259751102461425 0.7164228223321065 69.01252602313559 -60.99874778123271 -5.112108275135687 -2.222808923839155 
Pedestrian 444 0 -9999.0 -9999.0 -9999.0 -9999.0 1.67471203143869 0.6555204803848336 0.5736618194335494 12.838869663898757 -26.5011747709403 -1.6909827590929065 -2.4853219638990307 
Pedestrian 445 0 -9999.0 -9999.0 -9999.0 -9999.0 1.670434640999795 0.6163692190913159 0.5684680083201797 12.575515641743927 -26.88049213564923 -1.710325360362183 -2.485321963773993 
Pedestrian 1445 0 -9999.0 -9999.0 -9999.0 -9999.0 1.882099771669414 0.9259751102461425 0.8962289534873691 68.3886174727481 -61.549301053242004 -5.1095384322642605 -2.2083996961073797 
Car 1 0 -9999.0 -9999.0 -9999.0 -9999.0 1.82408956127467 4.90333570536775 2.072828074906038 12.473513470192119 -14.503156555118789 -1.4160844629506968 -2.1426977858731284 
Motorcyclist 1 0 -9999.0 -9999.0 -9999.0 -9999.0 1.8447809626618457 2.4240048782345798 0.9572474581057621 28.32343216553778 8.058147404173157 -1.9741215844808755 2.4072778708290983 
Pedestrian 3 0 -9999.0 -9999.0 -9999.0 -9999.0 1.842354395896898 0.6382350939655546 0.9400121142713256 -3.902050619232606 -0.3767210038652979 -0.024156291406738813 -2.416818641314105 
Pedestrian 10 0 -9999.0 -9999.0 -9999.0 -9999.0 1.7590261450022302 0.702006775214263 0.7052123923125051 -4.2341914083446435 -12.75053452709168 -0.09874939333954343 2.156255079258049 
Pedestrian 41 0 -9999.0 -9999.0 -9999.0 -9999.0 2 0.6571585988962698 0.7554807917772359 22.111793643533524 -37.009066460162586 -2.0781844059458856 0.628815135980652 
Pedestrian 5 0 -9999.0 -9999.0 -9999.0 -9999.0 1.7089298919090652 0.7825174641725112 0.8612832426404828 -2.8332396049243203 2.370341592199635 -0.11750337672938099 2.6934001304240525 
Pedestrian 22 0 -9999.0 -9999.0 -9999.0 -9999.0 1.67 0.65 0.65 28.165614915264708 -9.051177686585493 -2.0997135765542936 1.2829448197138422 
Pedestrian 23 0 -9999.0 -9999.0 -9999.0 -9999.0 1.67 0.6 0.7 28.604871172770217 -8.535404543615154 -2.0924124155276598 0.42754043726066726 
Car 5 0 -9999.0 -9999.0 -9999.0 -9999.0 1.5724285917499632 5.014782295574825 2 -26.932665967625436 35.31135220469996 1.5423287036373556 -2.284902707623237 
Pedestrian 11 0 -9999.0 -9999.0 -9999.0 -9999.0 1.9677880983657603 0.9631785670254805 0.711264688143821 -8.068532672071687 -11.39102755588863 -0.15513986657946616 3.036858151156114 
Car 2 0 -9999.0 -9999.0 -9999.0 -9999.0 1.7379414313283343 4.294220964496503 2.0468469009197627 -24.279699791711575 40.95642374676861 1.420200546829548 0.8338734500900848 
Pedestrian 14 0 -9999.0 -9999.0 -9999.0 -9999.0 1.6305877431923363 0.6 0.6734859245436777 10.95891716876979 7.733097109322275 -0.9459277365846002 -0.4795981083151517 
Pedestrian 39 0 -9999.0 -9999.0 -9999.0 -9999.0 1.7 0.65 0.65 10.511844732133902 -19.617322862018547 -1.380630907527244 2.3479142163542335 
Pedestrian 15 0 -9999.0 -9999.0 -9999.0 -9999.0 1.6305877431923363 0.6 0.6503560321088826 11.189648934802976 7.297673171176216 -0.9247163472491254 -0.12244442004354106 
Pedestrian 13 0 -9999.0 -9999.0 -9999.0 -9999.0 1.7 0.9685291057493832 0.7877186561711653 -10.462618530054419 -12.740847632719555 0.12917493424202825 -2.794877138425619 
Pedestrian 12 0 -9999.0 -9999.0 -9999.0 -9999.0 1.896644712467402 0.9333747431203181 0.7690953251725241 -7.550951019889277 -11.780233175239289 -0.08705716059477492 2.1826651061871676 
Cyclist 2 0 -9999.0 -9999.0 -9999.0 -9999.0 1.560116241279065 1.839260145848103 0.7278515693859969 8.618810919767668 10.756464805546816 -0.8647251052250464 -1.6689096616299075 
Pedestrian 9 0 -9999.0 -9999.0 -9999.0 -9999.0 1.9424866172712396 0.9116382039112533 0.7877186561711653 5.970033419895721 -21.77275282940587 -1.0936472938670094 -2.5895793941702543 
Pedestrian 28 0 -9999.0 -9999.0 -9999.0 -9999.0 1.7 1.2 1.0763506547432953 -25.729947897436222 2.080755119339745 1.0008038486044044 0.16755433168871914 
Pedestrian 2 0 -9999.0 -9999.0 -9999.0 -9999.0 2 0.7836441404428482 0.9443741684775213 -4.17169736559873 3.853343672354494 0.1555344890092516 -2.4990520435536894 
Car 11 0 -9999.0 -9999.0 -9999.0 -9999.0 1.69 4.54481588975744 2.040306383298412 -18.992670270411477 39.155438442324126 1.1898602625066395 0.8401741039630881 
Pedestrian 17 0 -9999.0 -9999.0 -9999.0 -9999.0 1.7218321758091406 0.7101215245582209 0.6750402935807774 26.11896600725377 -5.956678361651193 -1.872989756936643 -2.4195373593561573 
Pedestrian 18 0 -9999.0 -9999.0 -9999.0 -9999.0 1.704962334712036 0.8247941869054408 0.6750402935807774 26.706127320696144 -5.496513628872672 -1.8917933194183396 -2.504589536320333 
Pedestrian 7 0 -9999.0 -9999.0 -9999.0 -9999.0 1.7 0.8 0.8535328326521766 -10.275342397250006 -15.14690700624307 0.6122054770713783 -1.0343702130668646 
Car 3 0 -9999.0 -9999.0 -9999.0 -9999.0 1.8 5.100449653876395 2.312484526004296 0.22919723311799567 3.6992915137305227 -0.25902836356174297 -2.3074465297642934 
Car 4 0 -9999.0 -9999.0 -9999.0 -9999.0 1.61198024485925 4.5 1.9330279163199107 -9.199298394964265 14.765896007972366 0.32705032076557594 -2.271005143935426 
Pedestrian 65 0 -9999.0 -9999.0 -9999.0 -9999.0 1.8372573253125963 0.750147237776687 0.7159035773803712 -64.50986246385759 0.9424211578955464 2.5148169145474757 0.07585043849534756 
Pedestrian 64 0 -9999.0 -9999.0 -9999.0 -9999.0 1.9625684947574882 0.850147237776687 0.6430822505184413 -56.38975660019259 0.48578827010696424 2.4412533984782776 0.14342330394726055 
Pedestrian 19 0 -9999.0 -9999.0 -9999.0 -9999.0 1.6305877431923363 0.7286035310250423 0.7074749626812281 34.85267416313216 7.1513511561428285 -1.7405537251145553 1.360615695255139 
Pedestrian 43 0 -9999.0 -9999.0 -9999.0 -9999.0 2 0.7615629417104234 0.696188533383779 20.544359298474664 -29.379399707377793 -1.9991783331733635 2.348148522340651 
Pedestrian 44 0 -9999.0 -9999.0 -9999.0 -9999.0 1.6059581573907105 0.7944697741447466 0.4913044739848224 5.404155572579145 16.859053737972918 -0.28647480607294257 -2.320580872272476 
Pedestrian 79 0 -9999.0 -9999.0 -9999.0 -9999.0 1.7613351060176683 0.8149425341588683 0.6985547748057137 22.966603779038536 7.0378640938858545 -1.4795952841128217 -0.24161756540642898 
Pedestrain_sitting 50 0 -9999.0 -9999.0 -9999.0 -9999.0 1.4528940761633504 0.9099253014957234 0.8180524838412104 -18.636703410333887 9.499242503377374 1.0010715844981515 2.4702121002388076 
Pedestrian 46 0 -9999.0 -9999.0 -9999.0 -9999.0 1.5573774738804786 0.7293547127269011 0.5962560081055295 -2.500641379416879 1.8260156643241177 -0.20091001937340394 2.6847784428619885 
Pedestrian 45 0 -9999.0 -9999.0 -9999.0 -9999.0 1.9966214826345094 0.8 0.7172404639596737 -1.5791703374978467 24.985032875159792 0.34717375996493277 -2.273971309825523 
Pedestrian 75 0 -9999.0 -9999.0 -9999.0 -9999.0 1.7399364425605603 0.8854463579159768 0.711264688143821 -2.706978852629338 -16.018060449419522 -0.35122719723307305 -2.5708572882768106 
Pedestrian 78 0 -9999.0 -9999.0 -9999.0 -9999.0 1.754453087292859 0.7998805468127119 0.7640305746984918 24.229247985475418 7.962392589633183 -1.4262656602989312 -0.6288960417011644 
Pedestrian 48 0 -9999.0 -9999.0 -9999.0 -9999.0 1.5961149522718188 0.6619864401580255 0.6154926255612282 -15.432618595022811 9.560310403321129 0.7472944115790638 -0.7261798400089816 
Pedestrian 49 0 -9999.0 -9999.0 -9999.0 -9999.0 1.765210105905453 0.5867696935238093 0.5198797403538553 -16.738351856782785 8.90597321421271 0.8509695583550343 2.349929456309386 
Pedestrian 29 0 -9999.0 -9999.0 -9999.0 -9999.0 1.882099771669414 0.7512326510326077 0.7164228223321065 -36.08884964871515 -7.409945122890373 1.6461817376215497 -0.010023649131229107 
Pedestrian 51 0 -9999.0 -9999.0 -9999.0 -9999.0 1.882099771669414 0.9259751102461425 0.9 -35.62869211203347 -6.784553884624268 1.646186782628583 0.022301293583208093 
Pedestrian 52 0 -9999.0 -9999.0 -9999.0 -9999.0 1.882099771669414 0.9259751102461425 0.7164228223321065 -35.935843782290014 -5.879807932474165 1.6522477516754936 -1.5150199842287115 
Car 6 0 -9999.0 -9999.0 -9999.0 -9999.0 1.676041974519338 4.8671445048684685 2.03 -19.052851849347356 26.5217465628645 1.1302253823504764 -2.2867577066122173 
Pedestrian 16 0 -9999.0 -9999.0 -9999.0 -9999.0 1.6305877431923363 0.7101215245582209 0.6750402935807774 13.406319170084856 5.968177343975543 -1.0409009563069727 -0.4768489098531532 
Pedestrian 2222 0 -9999.0 -9999.0 -9999.0 -9999.0 1.69 0.6 0.5 -16.829563202688373 9.691223876318999 0.7861850902835956 2.319659005096412 
Pedestrian 59 0 -9999.0 -9999.0 -9999.0 -9999.0 1.7558926553517722 0.9540753035667296 0.8892660264138752 -54.32493257502801 5.036210499352842 2.149649563570891 -2.326409174404386 
Car 7 0 -9999.0 -9999.0 -9999.0 -9999.0 2 4 2 -72.51232772525093 7.979745030021137 2.9963216815775278 -0.8756896882161342 
Pedestrian 6 0 -9999.0 -9999.0 -9999.0 -9999.0 1.612912994004546 0.71539134130477 0.7957522547186421 -2.147017082045618 0.7055832128483557 -0.18506841428032555 2.677193526356964 
Pedestrian 61 0 -9999.0 -9999.0 -9999.0 -9999.0 1.9555179380931804 1.0800384848323523 0.9577007499395704 -42.080565513471036 -1.98274487036064 1.7298870781225295 0.31265984445777306 
Pedestrian 25 0 -9999.0 -9999.0 -9999.0 -9999.0 1.84 0.7981017198465101 0.5743378791432734 12.326589444701352 7.8196707912110694 -0.9072244926755167 -0.5633037943506931 
Pedestrian 24 0 -9999.0 -9999.0 -9999.0 -9999.0 1.93 0.793932808351396 0.5932528551674032 12.473551380617188 7.407426503326184 -0.880836286947964 0.34157638862185635 
Pedestrian 54 0 -9999.0 -9999.0 -9999.0 -9999.0 2.059314376687098 0.7896582871023229 0.8661615796766307 -33.349208325098196 -7.5363742762766694 2.7704429909007056 2.137749503042805 
Pedestrian 53 0 -9999.0 -9999.0 -9999.0 -9999.0 2 0.7896582871023229 0.8661615796766307 -32.63376551734602 -8.030296600845285 2.7449325109798797 2.1497470713376803 
Pedestrain_sitting 33 0 -9999.0 -9999.0 -9999.0 -9999.0 1.2673681129106715 0.7977484165168576 0.7920398462192121 -33.062489881262046 -8.420327741583542 2.3735224525091447 -3.0561544059844987 
Pedestrain_sitting 222 0 -9999.0 -9999.0 -9999.0 -9999.0 1.2966448563220183 0.8 0.8 -32.07132866091606 -9.86514408546217 2.4038264154130733 2.5985997105497844 
Pedestrain_sitting 320 0 -9999.0 -9999.0 -9999.0 -9999.0 1.2966448563220183 0.8 0.8563119095990239 -31.338832013769412 -9.467482114093213 2.4038264154130733 -0.5429929430400087 
Pedestrain_sitting 2002 0 -9999.0 -9999.0 -9999.0 -9999.0 1.2674531158975288 0.7727384659567491 0.6981591780998834 -32.30747758641633 -9.028172193569969 2.3773602075633913 0.6170376212796125 
Pedestrain_sitting 1 0 -9999.0 -9999.0 -9999.0 -9999.0 1.2640860333501678 0.63 0.63 -33.138968078163145 -9.418168858462195 2.3863661096552553 2.2166094457635133 
