Pedestrian 8 0 -9999.0 -9999.0 -9999.0 -9999.0 1.7 0.8 0.7600435189904073 -9.50295779299249 -15.558278664013123 0.578136941489739 -1.0343702538590662 
Pedestrian 4 0 -9999.0 -9999.0 -9999.0 -9999.0 1.8320570902627569 0.7625937850947424 0.7652162660566085 -3.3547109423854113 -1.0796191778808888 -0.09595360581706174 0.7644533621111318 
Pedestrian 37 0 -9999.0 -9999.0 -9999.0 -9999.0 1.9217071835278898 0.850147237776687 0.7877186561711653 8.737426501487166 -19.29818494872509 -1.1484049416147035 1.1547805015474077 
Pedestrian 38 0 -9999.0 -9999.0 -9999.0 -9999.0 1.7 0.65 0.7423727600760921 11.449803866014317 -20.93997223287422 -1.3786786778928302 2.5526651974781593 
Pedestrian 27 0 -9999.0 -9999.0 -9999.0 -9999.0 2 0.850147237776687 0.7877186561711653 -17.062387588338524 17.242485930417796 1.0551564984269366 -2.366106390875675 
Pedestrian 47 0 -9999.0 -9999.0 -9999.0 -9999.0 1.5406104228569182 0.5955157202642158 0.5813035391208994 -16.04928199631876 8.837619913633048 0.6991023164928718 2.349929456309386 
Pedestrian 70 0 -9999.0 -9999.0 -9999.0 -9999.0 2 0.6519103540370152 0.6166851379586125 -79.05573698275496 4.856496440315719 3.436261331837385 -3.067936661719987 
Cyclist 1 0 -9999.0 -9999.0 -9999.0 -9999.0 1.273497039979345 1.1679049281179246 0.6772598817077023 -4.029590561830657 -16.216877658259055 -0.5547677728526391 0.35317104516607944 
Car 10 0 -9999.0 -9999.0 -9999.0 -9999.0 1.5181230343809584 4.462338700471315 1.8650325355771653 27.73012320231374 -17.27226394732356 -2.2444170315819383 0.8145826503651179 
Car 15 0 -9999.0 -9999.0 -9999.0 -9999.0 1.7672335120061524 3.764270850722953 1.8800174910081242 26.42488319089504 1.9403380016455731 -1.6904274384862588 -0.6572188282890199 
Car 16 0 -9999.0 -9999.0 -9999.0 -9999.0 1.7 4.5 2.03 -47.49233224835076 -8.62534270971154 1.480141554120832 -1.9720984828614334 
Car 8 0 -9999.0 -9999.0 -9999.0 -9999.0 1.8236503254808505 4.652430226442514 2.0794754680329586 -64.47037232041268 77.84849543238776 4.3663407833159695 -2.27369138018717 
Pedestrian 67 0 -9999.0 -9999.0 -9999.0 -9999.0 2 0.7558475072200068 0.8989041819551322 -57.70906220067744 -1.0570486751172392 2.0484912607952728 -3.068315644322208 
Pedestrian 1 0 -9999.0 -9999.0 -9999.0 -9999.0 1.7903321543446977 0.7650479644303426 0.950846051142035 -4.00558192814743 3.500536752573689 0.009884915247308425 0.674378118743939 
Pedestrian 35 0 -9999.0 -9999.0 -9999.0 -9999.0 1.7 0.7024503538413998 0.6687714678065018 12.122856392549606 -21.353315573250246 -1.3886359919362747 2.1075907268050145 
Pedestrian 31 0 -9999.0 -9999.0 -9999.0 -9999.0 1.69 0.630147237776687 0.9611788787942502 -34.41582169612619 -4.112734417152962 1.4905055910451337 0.22936279271668525 
Pedestrian 80 0 -9999.0 -9999.0 -9999.0 -9999.0 1.814395361872812 0.7890274310610776 0.7537002650888356 56.36676181874505 -42.449047758443115 -4.045986197070671 -2.1424088356789674 
Pedestrian 30 0 -9999.0 -9999.0 -9999.0 -9999.0 2.0438877301746876 1 0.9632155466104403 -31.698893962116557 -5.919809153055535 1.4917002955808134 -0.45620655172396773 
Pedestrian 69 0 -9999.0 -9999.0 -9999.0 -9999.0 1.7 0.9429772278416193 0.8213725974541288 -79.20746218765838 3.970471486126025 3.3033189868230988 -3.0785555497694563 
Pedestrian 68 0 -9999.0 -9999.0 -9999.0 -9999.0 1.9703968735807393 0.9942528585731926 1.0566657177519059 -57.41346536798248 -0.10508511979578 2.023566761947092 -3.068315644322208 
Pedestrian 36 0 -9999.0 -9999.0 -9999.0 -9999.0 1.7 0.850147237776687 0.815974565350425 10.976463364550927 -20.048900204214018 -1.3818116219438044 2.1333352375750536 
Pedestrian 42 0 -9999.0 -9999.0 -9999.0 -9999.0 2 0.6571585988962698 0.7313037018629595 29.68771398244628 -42.09159289522818 -2.0766996464851166 0.6288154500223833 
Pedestrian 201 0 -9999.0 -9999.0 -9999.0 -9999.0 1.69 0.63 0.7061297036483256 -37.004549850103466 40.360036255983886 2.299923632531553 0.7754439486251226 
Pedestrian 200 0 -9999.0 -9999.0 -9999.0 -9999.0 1.69 0.63 0.6976840544483844 -37.16405818260129 39.18886777385009 2.3179954611101135 0.7754439486251226 
Pedestrian 888 0 -9999.0 -9999.0 -9999.0 -9999.0 1.9370659336890772 0.7802022774271908 0.7396771291660864 27.138382006914345 -43.69835733412289 -2.0627079112641415 2.8607096612164113 
Pedestrian 1444 0 -9999.0 -9999.0 -9999.0 -9999.0 1.882099771669414 0.9259751102461425 0.7164228223321065 62.205213198179514 -51.270964093837335 -4.773762829479576 -2.222808923839155 
Pedestrian 444 0 -9999.0 -9999.0 -9999.0 -9999.0 1.67471203143869 0.6555204803848336 0.5736618194335494 4.570358198636649 -20.69944951522841 -0.9683067221900645 -2.485321964927415 
Pedestrian 445 0 -9999.0 -9999.0 -9999.0 -9999.0 1.670434640999795 0.6163692190913159 0.5684680083201797 4.272189120926171 -21.19427005028988 -0.9812268533825365 -2.485321940433014 
Pedestrian 1445 0 -9999.0 -9999.0 -9999.0 -9999.0 1.882099771669414 0.9259751102461425 0.8962289534873691 61.58344995727037 -51.683307500550356 -4.7737911037020675 -2.31361009393229 
Car 1 0 -9999.0 -9999.0 -9999.0 -9999.0 1.82408956127467 4.90333570536775 2.072828074906038 -6.283028950271851 10.944951753382623 -0.08006236307987827 -2.2923482517592895 
Motorcyclist 1 0 -9999.0 -9999.0 -9999.0 -9999.0 1.8447809626618457 2.4240048782345798 0.9572474581057621 -2.871374588172457 10.457832541098153 -0.17982733710241205 -2.3811851616199498 
Pedestrian 3 0 -9999.0 -9999.0 -9999.0 -9999.0 1.842354395896898 0.6382350939655546 0.9400121142713256 -3.919010898929864 -0.3644591377639652 -0.02989674950653231 -2.41110539417401 
Pedestrian 10 0 -9999.0 -9999.0 -9999.0 -9999.0 1.7590261450022302 0.702006775214263 0.7052123923125051 -4.168321534282314 -12.582552709328155 -0.11347042531980177 2.1562542834728546 
Pedestrian 41 0 -9999.0 -9999.0 -9999.0 -9999.0 2 0.6571585988962698 0.7554807917772359 28.71934822960557 -42.67057210127513 -2.0781844059458856 0.6288154500716896 
Pedestrian 5 0 -9999.0 -9999.0 -9999.0 -9999.0 1.7089298919090652 0.7825174641725112 0.8612832426404828 -7.194331013118453 3.040748400762439 0.009982244475761903 -2.7797961970939546 
Pedestrian 22 0 -9999.0 -9999.0 -9999.0 -9999.0 1.67 0.65 0.65 28.206676234499636 -8.748974270612763 -2.0997135765542936 1.6749066184714216 
Pedestrian 23 0 -9999.0 -9999.0 -9999.0 -9999.0 1.67 0.6 0.7 28.604871172770217 -8.535404543615154 -2.0924124155276598 0.42754043726066726 
Car 5 0 -9999.0 -9999.0 -9999.0 -9999.0 1.5724285917499632 5.014782295574825 2 -26.754286288534452 35.219071965338905 1.5550620579568253 -2.2842205430922427 
Pedestrian 11 0 -9999.0 -9999.0 -9999.0 -9999.0 1.9677880983657603 0.9631785670254805 0.711264688143821 -16.678515623941593 -9.171776949048686 0.5380084429040025 -2.8418117214692096 
Car 2 0 -9999.0 -9999.0 -9999.0 -9999.0 1.7379414313283343 4.294220964496503 2.0468469009197627 -2.706351009661633 16.99967799068151 0.04393229265023858 0.869139535061759 
Pedestrian 14 0 -9999.0 -9999.0 -9999.0 -9999.0 1.6305877431923363 0.6 0.6734859245436777 11.06342052454175 7.824754328613312 -0.9319468196049439 -0.3192573721040546 
Pedestrian 39 0 -9999.0 -9999.0 -9999.0 -9999.0 1.7 0.65 0.65 10.560627729407495 -19.61633495583074 -1.380630907527244 2.35393765200447 
Pedestrian 15 0 -9999.0 -9999.0 -9999.0 -9999.0 1.6305877431923363 0.6 0.6503560321088826 11.240925799298187 7.292807041927147 -0.9401358714688969 0.19307794367102105 
Pedestrian 13 0 -9999.0 -9999.0 -9999.0 -9999.0 1.7 0.9685291057493832 0.7877186561711653 -18.90237896940086 -9.4728958956536 0.674909609077678 -2.9112624248687275 
Pedestrian 12 0 -9999.0 -9999.0 -9999.0 -9999.0 1.896644712467402 0.9333747431203181 0.7690953251725241 -16.858112999708084 -9.857748754994494 0.5182974839608286 -2.8356968237205926 
Cyclist 2 0 -9999.0 -9999.0 -9999.0 -9999.0 1.560116241279065 1.839260145848103 0.7278515693859969 8.57595316197724 10.901497730202804 -0.8558486432296408 -1.6689096616299075 
Pedestrian 9 0 -9999.0 -9999.0 -9999.0 -9999.0 1.9424866172712396 0.9116382039112533 0.7877186561711653 -1.8850672759393552 -16.585102230721805 -0.3243016603725478 -2.5895793941702507 
Pedestrian 28 0 -9999.0 -9999.0 -9999.0 -9999.0 1.7 1.2 1.0763506547432953 -17.510126804272634 -3.55081432157567 0.41555657538079604 0.9096897060101554 
Pedestrian 2 0 -9999.0 -9999.0 -9999.0 -9999.0 2 0.7836441404428482 0.9443741684775213 -4.369229752757791 3.7976465177394805 0.16630956863969157 -2.460621204530595 
Car 11 0 -9999.0 -9999.0 -9999.0 -9999.0 1.69 4.54481588975744 2.040306383298412 -18.992670270411477 39.155438442324126 1.1898602625066395 0.8401741039630881 
Pedestrian 17 0 -9999.0 -9999.0 -9999.0 -9999.0 1.7218321758091406 0.7101215245582209 0.6750402935807774 19.569915112215284 0.15061442578717266 -1.5183275359745938 -2.237189097616108 
Pedestrian 18 0 -9999.0 -9999.0 -9999.0 -9999.0 1.704962334712036 0.8247941869054408 0.6750402935807774 19.91469245442418 0.8752913376163918 -1.508655359765677 -2.1950179090811854 
Pedestrian 7 0 -9999.0 -9999.0 -9999.0 -9999.0 1.7 0.8 0.8535328326521766 -10.275342397250006 -15.14690700624307 0.6122054770713783 -1.0343702130668646 
Car 4 0 -9999.0 -9999.0 -9999.0 -9999.0 1.61198024485925 4.5 1.9330279163199107 -16.528638468832117 23.132172098875397 0.7614522247571718 -2.3051825304138305 
Car 3 0 -9999.0 -9999.0 -9999.0 -9999.0 1.8 5.100449653876395 2.312484526004296 -10.50074274850511 16.180221954384077 0.49965941976148787 -2.306404490580853 
Pedestrian 66 0 -9999.0 -9999.0 -9999.0 -9999.0 1.8611242323886472 0.7189171018987618 0.7035161291767663 -55.240810324084954 0.9122108604194423 1.9791358185457715 0.07585043849534756 
Pedestrian 65 0 -9999.0 -9999.0 -9999.0 -9999.0 1.8372573253125963 0.750147237776687 0.7159035773803712 -55.29309703376976 0.13927876830792063 1.964696604962593 0.07585043849534756 
Pedestrian 64 0 -9999.0 -9999.0 -9999.0 -9999.0 1.9625684947574882 0.850147237776687 0.6430822505184413 -48.49861401844753 0.05226579589039754 1.80720835145854 0.14342330394726055 
Pedestrian 21 0 -9999.0 -9999.0 -9999.0 -9999.0 2 0.8283453457591881 0.7913798815301225 28.46006935587351 9.05728607176632 -1.3274504410803636 2.77969601519489 
Pedestrian 20 0 -9999.0 -9999.0 -9999.0 -9999.0 2 0.8283453457591881 0.8148441816725611 28.171186759270796 9.801656788979455 -1.3152532614508736 2.77969601519489 
Pedestrian 19 0 -9999.0 -9999.0 -9999.0 -9999.0 1.6305877431923363 0.7286035310250423 0.7074749626812281 34.19366269139414 6.82682632340425 -1.6671709169756093 -1.760535258569405 
Pedestrian 43 0 -9999.0 -9999.0 -9999.0 -9999.0 2 0.7615629417104234 0.696188533383779 21.840122536919356 -31.598095722914447 -1.954897446780774 0.6562706898158002 
Pedestrian 81 0 -9999.0 -9999.0 -9999.0 -9999.0 1.8373735799096318 0.9362483401005941 0.7537002650888356 55.73727879617883 -42.81337025964348 -4.0303513819424195 -2.14240883567901 
Pedestrian 82 0 -9999.0 -9999.0 -9999.0 -9999.0 1.8539710429250613 0.9362483401005941 0.7537002650888356 56.78858781788831 -44.69165227478585 -4.002300293629414 -2.142408735843258 
Pedestrain_sitting 50 0 -9999.0 -9999.0 -9999.0 -9999.0 1.4528940761633504 0.9099253014957234 0.8180524838412104 -18.36388033178992 9.50826155690982 0.9814931545501211 2.4702121002388076 
Pedestrian 46 0 -9999.0 -9999.0 -9999.0 -9999.0 1.5573774738804786 0.7293547127269011 0.5962560081055295 -6.863405975201458 2.497500988146391 -0.03768323794428742 -2.779751575964614 
Pedestrian 75 0 -9999.0 -9999.0 -9999.0 -9999.0 1.7399364425605603 0.8854463579159768 0.711264688143821 -12.594782536576206 -11.502744757534765 0.27189814992409833 -2.6364818159633714 
Pedestrian 48 0 -9999.0 -9999.0 -9999.0 -9999.0 1.5961149522718188 0.6619864401580255 0.6154926255612282 -15.395426383504326 9.55575662055841 0.7750854117825804 -0.7261798400089816 
Pedestrian 49 0 -9999.0 -9999.0 -9999.0 -9999.0 1.765210105905453 0.5867696935238093 0.5198797403538553 -16.741850666919706 8.795102760567953 0.8201142450538185 2.349929456309386 
Pedestrian 29 0 -9999.0 -9999.0 -9999.0 -9999.0 1.882099771669414 0.7512326510326077 0.7164228223321065 -36.08884964871515 -7.409945122890373 1.6461817376215497 -0.010023649131229107 
Pedestrian 51 0 -9999.0 -9999.0 -9999.0 -9999.0 1.882099771669414 0.9259751102461425 0.9 -35.62869211203347 -6.784553884624268 1.646186782628583 0.022301293583208093 
Pedestrian 52 0 -9999.0 -9999.0 -9999.0 -9999.0 1.882099771669414 0.9259751102461425 0.7164228223321065 -35.935843782290014 -5.879807932474165 1.6522477516754936 -1.5150199842287115 
Pedestrian 16 0 -9999.0 -9999.0 -9999.0 -9999.0 1.6305877431923363 0.7101215245582209 0.6750402935807774 13.407129631158018 5.9682870372283015 -1.032725533145891 -0.4768489098531532 
Pedestrian 2222 0 -9999.0 -9999.0 -9999.0 -9999.0 1.69 0.6 0.5 -16.911553815200207 9.603012067426224 0.7861850902835956 2.319659005096412 
Pedestrian 6 0 -9999.0 -9999.0 -9999.0 -9999.0 1.612912994004546 0.71539134130477 0.7957522547186421 -2.1504912887893313 0.7161944359212136 -0.20578362485943613 2.6772522733300192 
Pedestrian 61 0 -9999.0 -9999.0 -9999.0 -9999.0 1.9555179380931804 1.0800384848323523 0.9577007499395704 -35.65752990240792 -3.955911218968861 1.6344129791188629 0.31265984445777306 
Car 6 0 -9999.0 -9999.0 -9999.0 -9999.0 1.676041974519338 4.8671445048684685 2.03 -21.62978643182936 29.28950080697555 1.380377051493365 -2.283685375113226 
Pedestrian 25 0 -9999.0 -9999.0 -9999.0 -9999.0 1.84 0.7981017198465101 0.5743378791432734 13.386793156887467 7.517952014029986 -0.9690178610144644 0.6022397804078334 
Pedestrian 24 0 -9999.0 -9999.0 -9999.0 -9999.0 1.93 0.793932808351396 0.5932528551674032 13.197067059393873 7.000022311015767 -0.910747628679329 0.6007408579523243 
Pedestrain_sitting 33 0 -9999.0 -9999.0 -9999.0 -9999.0 1.2673681129106715 0.7977484165168576 0.7920398462192121 -33.062489881262046 -8.420327741583542 2.3735224525091447 2.9438957248717905 
Pedestrain_sitting 320 0 -9999.0 -9999.0 -9999.0 -9999.0 1.2966448563220183 0.8 0.8563119095990239 -31.37232342562038 -9.445764696915719 2.4038264154130733 -0.5429929430400087 
Pedestrain_sitting 2002 0 -9999.0 -9999.0 -9999.0 -9999.0 1.2674531158975288 0.7727384659567491 0.6981591780998834 -32.30747758641633 -9.028172193569969 2.3773602075633913 0.6170376212796125 
Pedestrain_sitting 1 0 -9999.0 -9999.0 -9999.0 -9999.0 1.2640860333501678 0.63 0.63 -33.138968078163145 -9.418168858462195 2.3863661096552553 2.2166094457635133 
