Pedestrian 8 0 -9999.0 -9999.0 -9999.0 -9999.0 1.7 0.8 0.7600435189904073 -9.50295779299249 -15.558278664013123 0.578136941489739 -1.0343702538590662 
Pedestrian 4 0 -9999.0 -9999.0 -9999.0 -9999.0 1.8320570902627569 0.7625937850947424 0.7652162660566085 -3.349874058704994 -1.0842351556661962 -0.0977627041943025 0.7644533621111318 
Pedestrian 37 0 -9999.0 -9999.0 -9999.0 -9999.0 1.9217071835278898 0.850147237776687 0.7877186561711653 8.3743016408307 -18.68861250589698 -1.148310190072114 1.3054621938846944 
Pedestrian 38 0 -9999.0 -9999.0 -9999.0 -9999.0 1.7 0.65 0.7423727600760921 11.174872963710515 -21.119598056951936 -1.3786786778928302 2.5526651974781593 
Car 17 0 -9999.0 -9999.0 -9999.0 -9999.0 1.7 4 2.03 -49.10985685084193 -3.104911545685066 1.7531412428332285 -1.7961910245181159 
Pedestrian 55 0 -9999.0 -9999.0 -9999.0 -9999.0 2 0.7308443122339661 1.0794054496583634 -44.42434026634345 -3.1673995211255765 1.6608537854679966 -3.067665496178659 
Car 13 0 -9999.0 -9999.0 -9999.0 -9999.0 1.69 4.5 2.03 -29.8405963776642 51.75641994028056 1.8269085708035409 0.8137561613792919 
Pedestrian 47 0 -9999.0 -9999.0 -9999.0 -9999.0 1.5406104228569182 0.5955157202642158 0.5813035391208994 -15.995686515490199 8.770433616669504 0.7074114035955974 2.349929456309386 
Pedestrian 70 0 -9999.0 -9999.0 -9999.0 -9999.0 2 0.6519103540370152 0.6166851379586125 -64.2322333700474 3.1890034729987446 2.952677815021708 -3.067936661719987 
Cyclist 1 0 -9999.0 -9999.0 -9999.0 -9999.0 1.273497039979345 1.1679049281179246 0.6772598817077023 -3.9920186581723396 -16.198720837744425 -0.5179864549446144 0.35317103933248006 
Car 12 0 -9999.0 -9999.0 -9999.0 -9999.0 1.69 4.45 1.924707488251928 -24.307129710533534 45.26111051510788 1.4060379012591877 0.8271046063700407 
Car 10 0 -9999.0 -9999.0 -9999.0 -9999.0 1.5181230343809584 4.462338700471315 1.8650325355771653 -8.340352515250004 21.70867326221177 0.4689330016341927 0.8216389000645083 
Car 15 0 -9999.0 -9999.0 -9999.0 -9999.0 1.7672335120061524 3.764270850722953 1.8800174910081242 26.42488319089504 1.9403380016455731 -1.6904274384862588 -0.6572188282890199 
Car 14 0 -9999.0 -9999.0 -9999.0 -9999.0 1.55 4.05 1.85 -37.78596909384778 60.23205640620354 2.397168660383913 0.8135782975710786 
Cyclist 3 0 -9999.0 -9999.0 -9999.0 -9999.0 1.69 1.6271504584203416 0.65 -74.07862471594129 2.963842333206114 3.4532106803678877 3.1216986823689794 
Car 16 0 -9999.0 -9999.0 -9999.0 -9999.0 1.7 4.5 2.03 -47.49233224835076 -8.62534270971154 1.480141554120832 -1.9720984828614334 
Car 8 0 -9999.0 -9999.0 -9999.0 -9999.0 1.8236503254808505 4.652430226442514 2.0794754680329586 -29.557601359844025 38.449623168216334 1.3530683865744602 -2.273691380045342 
Pedestrian 61 0 -9999.0 -9999.0 -9999.0 -9999.0 1.9555179380931804 1.0800384848323523 0.9577007499395704 -45.86662320224031 -1.2205924594755426 1.6808880446806176 0.31265984445777306 
Pedestrian 57 0 -9999.0 -9999.0 -9999.0 -9999.0 2 1.0671895162272824 0.768401472016625 -45.556695584702055 2.201904370168816 1.8304277585173587 1.7076233924749218 
Pedestrian 71 0 -9999.0 -9999.0 -9999.0 -9999.0 1.7 0.8 0.8 -67.1945984566656 2.6777299375184898 2.8869891118764848 -2.9936683334210326 
Pedestrian 62 0 -9999.0 -9999.0 -9999.0 -9999.0 1.7558926553517722 0.8975958508373899 0.8892660264138752 -48.278008072290156 -1.0638536188479581 1.708804826536665 0.20319332591228267 
Pedestrian 63 0 -9999.0 -9999.0 -9999.0 -9999.0 1.776102061344318 0.9007332051258061 0.878499762242059 -47.678469198840205 -0.41528888695500626 1.708804826536665 0.20319332591228267 
Pedestrian 1 0 -9999.0 -9999.0 -9999.0 -9999.0 1.7903321543446977 0.7650479644303426 0.950846051142035 -3.791513880897372 3.7266872848124306 -0.0007004785833271462 0.7520389237653724 
Pedestrian 35 0 -9999.0 -9999.0 -9999.0 -9999.0 1.7 0.7024503538413998 0.6687714678065018 12.124864996323016 -21.35451085427282 -1.3886359919362747 2.1075907268050145 
Pedestrian 60 0 -9999.0 -9999.0 -9999.0 -9999.0 1.939824643901261 1.0800384848323523 1.0129609495955376 -46.701547555595454 -1.789823638615128 1.6841855361706501 0.31265984445777306 
Pedestrian 69 0 -9999.0 -9999.0 -9999.0 -9999.0 1.7 0.9429772278416193 0.8213725974541288 -64.57784617581059 2.2005899496942742 2.744258803300483 -2.684513240251139 
Pedestrian 36 0 -9999.0 -9999.0 -9999.0 -9999.0 1.7 0.850147237776687 0.815974565350425 11.018495812792077 -19.919937419031683 -1.3818116219438044 0.953657273842091 
Pedestrian 42 0 -9999.0 -9999.0 -9999.0 -9999.0 2 0.6571585988962698 0.7313037018629595 18.80750524978362 -32.92076465157459 -1.9761215996257915 0.6288154500223833 
Pedestrian 200 0 -9999.0 -9999.0 -9999.0 -9999.0 1.69 0.63 0.6976840544483844 -47.13837878534027 50.68303755711031 2.8608526595572923 0.7754439486251226 
Pedestrian 500 0 -9999.0 -9999.0 -9999.0 -9999.0 1.73058774319234 0.7101215245582209 0.6750402935807774 -6.476883360273713 34.941076148755826 0.5678057712203264 -0.8212238388214352 
Pedestrian 786 0 -9999.0 -9999.0 -9999.0 -9999.0 1.754453087292859 0.7698611054687652 0.7609389843372388 19.764862514802285 6.324358471005581 -1.504256328268535 -0.436723266751029 
Pedestrian 444 0 -9999.0 -9999.0 -9999.0 -9999.0 1.67471203143869 0.6555204803848336 0.5736618194335494 18.010482373931946 -29.901383323691494 -2.0022136449507766 -2.4853219642456477 
Pedestrian 445 0 -9999.0 -9999.0 -9999.0 -9999.0 1.670434640999795 0.6163692190913159 0.5684680083201797 17.762778716708155 -30.381483589802183 -2.0288976141778505 -2.485321963773993 
Pedestrian 788 0 -9999.0 -9999.0 -9999.0 -9999.0 1.754453087292859 0.5899688492936669 0.5676041344146343 22.318540513804184 7.738110183869999 -1.393834792954629 -0.5757424002981342 
Car 1 0 -9999.0 -9999.0 -9999.0 -9999.0 1.82408956127467 4.90333570536775 2.072828074906038 11.443411160997709 -27.802420633272657 -2.0699641736856598 -0.8653225595373488 
Pedestrian 3 0 -9999.0 -9999.0 -9999.0 -9999.0 1.842354395896898 0.6382350939655546 0.9400121142713256 -3.908718283275375 -0.4538683794143545 -0.019310594573174293 -1.9626780708049125 
Pedestrian 10 0 -9999.0 -9999.0 -9999.0 -9999.0 1.7590261450022302 0.702006775214263 0.7052123923125051 -4.187635756272389 -12.677928150776614 -0.08999119422086699 2.155682097396223 
Pedestrian 41 0 -9999.0 -9999.0 -9999.0 -9999.0 2 0.6571585988962698 0.7554807917772359 18.51521881456077 -33.709244867238965 -2.0061573667086274 0.6288145302664949 
Pedestrian 5 0 -9999.0 -9999.0 -9999.0 -9999.0 1.7089298919090652 0.7825174641725112 0.8612832426404828 -2.8230073608543433 2.314305156273312 -0.12049036760930157 2.6871647399376393 
Pedestrian 22 0 -9999.0 -9999.0 -9999.0 -9999.0 1.67 0.65 0.65 28.185692991013116 -9.069929975808602 -2.0997135765542936 1.6767030338066071 
Pedestrian 23 0 -9999.0 -9999.0 -9999.0 -9999.0 1.67 0.6 0.7 28.604871172770217 -8.535404543615154 -2.0924124155276598 0.42754043726066726 
Car 5 0 -9999.0 -9999.0 -9999.0 -9999.0 1.5724285917499632 5.014782295574825 2 -17.720107931826213 24.917603501471703 1.0547329550033206 -2.2838073144928366 
Pedestrian 11 0 -9999.0 -9999.0 -9999.0 -9999.0 1.9677880983657603 0.9631785670254805 0.711264688143821 -7.404317219257853 -11.408822451919646 -0.16710989311684832 1.9390864411913746 
Car 2 0 -9999.0 -9999.0 -9999.0 -9999.0 1.7379414313283343 4.294220964496503 2.0468469009197627 -37.01348061041058 56.02697499305868 2.4467110574633146 0.8773928673072131 
Pedestrian 14 0 -9999.0 -9999.0 -9999.0 -9999.0 1.6305877431923363 0.6 0.6734859245436777 10.930972469884956 7.665091249646646 -0.9403579332597694 -0.4795984987901889 
Pedestrian 39 0 -9999.0 -9999.0 -9999.0 -9999.0 1.7 0.65 0.65 10.587883808837645 -19.490814558487823 -1.380630907527244 0.9633840850584718 
Pedestrian 15 0 -9999.0 -9999.0 -9999.0 -9999.0 1.6305877431923363 0.6 0.6503560321088826 11.182795210824715 7.265523435919928 -0.9384430359919621 -0.12265211174734247 
Pedestrian 13 0 -9999.0 -9999.0 -9999.0 -9999.0 1.7 0.9685291057493832 0.7877186561711653 -9.956112767691854 -13.95166884518734 0.3741511377971437 -0.13468601049919826 
Pedestrian 12 0 -9999.0 -9999.0 -9999.0 -9999.0 1.896644712467402 0.9333747431203181 0.7690953251725241 -6.817888154010573 -11.372081938986907 -0.21605946592227127 2.0142682319364997 
Cyclist 2 0 -9999.0 -9999.0 -9999.0 -9999.0 1.560116241279065 1.839260145848103 0.7278515693859969 8.620047721341884 10.977026849001417 -0.8624958051336169 -1.6689096616299075 
Pedestrian 9 0 -9999.0 -9999.0 -9999.0 -9999.0 1.9424866172712396 0.9116382039112533 0.7877186561711653 11.327662135130911 -24.361215593936485 -1.352874667510859 -2.5895793941702507 
Pedestrian 28 0 -9999.0 -9999.0 -9999.0 -9999.0 1.7 1.2 1.0763506547432953 -32.00333497798666 2.6929124440981416 1.2327825900712943 0.07098629806986612 
Pedestrian 2 0 -9999.0 -9999.0 -9999.0 -9999.0 2 0.7836441404428482 0.9443741684775213 -4.434926986920768 3.8417849407392914 0.12763966682045158 2.4541469207085456 
Car 11 0 -9999.0 -9999.0 -9999.0 -9999.0 1.69 4.54481588975744 2.040306383298412 -18.992670270411477 39.155438442324126 1.1898602625066395 0.8401741039630881 
Pedestrian 17 0 -9999.0 -9999.0 -9999.0 -9999.0 1.7218321758091406 0.7101215245582209 0.6750402935807774 29.162260488766233 -7.740322222106387 -2.201985685454659 2.2312433469770454 
Pedestrian 18 0 -9999.0 -9999.0 -9999.0 -9999.0 1.704962334712036 0.8247941869054408 0.6750402935807774 30.432318186439524 -9.511719004274582 -2.2284757318760553 -2.221005335182438 
Pedestrian 7 0 -9999.0 -9999.0 -9999.0 -9999.0 1.7 0.8 0.8535328326521766 -10.275342397250006 -15.14690700624307 0.6122054770713783 -1.0343702130668646 
Car 3 0 -9999.0 -9999.0 -9999.0 -9999.0 1.8 5.100449653876395 2.312484526004296 19.893227254693638 -18.217828683158963 -1.8784801022516895 -2.307307507312821 
Car 4 0 -9999.0 -9999.0 -9999.0 -9999.0 1.61198024485925 4.5 1.9330279163199107 10.102722555977653 -6.317479366928275 -1.0974406730002038 -2.3051825304138305 
Pedestrian 64 0 -9999.0 -9999.0 -9999.0 -9999.0 1.9625684947574882 0.850147237776687 0.6430822505184413 -62.48638060077128 -0.04776950254674078 2.8458869697238187 0.14342330394726055 
Pedestrian 19 0 -9999.0 -9999.0 -9999.0 -9999.0 1.6305877431923363 0.7286035310250423 0.7074749626812281 35.41437799712399 8.126596345661108 -1.7608813594589086 3.028444015749006 
Pedestrian 43 0 -9999.0 -9999.0 -9999.0 -9999.0 2 0.7615629417104234 0.696188533383779 20.58559182581599 -29.346949250788285 -1.9306932068950713 2.348148531576838 
Pedestrian 44 0 -9999.0 -9999.0 -9999.0 -9999.0 1.6059581573907105 0.7944697741447466 0.4913044739848224 9.319720543358397 12.383695594221624 -0.877044659468431 -2.320580872272476 
Pedestrian 79 0 -9999.0 -9999.0 -9999.0 -9999.0 1.7613351060176683 0.8149425341588683 0.6985547748057137 16.771233082443082 4.968001736304179 -1.309637548718399 -0.11363631299303556 
Pedestrian 56 0 -9999.0 -9999.0 -9999.0 -9999.0 2 0.7308443122339661 1.0794054496583634 -45.30954565489398 -2.9441863000978485 1.7644587323035053 -3.0676655679301437 
Pedestrain_sitting 50 0 -9999.0 -9999.0 -9999.0 -9999.0 1.4528940761633504 0.9099253014957234 0.8180524838412104 -18.64845822241214 9.48975672857565 1.0198216487205283 2.4702121002388076 
Pedestrian 46 0 -9999.0 -9999.0 -9999.0 -9999.0 1.5573774738804786 0.7293547127269011 0.5962560081055295 -2.4079736683262296 1.7871701823693558 -0.20767461764519118 2.6923584769304263 
Pedestrian 45 0 -9999.0 -9999.0 -9999.0 -9999.0 1.9966214826345094 0.8 0.7172404639596737 3.8022718932875903 18.827650116303076 -0.04398047608600997 -2.273971266761343 
Pedestrian 75 0 -9999.0 -9999.0 -9999.0 -9999.0 1.7399364425605603 0.8854463579159768 0.711264688143821 3.072642545016642 -19.361499676865026 -1.000961526138372 -2.5765065403598246 
Pedestrian 78 0 -9999.0 -9999.0 -9999.0 -9999.0 1.754453087292859 0.7998805468127119 0.7640305746984918 20.127681953314525 5.472914412931482 -1.5172261010654908 -0.361551917291024 
Pedestrian 48 0 -9999.0 -9999.0 -9999.0 -9999.0 1.5961149522718188 0.6619864401580255 0.6154926255612282 -15.420842264636322 9.62711337967774 0.766911210651855 -0.7261798400089816 
Pedestrian 49 0 -9999.0 -9999.0 -9999.0 -9999.0 1.765210105905453 0.5867696935238093 0.5198797403538553 -16.724800776986346 8.770997563791278 0.8694691969052297 2.349929456309386 
Pedestrian 29 0 -9999.0 -9999.0 -9999.0 -9999.0 1.882099771669414 0.7512326510326077 0.7164228223321065 -36.08884964871515 -7.409945122890373 1.6461817376215497 -0.010023649131229107 
Pedestrian 51 0 -9999.0 -9999.0 -9999.0 -9999.0 1.882099771669414 0.9259751102461425 0.9 -35.62869211203347 -6.784553884624268 1.646186782628583 0.022301293583208093 
Pedestrian 52 0 -9999.0 -9999.0 -9999.0 -9999.0 1.882099771669414 0.9259751102461425 0.7164228223321065 -35.935843782290014 -5.879807932474165 1.6522477516754936 -1.5150199842287115 
Car 6 0 -9999.0 -9999.0 -9999.0 -9999.0 1.676041974519338 4.8671445048684685 2.03 -2.9728035582704155 7.724214614450738 -0.06786754166354947 -2.28526776315371 
Pedestrian 2000 0 -9999.0 -9999.0 -9999.0 -9999.0 2 1.1789591111675595 0.768401472016625 -46.50782692223459 1.849980216811448 1.8159367456881048 1.7076233333671693 
Pedestrian 16 0 -9999.0 -9999.0 -9999.0 -9999.0 1.6305877431923363 0.7101215245582209 0.6750402935807774 13.405208917802305 5.967983810886588 -1.0556589694760055 -0.4768489098531532 
Pedestrian 2222 0 -9999.0 -9999.0 -9999.0 -9999.0 1.69 0.6 0.5 -16.879171806938622 9.637851123225728 0.7861850902835956 2.319659005096412 
Pedestrian 59 0 -9999.0 -9999.0 -9999.0 -9999.0 1.7558926553517722 0.9540753035667296 0.8892660264138752 -50.26339171105387 0.48770956827379464 1.7824109761574183 -2.82893280913202 
Pedestrian 6 0 -9999.0 -9999.0 -9999.0 -9999.0 1.612912994004546 0.71539134130477 0.7957522547186421 -2.1535697694513627 0.7175561522263313 -0.20798026813057313 2.6771934969152085 
Pedestrian 25 0 -9999.0 -9999.0 -9999.0 -9999.0 1.84 0.7981017198465101 0.5743378791432734 12.348650266387379 7.75028135723705 -0.944350567109289 -0.4966728675901422 
Pedestrian 24 0 -9999.0 -9999.0 -9999.0 -9999.0 1.93 0.793932808351396 0.5932528551674032 12.505494520465298 7.278395524572108 -0.8735264617016322 0.34159544471472714 
Pedestrian 54 0 -9999.0 -9999.0 -9999.0 -9999.0 2.059314376687098 0.7896582871023229 0.8661615796766307 -33.986600243848045 -5.758879853040718 1.524438377062179 1.4254791376002451 
Pedestrian 53 0 -9999.0 -9999.0 -9999.0 -9999.0 2 0.7896582871023229 0.8661615796766307 -33.21374787471986 -5.580694969404046 1.523185294993732 1.4470039096504408 
Pedestrain_sitting 33 0 -9999.0 -9999.0 -9999.0 -9999.0 1.2673681129106715 0.7977484165168576 0.7920398462192121 -33.062489881262046 -8.420327741583542 2.3735224525091447 -2.883542887992963 
Pedestrain_sitting 222 0 -9999.0 -9999.0 -9999.0 -9999.0 1.2966448563220183 0.8 0.8 -32.07132866091606 -9.86514408546217 2.4038264154130733 2.5985997105497844 
Pedestrain_sitting 320 0 -9999.0 -9999.0 -9999.0 -9999.0 1.2966448563220183 0.8 0.8563119095990239 -31.312674071849646 -9.484444162146135 2.4038264154130733 -0.5429929430400087 
Pedestrain_sitting 2002 0 -9999.0 -9999.0 -9999.0 -9999.0 1.2674531158975288 0.7727384659567491 0.6981591780998834 -32.30747758641633 -9.028172193569969 2.3773602075633913 0.6170376212796125 
Pedestrain_sitting 1 0 -9999.0 -9999.0 -9999.0 -9999.0 1.2640860333501678 0.63 0.63 -33.138968078163145 -9.418168858462195 2.3863661096552553 2.2166094457635133 
