Pedestrian 8 0 -9999.0 -9999.0 -9999.0 -9999.0 1.7 0.8 0.7600435189904073 -9.50295779299249 -15.558278664013123 0.578136941489739 -1.0343702538590662 
Pedestrian 4 0 -9999.0 -9999.0 -9999.0 -9999.0 1.8320570902627569 0.7625937850947424 0.7652162660566085 -3.358923655079759 -1.07558184954411 -0.09644717991265318 0.7644533621111318 
Pedestrian 37 0 -9999.0 -9999.0 -9999.0 -9999.0 1.9217071835278898 0.850147237776687 0.7877186561711653 8.370159397495128 -18.691384000015088 -1.1483582157745336 1.305425799735576 
Pedestrian 38 0 -9999.0 -9999.0 -9999.0 -9999.0 1.7 0.65 0.7423727600760921 11.172523019703098 -21.121045459077354 -1.3786786778928302 2.5526651974781593 
Car 17 0 -9999.0 -9999.0 -9999.0 -9999.0 1.7 4 2.03 -49.10985685084193 -3.104911545685066 1.7531412428332285 -1.7961910245181159 
Pedestrian 55 0 -9999.0 -9999.0 -9999.0 -9999.0 2 0.7308443122339661 1.0794054496583634 -44.02675901734534 -3.186417060941574 1.736989819944668 -3.067665496178659 
Car 13 0 -9999.0 -9999.0 -9999.0 -9999.0 1.69 4.5 2.03 -29.8405963776642 51.75641994028056 1.8269085708035409 0.8137561613792919 
Pedestrian 47 0 -9999.0 -9999.0 -9999.0 -9999.0 1.5406104228569182 0.5955157202642158 0.5813035391208994 -16.00349734560324 8.753700445048027 0.703136184647477 2.3499295462632652 
Pedestrian 70 0 -9999.0 -9999.0 -9999.0 -9999.0 2 0.6519103540370152 0.6166851379586125 -63.7828916832867 3.1701476776046067 2.9445647228290053 -3.067936661719987 
Cyclist 1 0 -9999.0 -9999.0 -9999.0 -9999.0 1.273497039979345 1.1679049281179246 0.6772598817077023 -3.993086337038107 -16.19982395343882 -0.5212838407627044 0.35317103933248184 
Car 12 0 -9999.0 -9999.0 -9999.0 -9999.0 1.69 4.45 1.924707488251928 -24.307129710533534 45.26111051510788 1.4060379012591877 0.8271046063700407 
Car 10 0 -9999.0 -9999.0 -9999.0 -9999.0 1.5181230343809584 4.462338700471315 1.8650325355771653 -10.997585140645104 24.565968590709968 0.6787656163517959 0.8217587280025924 
Car 15 0 -9999.0 -9999.0 -9999.0 -9999.0 1.7672335120061524 3.764270850722953 1.8800174910081242 26.42488319089504 1.9403380016455731 -1.6904274384862588 -0.6572188282890199 
Car 14 0 -9999.0 -9999.0 -9999.0 -9999.0 1.55 4.05 1.85 -37.78596909384778 60.23205640620354 2.397168660383913 0.8135782975710786 
Cyclist 3 0 -9999.0 -9999.0 -9999.0 -9999.0 1.69 1.6271504584203416 0.65 -72.64213896323746 3.428170920448948 3.461222613217646 3.1322706184211793 
Car 16 0 -9999.0 -9999.0 -9999.0 -9999.0 1.7 4.5 2.03 -47.49233224835076 -8.62534270971154 1.480141554120832 -1.9720984828614334 
Car 8 0 -9999.0 -9999.0 -9999.0 -9999.0 1.8236503254808505 4.652430226442514 2.0794754680329586 -28.68459610811466 37.595438264449484 1.3449740403539596 -2.273691380072954 
Pedestrian 61 0 -9999.0 -9999.0 -9999.0 -9999.0 1.9555179380931804 1.0800384848323523 0.9577007499395704 -46.146294353311724 -1.0825930499477414 1.6712423807738315 0.31265984445777306 
Pedestrian 57 0 -9999.0 -9999.0 -9999.0 -9999.0 2 1.0671895162272824 0.768401472016625 -45.52101417933534 2.527035604551608 1.83854499212577 1.7076232984909776 
Pedestrian 71 0 -9999.0 -9999.0 -9999.0 -9999.0 1.7 0.8 0.8 -66.93455356380278 2.6799633054381284 2.830598801262047 -2.975737720070901 
Pedestrian 62 0 -9999.0 -9999.0 -9999.0 -9999.0 1.7558926553517722 0.8975958508373899 0.8892660264138752 -48.4002231879017 -0.7652444719828548 1.708804826536665 0.20319332591228267 
Pedestrian 63 0 -9999.0 -9999.0 -9999.0 -9999.0 1.776102061344318 0.9007332051258061 0.878499762242059 -48.171202886460975 -0.07600087471858849 1.7444511703549825 0.20319332591228267 
Pedestrian 1 0 -9999.0 -9999.0 -9999.0 -9999.0 1.7903321543446977 0.7650479644303426 0.950846051142035 -3.770731338366187 3.7448364576956115 0.006438785263031037 0.8269941824510081 
Pedestrian 35 0 -9999.0 -9999.0 -9999.0 -9999.0 1.7 0.7024503538413998 0.6687714678065018 12.124881916604151 -21.35452092320289 -1.3886359919362747 2.1075907268050145 
Pedestrian 60 0 -9999.0 -9999.0 -9999.0 -9999.0 1.939824643901261 1.0800384848323523 1.0129609495955376 -46.88737671846816 -1.7791406244038501 1.6841855361706501 0.31265984445777306 
Pedestrian 69 0 -9999.0 -9999.0 -9999.0 -9999.0 1.7 0.9429772278416193 0.8213725974541288 -64.46264033429921 2.3062207676733566 2.813077073376738 -2.5323487813754024 
Pedestrian 36 0 -9999.0 -9999.0 -9999.0 -9999.0 1.7 0.850147237776687 0.815974565350425 11.020960427416513 -19.92505051165487 -1.3818116219438044 0.9664705665029674 
Pedestrian 42 0 -9999.0 -9999.0 -9999.0 -9999.0 2 0.6571585988962698 0.7313037018629595 18.416398430055917 -32.645128399073386 -1.9409258954173334 0.6288154500223833 
Pedestrian 200 0 -9999.0 -9999.0 -9999.0 -9999.0 1.69 0.63 0.6976840544483844 -47.449550132776345 50.98343768613531 2.8942517231551745 0.7754439486251226 
Pedestrian 500 0 -9999.0 -9999.0 -9999.0 -9999.0 1.73058774319234 0.7101215245582209 0.6750402935807774 -6.550264146027663 34.400885411456464 0.5478727842316903 -1.298433375183345 
Pedestrian 786 0 -9999.0 -9999.0 -9999.0 -9999.0 1.754453087292859 0.7698611054687652 0.7609389843372388 19.430596768214958 6.130122369430575 -1.5116428802782673 -0.43995975142221866 
Pedestrian 444 0 -9999.0 -9999.0 -9999.0 -9999.0 1.67471203143869 0.6555204803848336 0.5736618194335494 18.38964408480072 -30.19466039726522 -2.010324475779089 -2.4853219645250704 
Pedestrian 445 0 -9999.0 -9999.0 -9999.0 -9999.0 1.670434640999795 0.6163692190913159 0.5684680083201797 18.241302251518842 -30.745729463929177 -2.049776846634368 -2.485321963773993 
Pedestrian 788 0 -9999.0 -9999.0 -9999.0 -9999.0 1.754453087292859 0.5899688492936669 0.5676041344146343 22.01936617450887 7.521233328536352 -1.4090430354528884 -0.5757424002981342 
Car 1 0 -9999.0 -9999.0 -9999.0 -9999.0 1.82408956127467 4.90333570536775 2.072828074906038 10.553467202908594 -28.595252396671647 -2.1227238734791767 -0.7479521365599631 
Pedestrian 3 0 -9999.0 -9999.0 -9999.0 -9999.0 1.842354395896898 0.6382350939655546 0.9400121142713256 -3.902577314786016 -0.6063558516750447 -0.020014252683410158 -1.8329536870608791 
Pedestrian 10 0 -9999.0 -9999.0 -9999.0 -9999.0 1.7590261450022302 0.702006775214263 0.7052123923125051 -4.16500620841617 -12.700565666530125 -0.09769205036821138 2.1547811443960807 
Pedestrian 41 0 -9999.0 -9999.0 -9999.0 -9999.0 2 0.6571585988962698 0.7554807917772359 18.13543408661793 -33.43375706804786 -1.9678422471682242 0.6288145128574447 
Pedestrian 5 0 -9999.0 -9999.0 -9999.0 -9999.0 1.7089298919090652 0.7825174641725112 0.8612832426404828 -2.8157624266343126 2.297298249451038 -0.12019342881559192 2.6867675067843546 
Pedestrian 22 0 -9999.0 -9999.0 -9999.0 -9999.0 1.67 0.65 0.65 28.18617058261361 -9.064198490112192 -2.0997135765542936 1.6773557784934638 
Pedestrian 23 0 -9999.0 -9999.0 -9999.0 -9999.0 1.67 0.6 0.7 28.604871172770217 -8.535404543615154 -2.0924124155276598 0.42754043726066726 
Car 5 0 -9999.0 -9999.0 -9999.0 -9999.0 1.5724285917499632 5.014782295574825 2 -15.96269665495466 22.850967382054275 0.9283941622807829 -2.283592680709056 
Pedestrian 11 0 -9999.0 -9999.0 -9999.0 -9999.0 1.9677880983657603 0.9631785670254805 0.711264688143821 -7.409262521082563 -11.403999744473062 -0.16537033680621063 1.979511764801984 
Car 2 0 -9999.0 -9999.0 -9999.0 -9999.0 1.7379414313283343 4.294220964496503 2.0468469009197627 -37.97264682189896 57.184753777583516 2.5005934488993757 0.8760499823247603 
Pedestrian 14 0 -9999.0 -9999.0 -9999.0 -9999.0 1.6305877431923363 0.6 0.6734859245436777 10.926796964880708 7.66278690812184 -0.9392310191549662 -0.47959896093081156 
Pedestrian 39 0 -9999.0 -9999.0 -9999.0 -9999.0 1.7 0.65 0.65 10.560767432662654 -19.537601671401315 -1.380630907527244 1.1056550160091074 
Pedestrian 15 0 -9999.0 -9999.0 -9999.0 -9999.0 1.6305877431923363 0.6 0.6503560321088826 11.182463535431848 7.261374291533608 -0.9403453636222411 -0.12268124765644473 
Pedestrian 13 0 -9999.0 -9999.0 -9999.0 -9999.0 1.7 0.9685291057493832 0.7877186561711653 -10.168171017693487 -13.951550297576292 0.48967525486029895 -0.3704677695677496 
Pedestrian 12 0 -9999.0 -9999.0 -9999.0 -9999.0 1.896644712467402 0.9333747431203181 0.7690953251725241 -6.817686708110485 -11.409432891886095 -0.21558972551084818 2.0136438718023957 
Cyclist 2 0 -9999.0 -9999.0 -9999.0 -9999.0 1.560116241279065 1.839260145848103 0.7278515693859969 8.620779711808375 10.969992418174272 -0.8774673859256934 -1.6689096616299075 
Pedestrian 9 0 -9999.0 -9999.0 -9999.0 -9999.0 1.9424866172712396 0.9116382039112533 0.7877186561711653 11.502820813989734 -24.678324372408998 -1.3829476863637509 -2.5895793941702507 
Pedestrian 28 0 -9999.0 -9999.0 -9999.0 -9999.0 1.7 1.2 1.0763506547432953 -32.498235498312035 2.727349839178501 1.245009375377872 0.04896575556466054 
Pedestrian 2 0 -9999.0 -9999.0 -9999.0 -9999.0 2 0.7836441404428482 0.9443741684775213 -4.443094950282263 3.8060271821036906 0.13133625024556622 2.4398900320456853 
Car 11 0 -9999.0 -9999.0 -9999.0 -9999.0 1.69 4.54481588975744 2.040306383298412 -18.992670270411477 39.155438442324126 1.1898602625066395 0.8401741039630881 
Pedestrian 17 0 -9999.0 -9999.0 -9999.0 -9999.0 1.7218321758091406 0.7101215245582209 0.6750402935807774 29.121822393744413 -7.576465841833467 -2.145360372777476 2.0386228744026678 
Pedestrian 18 0 -9999.0 -9999.0 -9999.0 -9999.0 1.704962334712036 0.8247941869054408 0.6750402935807774 30.54661910125394 -9.815545429744871 -2.2489605563206925 -2.213058410335707 
Pedestrian 7 0 -9999.0 -9999.0 -9999.0 -9999.0 1.7 0.8 0.8535328326521766 -10.275342397250006 -15.14690700624307 0.6122054770713783 -1.0343702130668646 
Car 3 0 -9999.0 -9999.0 -9999.0 -9999.0 1.8 5.100449653876395 2.312484526004296 21.790086150643216 -20.32450459462969 -2.0196821654573274 -2.307308400198391 
Car 4 0 -9999.0 -9999.0 -9999.0 -9999.0 1.61198024485925 4.5 1.9330279163199107 11.932056357615538 -8.456265194299077 -1.2719545533905166 -2.271005143935426 
Pedestrian 64 0 -9999.0 -9999.0 -9999.0 -9999.0 1.9625684947574882 0.850147237776687 0.6430822505184413 -62.78150241785509 -0.1823925073250057 2.8783156095389577 0.14342330394726055 
Pedestrian 19 0 -9999.0 -9999.0 -9999.0 -9999.0 1.6305877431923363 0.7286035310250423 0.7074749626812281 35.743721686303346 8.081751088282253 -1.805027967211569 2.967519273582411 
Pedestrian 43 0 -9999.0 -9999.0 -9999.0 -9999.0 2 0.7615629417104234 0.696188533383779 20.54636670085917 -29.36749740487747 -1.9172880781553099 2.3481485166024925 
Pedestrian 44 0 -9999.0 -9999.0 -9999.0 -9999.0 1.6059581573907105 0.7944697741447466 0.4913044739848224 9.638439505523664 11.912492907473348 -0.9065837431905461 -2.320580872272476 
Pedestrian 79 0 -9999.0 -9999.0 -9999.0 -9999.0 1.7613351060176683 0.8149425341588683 0.6985547748057137 16.381157169736966 4.889731382711722 -1.2638018297641411 -0.08517802069277103 
Pedestrian 56 0 -9999.0 -9999.0 -9999.0 -9999.0 2 0.7308443122339661 1.0794054496583634 -44.901317801003884 -3.0593206340441643 1.7780695358683007 -3.0676655679301437 
Pedestrain_sitting 50 0 -9999.0 -9999.0 -9999.0 -9999.0 1.4528940761633504 0.9099253014957234 0.8180524838412104 -18.649077748812672 9.501960969816057 1.0137714029801503 2.4702121002388076 
Pedestrian 46 0 -9999.0 -9999.0 -9999.0 -9999.0 1.5573774738804786 0.7293547127269011 0.5962560081055295 -2.3958993288356267 1.7561695200077825 -0.2063475228840878 2.692400214608309 
Pedestrian 45 0 -9999.0 -9999.0 -9999.0 -9999.0 1.9966214826345094 0.8 0.7172404639596737 4.228548521189785 18.323598225120875 -0.0695739899679767 -2.2739712741032516 
Pedestrian 75 0 -9999.0 -9999.0 -9999.0 -9999.0 1.7399364425605603 0.8854463579159768 0.711264688143821 3.5307823414467006 -19.65567525467225 -1.3027711379862998 -2.576505481809413 
Pedestrian 78 0 -9999.0 -9999.0 -9999.0 -9999.0 1.754453087292859 0.7998805468127119 0.7640305746984918 19.76484653908864 5.302824131681545 -1.5185464039127767 -0.3165605659125479 
Pedestrian 48 0 -9999.0 -9999.0 -9999.0 -9999.0 1.5961149522718188 0.6619864401580255 0.6154926255612282 -15.435795158626592 9.562402334898287 0.7641847373542259 -0.7261798400089816 
Pedestrian 49 0 -9999.0 -9999.0 -9999.0 -9999.0 1.765210105905453 0.5867696935238093 0.5198797403538553 -16.72246424644962 8.756005550905545 0.8717905970397951 2.349929456309386 
Pedestrian 29 0 -9999.0 -9999.0 -9999.0 -9999.0 1.882099771669414 0.7512326510326077 0.7164228223321065 -36.08884964871515 -7.409945122890373 1.6461817376215497 -0.010023649131229107 
Pedestrian 51 0 -9999.0 -9999.0 -9999.0 -9999.0 1.882099771669414 0.9259751102461425 0.9 -35.62869211203347 -6.784553884624268 1.646186782628583 0.022301293583208093 
Pedestrian 52 0 -9999.0 -9999.0 -9999.0 -9999.0 1.882099771669414 0.9259751102461425 0.7164228223321065 -35.935843782290014 -5.879807932474165 1.6522477516754936 -1.5150199842287115 
Car 6 0 -9999.0 -9999.0 -9999.0 -9999.0 1.676041974519338 4.8671445048684685 2.03 -1.2855219571532768 5.780549440292555 -0.18728760158770352 -2.285273637770402 
Pedestrian 2000 0 -9999.0 -9999.0 -9999.0 -9999.0 2 1.1789591111675595 0.768401472016625 -46.44775043701122 2.223362185359273 1.8254649283335964 1.7076233333671693 
Pedestrian 16 0 -9999.0 -9999.0 -9999.0 -9999.0 1.6305877431923363 0.7101215245582209 0.6750402935807774 13.404486761891857 5.967931272205148 -1.0619075067488983 -0.4768489098531532 
Pedestrian 2222 0 -9999.0 -9999.0 -9999.0 -9999.0 1.69 0.6 0.5 -16.8866628825703 9.629791647734828 0.7861850902835956 2.319659005096412 
Pedestrian 59 0 -9999.0 -9999.0 -9999.0 -9999.0 1.7558926553517722 0.9540753035667296 0.8892660264138752 -49.86928851996388 0.33576018437153576 1.8477988265917888 -2.8692435548669657 
Pedestrian 6 0 -9999.0 -9999.0 -9999.0 -9999.0 1.612912994004546 0.71539134130477 0.7957522547186421 -2.150968395765773 0.7120947052753321 -0.20988897392798414 2.6771935073601885 
Pedestrian 25 0 -9999.0 -9999.0 -9999.0 -9999.0 1.84 0.7981017198465101 0.5743378791432734 12.335531224097506 7.745957169979464 -0.9480043409395957 -0.5197584945653322 
Pedestrian 24 0 -9999.0 -9999.0 -9999.0 -9999.0 1.93 0.793932808351396 0.5932528551674032 12.511691767149111 7.277702051965473 -0.8713238083379848 0.34160527872225543 
Pedestrian 54 0 -9999.0 -9999.0 -9999.0 -9999.0 2.059314376687098 0.7896582871023229 0.8661615796766307 -34.08104306103779 -5.425462294268823 1.5794978760226979 1.4758890755375704 
Pedestrian 53 0 -9999.0 -9999.0 -9999.0 -9999.0 2 0.7896582871023229 0.8661615796766307 -33.32408890168728 -5.324626266860493 1.5743110205478037 1.4972561462913543 
Pedestrain_sitting 33 0 -9999.0 -9999.0 -9999.0 -9999.0 1.2673681129106715 0.7977484165168576 0.7920398462192121 -33.062489881262046 -8.420327741583542 2.3735224525091447 -2.8697008191235938 
Pedestrain_sitting 222 0 -9999.0 -9999.0 -9999.0 -9999.0 1.2966448563220183 0.8 0.8 -32.07132866091606 -9.86514408546217 2.4038264154130733 2.5985997105497844 
Pedestrain_sitting 320 0 -9999.0 -9999.0 -9999.0 -9999.0 1.2966448563220183 0.8 0.8563119095990239 -31.310576413259145 -9.485804383295024 2.4038264154130733 -0.5429929430400087 
Pedestrain_sitting 2002 0 -9999.0 -9999.0 -9999.0 -9999.0 1.2674531158975288 0.7727384659567491 0.6981591780998834 -32.30747758641633 -9.028172193569969 2.3773602075633913 0.6170376212796125 
Pedestrain_sitting 1 0 -9999.0 -9999.0 -9999.0 -9999.0 1.2640860333501678 0.63 0.63 -33.138968078163145 -9.418168858462195 2.3863661096552553 2.2166094457635133 
