pedestrian 11 -1 -1 -10 0 0 0 0 1.92 0.83 0.65 -7.522049813020142 0.9837441480918858 -0.15847416678626652 0.02
pedestrian 15 -1 -1 -10 0 0 0 0 1.67 0.6 0.46 -3.0140430464727452 1.4894840007268622 -0.10946198238653622 -1.23
pedestrian 13 -1 -1 -10 0 0 0 0 1.702 0.57 0.67 1.113816116408527 -0.8561201375148013 -0.05542534591921328 3.1
pedestrian 12 -1 -1 -10 0 0 0 0 1.78 0.49 0.58 -2.4560229392942685 1.631437912591478 0.007852325738489091 -1.43
car 1 -1 -1 -10 0 0 0 0 1.73 2.65 1.95 3.3383324248383515 1.1516518304567283 -0.15631597064458694 -3.03
motorcycle 16 -1 -1 -10 0 0 0 0 1.85 2.08 0.94 -7.210847125825083 -2.1951892828353206 -0.16440115724981944 -1.92
pedestrian 7 -1 -1 -10 0 0 0 0 1.93 0.78 0.7 3.9616349254756944 -0.1461760456209605 -0.05814878277149845 -0.05
car 17 -1 -1 -10 0 0 0 0 1.64 4.09 2.08 7.061464863478387 -2.0953779917571884 -0.26759120598359987 -3.06
pedestrian 5 -1 -1 -10 0 0 0 0 1.89 0.54 0.62 -7.529073408699093 -0.05628442238636841 -0.10856182670189862 -0.08
pedestrian 3 -1 -1 -10 0 0 0 0 1.71 0.58 0.62 -9.810679138477747 0.6057528105176411 -0.17843310900022513 -0.01
pedestrian 10 -1 -1 -10 0 0 0 0 1.91 0.42 0.54 -8.256205389801956 -0.7488283942033571 -0.14808307614284347 -0.0
