pedestrian 21 -1 -1 -10 0 0 0 0 1.84 0.57 0.47 4.473422285349907 -5.574432545009302 -0.2714679687843955 1.13
pedestrian 22 -1 -1 -10 0 0 0 0 1.62 0.31 0.49 5.09422932340601 -5.482268889442663 -0.3533488706639033 2.33
pedestrian 23 -1 -1 -10 0 0 0 0 2.48 0.44 0.87 -3.0121818778339726 -6.550571736384229 -0.3994624654866909 0.93
car 1 -1 -1 -10 0 0 0 0 1.53 4.24 1.95 -0.2441576193403713 1.4591533488407202 -0.07320219590253871 -3.11
car 17 -1 -1 -10 0 0 0 0 1.72 4.38 2.27 -3.30066481102214 -1.8115430899684133 -0.25322606198390263 3.11
pedestrian 5 -1 -1 -10 0 0 0 0 2.04 0.57 0.48 -5.301127991657363 0.18149832903087232 0.0006104308143605136 0.05
pedestrian 15 -1 -1 -10 0 0 0 0 1.74 0.43 0.56 -3.42958044515909 0.40802450686205455 -0.16490594889922677 -0.06
pedestrian 7 -1 -1 -10 0 0 0 0 1.93 0.51 0.7 5.396127642322606 1.3988411102099587 -0.039370244454999086 0.22
car 20 -1 -1 -10 0 0 0 0 1.53 4.74 2.16 3.941742480756374 -1.916269981717706 -0.3584348930673607 3.14
pedestrian 12 -1 -1 -10 0 0 0 0 1.76 0.46 0.52 -3.061507968281741 0.6893143420298686 -0.09008161865406386 -0.47
