car 1 -1 -1 -10 0 0 0 0 1.6 2.65 1.95 2.3660741199985407 1.5582634007236553 -0.0990375314629792 -2.84
pedestrian 7 -1 -1 -10 0 0 0 0 1.93 0.44 0.78 4.13861670487949 0.7144470322194795 -0.05583196436815267 0.16
pedestrian 4 -1 -1 -10 0 0 0 0 1.52 0.35 0.49 -9.80274725853883 -1.4042349438745176 -0.24833527258764093 0.27
pedestrian 10 -1 -1 -10 0 0 0 0 1.91 0.38 0.53 -8.01155034105511 -2.0879824741251425 -0.14488036611632193 0.23
car 17 -1 -1 -10 0 0 0 0 1.77 4.39 2.08 5.887645534785844 -1.1994675370209886 -0.22295220193824183 -2.92
pedestrian 15 -1 -1 -10 0 0 0 0 1.66 0.5 0.54 -3.299732019574066 0.2984789617036767 -0.12320271270532651 -0.74
pedestrian 5 -1 -1 -10 0 0 0 0 1.9 0.65 0.73 -6.8740284228709 -1.5540063604531584 -0.08998596131691808 -0.08
pedestrian 14 -1 -1 -10 0 0 0 0 1.702 0.28 0.38 0.23577297205072717 -1.2091897784404249 -0.11692384429859956 -3.11
motorcycle 16 -1 -1 -10 0 0 0 0 1.66 1.77 1.14 -9.229605083617464 -5.032258063879771 -0.28083585771701375 -2.55
pedestrian 13 -1 -1 -10 0 0 0 0 1.702 0.5 0.62 -0.3446711721560072 -1.0312154528828525 -0.134523131171623 -3.01
pedestrian 12 -1 -1 -10 0 0 0 0 1.72 0.46 0.6 -2.731250304155201 0.5704669880779576 -0.07575745221022098 -0.8
pedestrian 3 -1 -1 -10 0 0 0 0 1.71 0.41 0.47 -10.184091092792727 -1.0855633409618097 -0.23332562323857722 0.1
pedestrian 11 -1 -1 -10 0 0 0 0 1.92 0.62 0.64 -7.147057658389044 -0.4549555379116995 -0.1535652505809581 0.02
