pedestrian 3 -1 -1 -10 0 0 0 0 1.75 1.0 0.65 -9.374201179938412 1.4172837623431498 -0.12271501554290101 -0.07
pedestrian 10 -1 -1 -10 0 0 0 0 1.8 0.52 0.62 -8.081806595020348 0.25179383070917355 0.014213637902200624 -0.05
pedestrian 12 -1 -1 -10 0 0 0 0 1.81 0.47 0.47 -0.6390181140926193 4.337809355357371 0.29166049858624454 -1.64
car 1 -1 -1 -10 0 0 0 0 1.79 2.65 1.95 5.461741820550889 0.8390539610065096 -0.3185352981456469 -3.02
pedestrian 14 -1 -1 -10 0 0 0 0 1.71 0.52 0.62 6.868585275255723 -1.4160453583187833 -0.23011271091380686 3.02
pedestrian 5 -1 -1 -10 0 0 0 0 1.97 0.37 0.66 -7.163435491305261 0.7350023056869187 0.016234917402158693 0.03
car 9 -1 -1 -10 0 0 0 0 2.25 4.93 2.31 -10.242410434583077 -2.615763458763143 0.04593492509205973 3.04
pedestrian 11 -1 -1 -10 0 0 0 0 1.77 0.44 0.57 -7.746061090254424 1.6129723666049445 -0.021394639873058962 -0.06
pedestrian 7 -1 -1 -10 0 0 0 0 1.74 0.66 0.71 2.558901275514626 0.5189329605284458 -0.03650814493786145 -0.55
pedestrian 15 -1 -1 -10 0 0 0 0 1.7 0.27 0.48 -1.1189565690399181 4.556132502362777 0.22537261926841343 -1.55
pedestrian 13 -1 -1 -10 0 0 0 0 1.78 0.63 0.67 6.726634806788322 -0.8165377049222404 -0.24197180113423727 3.04
