pedestrian 13 -1 -1 -10 0 0 0 0 1.77 0.44 0.67 3.327060202966811 -1.0484045794187151 -0.23647038649333568 -3.11
pedestrian 7 -1 -1 -10 0 0 0 0 1.74 0.52 0.72 3.331762513029633 -0.3183741203143758 -0.02639083713171696 -0.32
pedestrian 3 -1 -1 -10 0 0 0 0 1.81 0.19 0.39 -9.225200992344144 1.5878063243572578 -0.09076192584852548 -0.14
pedestrian 10 -1 -1 -10 0 0 0 0 2.02 0.34 0.62 -7.8393416572178065 -0.04736658524850987 -0.09262174696833667 -0.0
pedestrian 4 -1 -1 -10 0 0 0 0 1.81 0.31 0.4 -9.21337817765078 1.1778437287317158 -0.12060972711921981 -0.07
pedestrian 15 -1 -1 -10 0 0 0 0 1.62 0.41 0.57 -2.122267090217336 2.812617545108847 0.17223513789678596 -1.68
car 1 -1 -1 -10 0 0 0 0 1.83 2.65 1.95 4.381858362214432 0.7552845448654448 -0.312670033387995 -3.13
pedestrian 11 -1 -1 -10 0 0 0 0 1.71 0.25 0.32 -7.785769442388312 1.6428325577780694 -0.0519170210697403 -0.02
pedestrian 5 -1 -1 -10 0 0 0 0 2.05 0.43 0.58 -7.602487592454163 0.6234670892218633 -0.029516016630139422 -0.08
motorcycle 16 -1 -1 -10 0 0 0 0 1.77 2.03 0.86 -5.7425708757850815 1.2799557408317432 -0.18518379544881863 -1.62
pedestrian 12 -1 -1 -10 0 0 0 0 1.69 0.46 0.61 -1.5718289112220065 2.674538256315129 0.17944076837070563 -1.69
pedestrian 14 -1 -1 -10 0 0 0 0 1.87 0.47 0.65 3.6883534707675087 -1.5771447159678635 -0.1917373713492457 -3.13
