car 1 -1 -1 -10 0 0 0 0 1.52 3.48 1.95 2.025162893735896 1.677075848161414 -0.06349687668637222 -2.86
pedestrian 5 -1 -1 -10 0 0 0 0 1.9 0.57 0.7 -6.304394860203905 -1.46201723745728 -0.08252904950601776 0.05
pedestrian 14 -1 -1 -10 0 0 0 0 1.55 0.54 0.78 -1.543208566746315 -1.535401188410016 -0.1202102747268085 -2.88
pedestrian 11 -1 -1 -10 0 0 0 0 1.86 0.56 0.54 -7.015978829401386 -0.6545005347592786 -0.18185190510786076 0.08
pedestrian 12 -1 -1 -10 0 0 0 0 1.72 0.57 0.68 -2.87088842192446 0.46997890611404725 -0.07758541530419723 -0.08
pedestrian 7 -1 -1 -10 0 0 0 0 1.93 0.46 0.68 4.367094747586912 1.1452472623378307 -0.052841022950972934 0.28
pedestrian 13 -1 -1 -10 0 0 0 0 1.5 0.45 0.56 -2.084214837900923 -1.197288211570588 -0.1372932915612789 -2.79
pedestrian 10 -1 -1 -10 0 0 0 0 1.67 0.35 0.37 -7.742744308021945 -1.377044323806001 -0.2413700703638266 0.07
pedestrian 18 -1 -1 -10 0 0 0 0 1.86 0.66 0.77 2.0069124070130093 -6.593048300739273 -0.2837546381933271 1.34
pedestrian 15 -1 -1 -10 0 0 0 0 1.66 0.52 0.68 -3.2082045233166636 -0.14120419903838094 -0.12200455214633757 -0.13
car 17 -1 -1 -10 0 0 0 0 1.69 4.62 2.08 4.588637447365097 -1.3040047746265586 -0.27996057649223505 -2.89
