car 1 -1 -1 -10 0 0 0 0 1.79 2.65 1.95 5.30196592397205 0.7784958223206064 -0.32062687920473637 -3.05
pedestrian 13 -1 -1 -10 0 0 0 0 1.72 0.6 0.67 6.106333916277487 -0.8287018478762571 -0.22008941420639425 3.04
pedestrian 3 -1 -1 -10 0 0 0 0 1.81 0.42 0.67 -9.174507510083926 1.3879820753964607 -0.09009831181421186 -0.07
car 9 -1 -1 -10 0 0 0 0 2.17 4.93 2.31 -11.212146874677618 -2.5191499998701303 -0.006763047482728501 3.04
pedestrian 5 -1 -1 -10 0 0 0 0 2.05 0.37 0.63 -7.382752105253725 0.6942346060692579 -0.026639521533700087 0.03
pedestrian 7 -1 -1 -10 0 0 0 0 1.74 0.56 0.77 2.7396526354700823 0.29956261809847223 -0.034141980021985374 -0.4
pedestrian 11 -1 -1 -10 0 0 0 0 1.71 0.43 0.6 -7.74559859534003 1.5929724884517888 -0.05139115587597306 0.07
pedestrian 14 -1 -1 -10 0 0 0 0 1.78 0.62 0.62 6.328381754176066 -1.4579300663893158 -0.20718179198350076 3.02
pedestrian 10 -1 -1 -10 0 0 0 0 1.8 0.58 0.62 -7.991500722089872 0.16210853764734254 0.015395806535832546 -0.2
pedestrian 12 -1 -1 -10 0 0 0 0 1.81 0.46 0.56 -0.8278488626061565 4.007148142061408 0.2891885686805362 -1.77
pedestrian 15 -1 -1 -10 0 0 0 0 1.7 0.43 0.48 -1.3078222210770818 4.2354712281433935 0.222900232450552 -1.55
