car 1 -1 -1 -10 0 0 0 0 1.83 2.65 1.95 3.891973133742351 0.7335742475188294 -0.3190829823179628 -3.13
pedestrian 15 -1 -1 -10 0 0 0 0 1.73 0.35 0.54 -2.5695207267727835 2.2610501027602115 0.10637512628949176 -1.63
pedestrian 11 -1 -1 -10 0 0 0 0 1.81 0.45 0.62 -7.465667880022944 1.7939486523796095 -0.09773094606672089 0.15
pedestrian 13 -1 -1 -10 0 0 0 0 1.68 0.57 0.67 2.0865195108536025 -1.0527329871735926 -0.20270566973769588 3.12
motorcycle 16 -1 -1 -10 0 0 0 0 1.85 2.03 0.94 -6.327420851398778 -0.3320939348322813 -0.1528364738259948 -1.62
pedestrian 7 -1 -1 -10 0 0 0 0 1.99 0.42 0.72 3.592593806138683 -0.487465515248242 -0.0429780820620824 -0.08
pedestrian 5 -1 -1 -10 0 0 0 0 2.05 0.28 0.55 -7.492776914710264 0.7038505734901612 -0.028079825186608526 -0.08
pedestrian 12 -1 -1 -10 0 0 0 0 1.9 0.47 0.58 -1.9991890626648017 2.303039530373201 0.07383774955819708 -1.69
pedestrian 3 -1 -1 -10 0 0 0 0 1.81 0.45 0.66 -9.464646666963395 1.5469688117112923 -0.12389901182514518 -0.01
pedestrian 14 -1 -1 -10 0 0 0 0 1.82 0.4 0.41 2.4478214967930922 -1.6214728800290523 -0.14797168366925362 -3.13
pedestrian 10 -1 -1 -10 0 0 0 0 2.02 0.22 0.44 -8.159417003229883 -0.01848377647164775 -0.09681176276881148 -0.0
