pedestrian 10 -1 -1 -10 0 0 0 0 1.91 0.38 0.53 -7.921663310408152 -2.0576684982680384 -0.14370368042852671 0.23
pedestrian 15 -1 -1 -10 0 0 0 0 1.66 0.4 0.46 -3.2399469465706003 0.3586880352480576 -0.12242008322874194 -0.78
pedestrian 5 -1 -1 -10 0 0 0 0 1.9 0.66 0.62 -7.014329707589062 -1.4644955999620888 -0.09182260574180243 -0.08
pedestrian 3 -1 -1 -10 0 0 0 0 1.71 0.41 0.47 -10.064302807505245 -1.0651445846388272 -0.2217566518881374 0.1
car 17 -1 -1 -10 0 0 0 0 1.77 4.39 2.08 6.187164259704822 -1.068421133600909 -0.21903128704871694 -2.92
pedestrian 12 -1 -1 -10 0 0 0 0 1.67 0.45 0.64 -2.751719681923462 0.6303968095091207 -0.05602369744816016 -0.96
pedestrian 14 -1 -1 -10 0 0 0 0 1.702 0.6 0.52 0.39551396510594067 -1.1386317006779436 -0.11483272015166315 -3.11
motorcycle 16 -1 -1 -10 0 0 0 0 1.66 1.77 1.14 -8.640845944326056 -4.690200650941141 -0.2731285783934389 -2.55
pedestrian 13 -1 -1 -10 0 0 0 0 1.702 0.41 0.56 -0.20541699314663933 -0.820728041076585 -0.1327001941113304 3.1
pedestrian 7 -1 -1 -10 0 0 0 0 1.93 0.6 0.78 4.039009820064007 0.6040986372356002 -0.05713588991697391 0.16
car 1 -1 -1 -10 0 0 0 0 1.6 2.65 1.95 2.5259198236246334 1.5988216612564028 -0.09694503657958362 -2.84
pedestrian 4 -1 -1 -10 0 0 0 0 1.52 0.35 0.49 -9.702791338487083 -1.3938859396564174 -0.2470267779172891 0.27
pedestrian 11 -1 -1 -10 0 0 0 0 1.92 0.42 0.69 -7.1970879737003575 -0.44513013140588287 -0.1542201832843636 0.02
