pedestrian 13 -1 -1 -10 0 0 0 0 1.702 0.45 0.66 -1.424519726968838 -1.1249848081004952 -0.1286574095018181 -2.79
pedestrian 15 -1 -1 -10 0 0 0 0 1.66 0.48 0.67 -3.148349643265945 -0.10099500364715588 -0.12122100884544687 -0.49
pedestrian 11 -1 -1 -10 0 0 0 0 1.86 0.7 0.64 -7.036326029352726 -0.554570957021804 -0.18211826454589233 0.08
pedestrian 4 -1 -1 -10 0 0 0 0 1.6 0.35 0.49 -10.251693731474388 -1.5458048840834588 -0.2942157310417304 0.6
pedestrian 12 -1 -1 -10 0 0 0 0 1.72 0.52 0.7 -2.801034459516204 0.5102230080194246 -0.07667097684505604 -0.32
pedestrian 7 -1 -1 -10 0 0 0 0 1.93 0.64 0.78 4.178298902597001 0.8045861099652897 -0.055312495944528244 0.28
pedestrian 3 -1 -1 -10 0 0 0 0 1.71 0.41 0.47 -10.563707187142885 -1.1868891792653737 -0.2382950701305652 0.22
pedestrian 5 -1 -1 -10 0 0 0 0 1.9 0.73 0.7 -6.534164333285507 -1.5228197217422488 -0.08553689667286064 0.05
car 17 -1 -1 -10 0 0 0 0 1.77 4.39 2.08 5.0180395013927255 -1.2925038554414345 -0.2343359684966568 -2.89
pedestrian 18 -1 -1 -10 0 0 0 0 1.86 0.58 0.66 2.09746260460887 -6.7527331673371505 -0.2825692711746237 1.23
pedestrian 14 -1 -1 -10 0 0 0 0 1.702 0.54 0.68 -0.8336750943986336 -1.3429239834502271 -0.13092368637341206 -2.88
car 1 -1 -1 -10 0 0 0 0 1.52 2.65 1.95 1.8955936653714272 1.5566227945585003 -0.06519303079779186 -2.85
