car 1 -1 -1 -10 0 0 0 0 1.79 2.65 1.95 5.062127561485657 0.7376583096746412 -0.32376653535413585 -3.13
pedestrian 12 -1 -1 -10 0 0 0 0 1.81 0.46 0.53 -1.0164352864543083 3.6064873552293992 0.28671983715989924 -1.72
car 9 -1 -1 -10 0 0 0 0 2.17 4.93 2.31 -12.212229628049494 -2.4726409559024645 -0.019854847868542618 3.04
pedestrian 15 -1 -1 -10 0 0 0 0 1.7 0.43 0.48 -1.4271131388950011 4.035053568442008 0.2213386287946073 -1.55
pedestrian 14 -1 -1 -10 0 0 0 0 1.87 0.47 0.62 5.587969697557861 -1.5105128438194708 -0.16687003275457127 -3.03
pedestrian 7 -1 -1 -10 0 0 0 0 1.74 0.56 0.77 2.809995247209109 0.19980757293175885 -0.03322114479270138 -0.48
pedestrian 11 -1 -1 -10 0 0 0 0 1.71 0.43 0.51 -7.905688623631508 1.6224138014550866 -0.05348684914444005 -0.02
pedestrian 5 -1 -1 -10 0 0 0 0 2.05 0.39 0.63 -7.512775079425338 0.7037807604618568 -0.02834161550310949 0.03
pedestrian 10 -1 -1 -10 0 0 0 0 1.8 0.36 0.62 -7.771206778511409 0.07287702926949065 0.018279612226720813 -0.2
pedestrian 13 -1 -1 -10 0 0 0 0 1.74 0.57 0.67 5.3265887281464925 -0.9214240076693327 -0.22029598106481474 -3.06
