pedestrian 10 -1 -1 -10 0 0 0 0 1.91 0.67 0.57 -8.103706100737787 -1.4683004100046826 -0.14608675109406594 -0.0
pedestrian 3 -1 -1 -10 0 0 0 0 1.71 0.38 0.57 -9.857376151798505 -0.2644164217153978 -0.19904611998564165 -0.01
car 1 -1 -1 -10 0 0 0 0 1.73 2.65 1.95 2.917393667160238 1.4301840510065156 -0.16182636083139307 -2.91
pedestrian 12 -1 -1 -10 0 0 0 0 1.65 0.49 0.58 -2.6332053597641174 1.090812885201531 -0.06447311678393505 -1.32
motorcycle 16 -1 -1 -10 0 0 0 0 1.85 2.08 0.94 -7.986098477547054 -3.5379038272006342 -0.17454975336484774 -2.16
pedestrian 5 -1 -1 -10 0 0 0 0 1.83 0.54 0.62 -7.28636420816808 -0.7254425841774342 -0.13538715961685222 -0.08
car 17 -1 -1 -10 0 0 0 0 1.77 4.09 2.08 6.678899374929108 -1.5767076073129225 -0.21259412177463705 -2.99
pedestrian 15 -1 -1 -10 0 0 0 0 1.66 0.63 0.54 -3.1614900427498664 0.7989646067307032 -0.1213930260974726 -1.12
pedestrian 14 -1 -1 -10 0 0 0 0 1.702 0.43 0.3 1.0139823432052435 -0.9764684715752586 -0.036730528004401325 -3.1
pedestrian 13 -1 -1 -10 0 0 0 0 1.702 0.55 0.56 0.48382155711400066 -0.9183188823658598 -0.043670712864595555 3.1
pedestrian 11 -1 -1 -10 0 0 0 0 1.92 0.63 0.69 -7.309556029810749 0.2644815713754737 -0.1556924707879861 -0.16
pedestrian 7 -1 -1 -10 0 0 0 0 1.93 0.58 0.78 4.080437193962843 0.1942407611525151 -0.05659357588569657 0.09
