pedestrian 14 -1 -1 -10 0 0 0 0 1.702 0.39 0.38 -0.27445945637269376 -1.1309704980495656 -0.12360315266659894 -3.11
motorcycle 16 -1 -1 -10 0 0 0 0 1.66 1.77 0.9 -9.918634274673257 -5.294665029347302 -0.28985574392031793 -2.81
pedestrian 3 -1 -1 -10 0 0 0 0 1.71 0.41 0.47 -10.22394780812837 -1.1257027233247305 -0.23384737622296695 0.22
car 17 -1 -1 -10 0 0 0 0 1.77 4.39 2.08 5.527469148772737 -1.1407245370710017 -0.22766716910817777 -2.89
pedestrian 12 -1 -1 -10 0 0 0 0 1.72 0.43 0.7 -2.771141923014471 0.5403275447916149 -0.07627966210676375 -0.63
pedestrian 13 -1 -1 -10 0 0 0 0 1.702 0.5 0.62 -0.7545986452914153 -1.042646559039672 -0.13988937574773996 -3.01
pedestrian 4 -1 -1 -10 0 0 0 0 1.52 0.35 0.49 -9.972522237475207 -1.464827989074573 -0.2505577488049809 0.27
pedestrian 15 -1 -1 -10 0 0 0 0 1.66 0.58 0.54 -3.3093122596480855 0.1784447862705896 -0.12332812491774031 -0.61
car 1 -1 -1 -10 0 0 0 0 1.52 2.65 1.95 2.125432945500282 1.5974254006903132 -0.062184269806642864 -2.81
pedestrian 7 -1 -1 -10 0 0 0 0 1.93 0.84 0.78 4.198471584930209 0.7546562276107046 -0.05504842106726197 0.28
pedestrian 11 -1 -1 -10 0 0 0 0 1.86 0.62 0.64 -7.146664970521903 -0.4549555379116995 -0.1835626804081783 0.08
pedestrian 5 -1 -1 -10 0 0 0 0 1.9 0.65 0.73 -6.814173542820182 -1.5137971650619337 -0.08920241801602738 0.05
