car 1 -1 -1 -10 0 0 0 0 1.83 2.65 1.95 4.69176010825084 0.77636652495732 -0.30861319730653597 -3.13
pedestrian 12 -1 -1 -10 0 0 0 0 1.69 0.55 0.56 -1.4038602283438704 3.0651292910422554 0.231643882865695 -1.69
pedestrian 13 -1 -1 -10 0 0 0 0 1.77 0.47 0.67 3.9866506033280165 -0.9461013587188882 -0.22783587517033405 -3.11
motorcycle 16 -1 -1 -10 0 0 0 0 1.77 2.03 0.86 -5.675997844597715 2.2601941159354433 -0.18431230673206492 -1.54
pedestrian 4 -1 -1 -10 0 0 0 0 1.81 0.31 0.4 -9.123386436432941 1.1781578873590859 -0.1194316706949654 -0.07
pedestrian 3 -1 -1 -10 0 0 0 0 1.81 0.23 0.39 -9.085074225244114 1.5482952592490773 -0.08892756598440639 -0.14
pedestrian 15 -1 -1 -10 0 0 0 0 1.62 0.22 0.51 -1.9035787087256926 3.183383234253579 0.17509792562863355 -1.68
pedestrian 5 -1 -1 -10 0 0 0 0 2.05 0.43 0.63 -7.5627355876893985 0.6936062888145177 -0.02899563438220887 -0.08
pedestrian 11 -1 -1 -10 0 0 0 0 1.71 0.38 0.51 -7.825870482389341 1.6726927489511942 -0.052441972439201436 -0.02
pedestrian 7 -1 -1 -10 0 0 0 0 1.74 0.55 0.77 3.1613243671443523 -0.1889683230594511 -0.028621994679965016 -0.43
pedestrian 14 -1 -1 -10 0 0 0 0 1.87 0.58 0.59 4.428285565225278 -1.574561633920598 -0.18205112963870956 3.1
pedestrian 10 -1 -1 -10 0 0 0 0 2.02 0.4 0.62 -7.669392160663296 -0.03677323543134393 -0.09039698619023143 -0.1
