pedestrian 15 -1 -1 -10 0 0 0 0 1.7 0.43 0.48 -1.59598062621709 3.714462107250927 0.21912803229324687 -1.68
pedestrian 13 -1 -1 -10 0 0 0 0 1.74 0.57 0.67 4.976655749156309 -0.9326456747412389 -0.2248768546914288 3.14
pedestrian 3 -1 -1 -10 0 0 0 0 1.81 0.31 0.39 -9.105037486435561 1.538225507144195 -0.08918889938875431 -0.07
pedestrian 12 -1 -1 -10 0 0 0 0 1.81 0.46 0.53 -1.0961138136019692 3.5162086514269806 0.28567678810327285 -1.79
pedestrian 5 -1 -1 -10 0 0 0 0 2.05 0.43 0.63 -7.552666698284608 0.673641317175514 -0.02886382539965227 -0.08
pedestrian 10 -1 -1 -10 0 0 0 0 1.8 0.36 0.62 -7.771206778511409 0.07287702926949065 0.018279612226720813 -0.1
pedestrian 14 -1 -1 -10 0 0 0 0 1.87 0.48 0.62 5.268068869163916 -1.5316297304254982 -0.1710577639942808 -3.03
pedestrian 7 -1 -1 -10 0 0 0 0 1.74 0.56 0.77 3.0204297225245393 0.07054140173344309 -0.030466406611451367 -0.58
pedestrian 4 -1 -1 -10 0 0 0 0 1.81 0.31 0.33 -9.083564624620925 1.2282972087985844 -0.11891037462272874 -0.07
car 1 -1 -1 -10 0 0 0 0 1.79 2.65 1.95 4.93224420140855 0.7072047077609283 -0.325466801674933 -3.13
pedestrian 11 -1 -1 -10 0 0 0 0 1.71 0.38 0.51 -8.025712515445584 1.6319948623618377 -0.05505804795559895 -0.02
