pedestrian 7 -1 -1 -10 0 0 0 0 1.93 0.41 0.66 5.476329722324664 1.3391207278637094 -0.03832034171607684 -0.19
pedestrian 24 -1 -1 -10 0 0 0 0 1.76 0.42 0.55 -4.057723532410053 -5.764206826806408 -0.19313050593855177 -2.83
car 17 -1 -1 -10 0 0 0 0 1.84 4.38 2.27 -5.2215532275926195 -1.7382456280730194 -0.21836672801078044 3.03
car 20 -1 -1 -10 0 0 0 0 1.53 4.74 2.16 2.5221171106514437 -1.9912262802633691 -0.37701880715385866 -3.12
pedestrian 19 -1 -1 -10 0 0 0 0 1.84 0.43 0.62 -4.8772119452301075 -5.667069770201112 -0.26386333769106285 -2.8
pedestrian 15 -1 -1 -10 0 0 0 0 1.74 0.26 0.4 -3.748992624222264 0.24690847318393652 -0.16908728336879347 -0.47
pedestrian 12 -1 -1 -10 0 0 0 0 1.76 0.44 0.52 -3.200901761385615 0.518826686529913 -0.0919063833629687 -0.28
pedestrian 5 -1 -1 -10 0 0 0 0 2.04 0.45 0.48 -5.251062772822422 0.16167298344847766 0.0012658204299190684 0.05
pedestrian 23 -1 -1 -10 0 0 0 0 2.11 0.5 0.7 -3.3168053901834926 -5.931622709060966 -0.21343392654863386 1.08
pedestrian 18 -1 -1 -10 0 0 0 0 1.83 0.41 0.74 -5.090054763675766 -4.847807802718921 -0.26664960281087385 -2.94
car 1 -1 -1 -10 0 0 0 0 1.44 4.24 1.95 -0.7236336103417332 1.5074775315443023 -0.1294831644380278 -3.11
