pedestrian 12 -1 -1 -10 0 0 0 0 1.9 0.37 0.56 -1.8895481919681547 2.403422892794654 0.07527302717742188 -1.69
pedestrian 15 -1 -1 -10 0 0 0 0 1.73 0.35 0.54 -2.4300571266216564 2.4115378801070113 0.10820080482270274 -1.68
pedestrian 5 -1 -1 -10 0 0 0 0 2.05 0.28 0.41 -7.492776914710264 0.7038505734901612 -0.028079825186608526 -0.08
pedestrian 14 -1 -1 -10 0 0 0 0 1.83 0.47 0.51 2.767652518139784 -1.5803561152698693 -0.14378486625385023 -3.13
motorcycle 16 -1 -1 -10 0 0 0 0 1.77 2.03 0.86 -6.138310843727773 0.06856685199972742 -0.19036431540831814 -1.62
pedestrian 13 -1 -1 -10 0 0 0 0 1.68 0.57 0.67 2.4464864757249503 -1.051476352664112 -0.19799344404067828 3.12
pedestrian 11 -1 -1 -10 0 0 0 0 1.71 0.32 0.54 -7.5566282327319865 1.8836339454414404 -0.04891739832165246 0.2
car 1 -1 -1 -10 0 0 0 0 1.83 2.65 1.95 4.0520282585102025 0.7141328735921093 -0.31698774596164886 -3.13
pedestrian 3 -1 -1 -10 0 0 0 0 1.81 0.45 0.66 -9.405140822148942 1.6871773978682962 -0.12312003764578505 -0.01
pedestrian 10 -1 -1 -10 0 0 0 0 2.02 0.22 0.68 -8.059181854989125 -0.0881342848661707 -0.09549961280123519 -0.0
pedestrian 7 -1 -1 -10 0 0 0 0 1.99 0.46 0.72 3.5225653261122947 -0.47770992177072974 -0.043894805081988876 -0.32
