pedestrian 24 -1 -1 -10 0 0 0 0 1.76 0.42 0.63 -4.227742836011816 -5.754800298470418 -0.19535618054096313 -2.83
pedestrian 23 -1 -1 -10 0 0 0 0 2.11 0.5 0.7 -3.4371085101865804 -5.842042135541592 -0.21500878065701723 1.26
pedestrian 19 -1 -1 -10 0 0 0 0 1.95 0.43 0.7 -5.157971626975436 -5.668047152597375 -0.20753354246763608 -2.91
car 20 -1 -1 -10 0 0 0 0 1.62 4.74 2.16 1.7712784112533915 -1.88384493898243 -0.34684439695336866 -3.12
pedestrian 5 -1 -1 -10 0 0 0 0 2.04 0.45 0.45 -5.32119596341969 0.20142839415572364 0.00034772667355340904 -0.07
pedestrian 7 -1 -1 -10 0 0 0 0 1.93 0.51 0.56 5.426543731678735 1.278946560833481 -0.038972076034410934 -0.15
pedestrian 18 -1 -1 -10 0 0 0 0 1.83 0.41 0.74 -5.400061220283052 -4.838889965581062 -0.27070780962879204 -2.94
car 1 -1 -1 -10 0 0 0 0 1.44 4.24 1.95 -1.1134582081911872 1.4661164211860536 -0.1345862479611846 -3.11
pedestrian 12 -1 -1 -10 0 0 0 0 1.76 0.52 0.52 -3.3007180673428564 0.46847792600550103 -0.0932130503847083 -0.14
car 17 -1 -1 -10 0 0 0 0 1.84 4.38 2.27 -5.741296089042806 -1.8000604012684034 -0.22517053476688748 3.03
