pedestrian 3 -1 -1 -10 0 0 0 0 1.71 0.41 0.47 -10.443822909423314 -1.1564704838658133 -0.2367256989680185 0.22
car 17 -1 -1 -10 0 0 0 0 1.77 4.39 2.08 5.307733661572299 -1.2114920539183964 -0.2305436642046171 -2.89
pedestrian 14 -1 -1 -10 0 0 0 0 1.702 0.54 0.61 -0.4938808118604934 -1.2917374665861616 -0.12647553555366076 -2.88
pedestrian 12 -1 -1 -10 0 0 0 0 1.72 0.43 0.7 -2.7910702806822933 0.5202578536101548 -0.07654053859895861 -0.56
pedestrian 4 -1 -1 -10 0 0 0 0 1.6 0.35 0.49 -10.111776385516118 -1.525316314732172 -0.29238411265052966 0.55
pedestrian 15 -1 -1 -10 0 0 0 0 1.66 0.37 0.59 -3.2787565561974494 0.01855048058779987 -0.12292812884853992 -0.49
pedestrian 11 -1 -1 -10 0 0 0 0 1.86 0.43 0.64 -7.0063287822801135 -0.5544662374793473 -0.18172557907114087 0.08
pedestrian 7 -1 -1 -10 0 0 0 0 1.93 0.64 0.78 4.178298902597001 0.8045861099652897 -0.055312495944528244 0.28
car 1 -1 -1 -10 0 0 0 0 1.52 2.65 1.95 2.035406300758819 1.6071111811395211 -0.06336278314305031 -2.84
pedestrian 5 -1 -1 -10 0 0 0 0 1.9 0.65 0.73 -6.7042185404108965 -1.5034132543296812 -0.08776302818742507 0.05
pedestrian 13 -1 -1 -10 0 0 0 0 1.702 0.5 0.66 -1.0747263620731606 -1.0737633847222774 -0.12407836352381628 -2.79
