pedestrian 14 -1 -1 -10 0 0 0 0 1.79 0.62 0.72 -4.29145536355317 -1.974997860094731 -0.15618679602311128 -2.99
car 1 -1 -1 -10 0 0 0 0 1.69 4.24 1.95 1.2951775418344522 1.7645271243175018 -0.09305462199951553 -2.86
pedestrian 18 -1 -1 -10 0 0 0 0 1.93 0.31 0.57 0.872504735019301 -5.716998098099621 -0.1885954233119606 2.25
pedestrian 15 -1 -1 -10 0 0 0 0 1.66 0.43 0.69 -3.1077599539341447 -0.27085434189237134 -0.12068966070584292 0.09
pedestrian 5 -1 -1 -10 0 0 0 0 1.9 0.46 0.64 -5.826149179699806 -0.9703447100256553 -0.07626847060549417 0.27
pedestrian 13 -1 -1 -10 0 0 0 0 1.67 0.57 0.64 -4.403618006089716 -1.315385852696264 -0.16765594224170857 -2.95
pedestrian 7 -1 -1 -10 0 0 0 0 1.93 0.62 0.74 4.595223755058068 1.6760468832219613 -0.049854650655323796 0.43
car 20 -1 -1 -10 0 0 0 0 1.36 3.77 1.8 9.673772647248537 0.5737513093204204 -0.37340621901504645 -2.96
pedestrian 12 -1 -1 -10 0 0 0 0 1.7 0.53 0.65 -2.900370834281468 0.35987485672923364 -0.08797221802100513 -0.36
car 17 -1 -1 -10 0 0 0 0 1.72 5.15 2.08 2.578961445657666 -1.6510189125748072 -0.22626182208145867 -2.89
