pedestrian 7 -1 -1 -10 0 0 0 0 1.93 0.66 0.78 4.019779532868714 0.3840301645225819 -0.05738762816610761 0.14
car 1 -1 -1 -10 0 0 0 0 1.68 2.65 1.95 2.7368429792392917 1.4795554291346649 -0.13418732841344694 -2.91
pedestrian 15 -1 -1 -10 0 0 0 0 1.66 0.44 0.54 -3.230890259350978 0.6287212968298133 -0.12230152469862403 -0.99
car 17 -1 -1 -10 0 0 0 0 1.77 4.39 2.08 6.3877741702808475 -1.2477219066962666 -0.21640515946495215 -2.92
pedestrian 11 -1 -1 -10 0 0 0 0 1.92 0.63 0.69 -7.288301338245121 -0.09544642235302633 -0.15541423163397503 -0.16
pedestrian 13 -1 -1 -10 0 0 0 0 1.702 0.41 0.56 0.22461335527472318 -0.8392269391211947 -0.12707078848225328 3.1
pedestrian 12 -1 -1 -10 0 0 0 0 1.65 0.57 0.58 -2.6724338116744843 0.8706745994602082 -0.06498664534956972 -1.32
pedestrian 4 -1 -1 -10 0 0 0 0 1.52 0.35 0.35 -9.723627187769193 -1.1539572148468522 -0.2472995341254635 0.27
pedestrian 5 -1 -1 -10 0 0 0 0 1.83 0.66 0.62 -7.09477608128805 -1.1847765579311251 -0.13287913365105225 -0.08
pedestrian 10 -1 -1 -10 0 0 0 0 1.91 0.38 0.53 -8.012562543240277 -1.7979842409043834 -0.14489361656876062 0.23
pedestrian 3 -1 -1 -10 0 0 0 0 1.71 0.41 0.57 -9.965734310259764 -0.6947977736639223 -0.2104654627795556 0.1
motorcycle 16 -1 -1 -10 0 0 0 0 1.66 1.97 1.14 -8.223083407297954 -4.058738415522339 -0.2676597672125611 -2.3
pedestrian 14 -1 -1 -10 0 0 0 0 1.702 0.6 0.52 0.7453422335252448 -1.0974102163763038 -0.1102532172615083 -3.11
