pedestrian 7 -1 -1 -10 0 0 0 0 1.74 0.95 0.77 2.659241134326265 0.41928263490418916 -0.03519462423382598 -0.51
pedestrian 10 -1 -1 -10 0 0 0 0 1.8 0.62 0.62 -8.031636665614528 0.20196866789704523 0.014870398254218365 -0.05
pedestrian 15 -1 -1 -10 0 0 0 0 1.7 0.43 0.48 -1.1886360138300418 4.465888705074511 0.22446046537003753 -1.55
pedestrian 11 -1 -1 -10 0 0 0 0 1.71 0.44 0.6 -7.75566748474482 1.6129374600907922 -0.05152296485852966 -0.16
pedestrian 12 -1 -1 -10 0 0 0 0 1.81 0.52 0.64 -0.7285910130269383 4.217495927811066 0.29048792510782684 -1.64
pedestrian 3 -1 -1 -10 0 0 0 0 1.81 0.64 0.9 -9.374175025522035 1.297284493424215 -0.0927121027698441 -0.07
car 9 -1 -1 -10 0 0 0 0 2.25 4.93 2.31 -10.772571220674317 -2.5576138695537436 0.03899474023186549 3.04
pedestrian 5 -1 -1 -10 0 0 0 0 2.05 0.37 0.63 -7.242939469866334 0.7447229926502787 -0.02480927387895854 0.03
pedestrian 14 -1 -1 -10 0 0 0 0 1.71 0.52 0.62 6.568612804529598 -1.4170925537433505 -0.23403956566132153 3.02
pedestrian 13 -1 -1 -10 0 0 0 0 1.78 0.41 0.67 6.3567385666066905 -0.837829124099029 -0.24681400816519924 3.04
car 1 -1 -1 -10 0 0 0 0 1.79 2.65 1.95 5.4316747664310245 0.8589491196172088 -0.3189288974447045 -3.05
