pedestrian 24 -1 -1 -10 0 0 0 0 1.7 0.49 0.46 -3.647263757312999 -5.7927754769558994 -0.2177598635410428 2.79
car 1 -1 -1 -10 0 0 0 0 1.53 4.24 1.95 -0.47424122413461167 1.4883503162449527 -0.07621415527875912 -3.11
pedestrian 18 -1 -1 -10 0 0 0 0 1.75 0.35 0.55 -4.459266141476623 -4.975607900322843 -0.2883946978103235 2.99
car 17 -1 -1 -10 0 0 0 0 1.76 4.38 2.27 -4.250874330423249 -1.804859269736298 -0.24566327237837193 3.09
pedestrian 19 -1 -1 -10 0 0 0 0 1.84 0.49 0.45 -4.297474589634695 -5.605045557920814 -0.25627415998545283 -3.1
pedestrian 12 -1 -1 -10 0 0 0 0 1.76 0.44 0.52 -3.11118924835679 0.5991403577699064 -0.09073198223593877 -0.28
pedestrian 22 -1 -1 -10 0 0 0 0 1.62 0.26 0.39 4.744401054986705 -5.523490373744303 -0.3579283735540582 2.33
car 20 -1 -1 -10 0 0 0 0 1.53 4.74 2.16 2.9321492943577314 -2.009794991336283 -0.3716511918412825 -3.12
pedestrian 21 -1 -1 -10 0 0 0 0 1.84 0.33 0.57 4.223480129935098 -5.585305146939686 -0.27473989082850464 1.13
pedestrian 5 -1 -1 -10 0 0 0 0 2.04 0.64 0.48 -5.271060937537497 0.1616031704201732 0.0010040301134180923 0.05
pedestrian 23 -1 -1 -10 0 0 0 0 2.17 0.32 0.7 -3.205759629434538 -6.1212375798602725 -0.24198282830419057 1.17
pedestrian 15 -1 -1 -10 0 0 0 0 1.74 0.49 0.44 -3.5592892876180646 0.32757120956545227 -0.16660393065925866 -0.06
pedestrian 7 -1 -1 -10 0 0 0 0 1.93 0.68 0.66 5.585900785974057 1.4595039684383189 -0.03688597792115817 0.02
