pedestrian 7 -1 -1 -10 0 0 0 0 1.99 0.53 0.61 3.602278756783582 -0.3974311570448886 -0.04285129911320943 -0.08
motorcycle 16 -1 -1 -10 0 0 0 0 1.85 1.95 0.94 -6.605266042468611 -0.9430676008997961 -0.15647366661567194 -1.71
pedestrian 12 -1 -1 -10 0 0 0 0 1.9 0.47 0.58 -2.188578267556363 2.132377342302484 0.0713585090580398 -1.5
pedestrian 15 -1 -1 -10 0 0 0 0 1.74 0.41 0.46 -2.6172385984805864 2.02087703235158 -0.00425895964322806 -1.63
pedestrian 14 -1 -1 -10 0 0 0 0 1.82 0.35 0.48 2.087575303732733 -1.5427300019259098 -0.15268756466349565 -3.13
pedestrian 10 -1 -1 -10 0 0 0 0 2.02 0.25 0.54 -8.188402048117327 -0.3085867292348637 -0.09719119779112424 -0.0
pedestrian 13 -1 -1 -10 0 0 0 0 1.68 0.57 0.67 1.796476315437764 -1.0337453979308515 -0.20650254315126615 3.06
pedestrian 5 -1 -1 -10 0 0 0 0 2.05 0.54 0.62 -7.591999860765855 0.483502848663925 -0.029378724701746118 -0.08
pedestrian 3 -1 -1 -10 0 0 0 0 1.81 0.58 0.76 -9.563660191877227 1.2666214524255885 -0.12519516986736443 -0.01
car 17 -1 -1 -10 0 0 0 0 1.54 4.09 2.08 7.713525644489201 -2.513106509553565 -0.30905954676559005 3.14
car 1 -1 -1 -10 0 0 0 0 1.83 2.65 1.95 3.7486176203803603 0.8730847033927887 -0.10094075923733092 -3.06
pedestrian 11 -1 -1 -10 0 0 0 0 1.81 0.45 0.65 -7.3947319083822665 1.5241946429110718 -0.0968023433308349 0.02
