pedestrian 5 -1 -1 -10 0 0 0 0 1.9 0.57 0.7 -6.3542506578970865 -1.5021915263343528 -0.08318169764865797 0.05
pedestrian 10 -1 -1 -10 0 0 0 0 1.67 0.35 0.4 -7.7525339692377235 -1.4370788647796204 -0.24149822404915874 0.07
pedestrian 15 -1 -1 -10 0 0 0 0 1.66 0.55 0.68 -3.1281769609327377 -0.15092488600174095 -0.1209569339681806 -0.3
pedestrian 12 -1 -1 -10 0 0 0 0 1.72 0.62 0.7 -2.820858106613146 0.46015349960823054 -0.07693048260079173 -0.16
pedestrian 3 -1 -1 -10 0 0 0 0 1.71 0.41 0.47 -10.663523493100126 -1.2372379397897857 -0.2396017371523048 0.22
pedestrian 13 -1 -1 -10 0 0 0 0 1.702 0.45 0.66 -1.785263349435674 -1.1662411989162873 -0.06337380462004294 -2.79
pedestrian 14 -1 -1 -10 0 0 0 0 1.702 0.54 0.78 -1.194078399767997 -1.4441800087254866 -0.07563648329445864 -2.88
pedestrian 18 -1 -1 -10 0 0 0 0 1.86 0.73 0.73 2.0268058611572046 -6.562978670481236 -0.2834942186132853 1.34
pedestrian 4 -1 -1 -10 0 0 0 0 1.6 0.39 0.42 -10.411504531576856 -1.5963630836927842 -0.2963077690129729 0.72
car 17 -1 -1 -10 0 0 0 0 1.77 4.39 2.08 4.68806978359399 -1.2936557704084584 -0.23865550871892294 -2.89
pedestrian 11 -1 -1 -10 0 0 0 0 1.86 0.7 0.64 -7.026152429377056 -0.6045357458905412 -0.18198508482687656 0.08
car 1 -1 -1 -10 0 0 0 0 1.52 2.65 1.95 1.7554668982713975 1.5961338596666805 -0.06702739066191093 -2.86
pedestrian 7 -1 -1 -10 0 0 0 0 1.93 0.64 0.68 4.247768926245366 0.9548295417130238 -0.054403083519070694 0.28
