motorcycle 16 -1 -1 -10 0 0 0 0 1.85 2.08 0.94 -7.518480142825769 -2.866267302904759 -0.1684282940413297 -2.04
car 17 -1 -1 -10 0 0 0 0 1.77 4.09 2.08 6.859650734884563 -1.796077949742896 -0.21022795685876097 -3.03
pedestrian 7 -1 -1 -10 0 0 0 0 1.93 0.77 0.78 3.921080139667521 0.01368335354767703 -0.058679673998949335 -0.01
pedestrian 15 -1 -1 -10 0 0 0 0 1.67 0.48 0.54 -3.092953696100624 1.1792066372397292 -0.11049497937579532 -1.17
pedestrian 12 -1 -1 -10 0 0 0 0 1.65 0.49 0.58 -2.544225820731449 1.3811252770496603 -0.06330831081211934 -1.43
car 1 -1 -1 -10 0 0 0 0 1.73 2.65 1.95 3.1280026600938005 1.2509181844253103 -0.1590693380893778 -2.99
pedestrian 5 -1 -1 -10 0 0 0 0 1.89 0.54 0.62 -7.40793260412897 -0.3858635337436124 -0.10697600670184185 -0.08
pedestrian 14 -1 -1 -10 0 0 0 0 1.702 0.35 0.3 1.2943842406070585 -0.9854910282555739 -0.0630624364884548 -3.1
pedestrian 11 -1 -1 -10 0 0 0 0 1.92 0.51 0.69 -7.380910843734944 0.6542348497629463 -0.15662655646970877 0.02
pedestrian 10 -1 -1 -10 0 0 0 0 1.91 0.67 0.54 -8.125344731063308 -0.9983730864338256 -0.14637001628176066 -0.0
pedestrian 13 -1 -1 -10 0 0 0 0 1.702 0.55 0.56 0.8236856466993939 -0.88713224365495 -0.03922164822053813 3.1
pedestrian 3 -1 -1 -10 0 0 0 0 1.71 0.31 0.62 -9.839219155696838 0.225650406065224 -0.18880757508890048 -0.01
