pedestrian 15 -1 -1 -10 0 0 0 0 1.7 0.43 0.48 -1.3674676799860415 4.135262398292699 0.22211943062257966 -1.55
pedestrian 10 -1 -1 -10 0 0 0 0 1.8 0.32 0.62 -7.871232505610411 0.08252790320454617 0.01697020373206286 -0.2
pedestrian 7 -1 -1 -10 0 0 0 0 1.74 0.56 0.77 2.7298629742543037 0.2395280771248526 -0.03427013370731752 -0.48
pedestrian 5 -1 -1 -10 0 0 0 0 2.05 0.37 0.63 -7.4428513099698295 0.7240249842140781 -0.0274262632196622 0.03
car 9 -1 -1 -10 0 0 0 0 2.17 4.93 2.31 -11.65224611250377 -2.480686130186517 -0.012524262094362203 3.04
pedestrian 3 -1 -1 -10 0 0 0 0 1.81 0.42 0.67 -9.174507510083926 1.3879820753964607 -0.09009831181421186 -0.07
pedestrian 13 -1 -1 -10 0 0 0 0 1.74 0.57 0.67 5.766338930736381 -0.8598884865871669 -0.2145393355747116 -3.06
pedestrian 14 -1 -1 -10 0 0 0 0 1.87 0.7 0.62 6.037998210694299 -1.528941928835776 -0.16097883680899316 -3.14
pedestrian 12 -1 -1 -10 0 0 0 0 1.81 0.46 0.53 -0.9272463262798806 3.8368001126180613 0.2878873846046333 -1.72
car 1 -1 -1 -10 0 0 0 0 1.79 2.65 1.95 5.30196592397205 0.7784958223206064 -0.32062687920473637 -3.05
pedestrian 11 -1 -1 -10 0 0 0 0 1.71 0.43 0.6 -7.805593089485254 1.5927630493668754 -0.05217652682547599 0.07
