pedestrian 4 -1 -1 -10 0 0 0 0 1.81 0.31 0.33 -9.113492064646284 1.208192611102972 -0.11930214627317409 -0.07
car 1 -1 -1 -10 0 0 0 0 1.83 2.65 1.95 4.791750931826214 0.7767155900988424 -0.3073042457240311 -3.13
pedestrian 7 -1 -1 -10 0 0 0 0 1.74 0.74 0.77 3.0811571906659205 -0.13924787978977946 -0.029671440506734214 -0.6
pedestrian 14 -1 -1 -10 0 0 0 0 1.87 0.43 0.62 4.678053203021955 -1.5136893366073245 -0.1787814921553657 3.1
pedestrian 3 -1 -1 -10 0 0 0 0 1.81 0.31 0.39 -9.115106375840352 1.5581904787831986 -0.08932070837131091 -0.14
motorcycle 16 -1 -1 -10 0 0 0 0 1.77 1.89 0.86 -5.5973664231588485 2.6504709920351996 -0.18328296504003028 -1.54
pedestrian 15 -1 -1 -10 0 0 0 0 1.7 0.22 0.48 -1.7747773888494631 3.373835861392538 0.21678745445794206 -1.68
pedestrian 5 -1 -1 -10 0 0 0 0 2.05 0.43 0.63 -7.5627355876893985 0.6936062888145177 -0.02899563438220887 -0.08
pedestrian 12 -1 -1 -10 0 0 0 0 1.69 0.55 0.56 -1.2745004211211606 3.2455819791046365 0.2333372955041963 -1.79
pedestrian 10 -1 -1 -10 0 0 0 0 2.02 0.4 0.62 -7.689634650043757 0.033156525076396916 -0.09066197489180382 -0.1
pedestrian 13 -1 -1 -10 0 0 0 0 1.77 0.47 0.67 4.366650636438067 -0.9547748502576812 -0.22286140224466242 3.14
pedestrian 11 -1 -1 -10 0 0 0 0 1.71 0.38 0.51 -7.915827320083552 1.662378651247246 -0.05361957195130277 -0.02
