pedestrian 4 -1 -1 -10 0 0 0 0 1.81 0.31 0.33 -9.063531556382223 1.218367082750311 -0.11864812739407472 -0.07
pedestrian 15 -1 -1 -10 0 0 0 0 1.7 0.39 0.48 -1.6953082828435608 3.524114199654424 0.21782776204165008 -1.68
pedestrian 7 -1 -1 -10 0 0 0 0 1.74 0.74 0.77 3.0306731295474623 0.0005767347115500028 -0.030332313068129477 -0.6
pedestrian 12 -1 -1 -10 0 0 0 0 1.69 0.48 0.53 -1.2147502516413213 3.3157909917255957 0.23411946806862782 -1.79
pedestrian 13 -1 -1 -10 0 0 0 0 1.74 0.47 0.67 4.746746661980201 -0.9534484027198962 -0.2278865295068839 3.14
pedestrian 3 -1 -1 -10 0 0 0 0 1.81 0.31 0.39 -9.085109128767739 1.5582951983256552 -0.08892802289655946 -0.14
pedestrian 5 -1 -1 -10 0 0 0 0 2.05 0.43 0.63 -7.5627355876893985 0.6936062888145177 -0.02899563438220887 -0.08
pedestrian 10 -1 -1 -10 0 0 0 0 2.02 0.4 0.62 -7.679705374733472 0.05319130974370498 -0.09053199355785944 -0.1
pedestrian 11 -1 -1 -10 0 0 0 0 1.71 0.38 0.51 -7.945929277727044 1.692273748934523 -0.05401362816251341 -0.02
pedestrian 14 -1 -1 -10 0 0 0 0 1.87 0.43 0.62 4.978095480795331 -1.5326420193359132 -0.17485372358354495 -3.14
car 1 -1 -1 -10 0 0 0 0 1.79 2.65 1.95 4.93224420140855 0.7072047077609283 -0.325466801674933 -3.13
motorcycle 16 -1 -1 -10 0 0 0 0 1.77 1.64 1.0 -5.508945340504203 3.1007824091085756 -0.18212546966266352 -1.54
