pedestrian 21 -1 -1 -10 0 0 0 0 1.84 0.55 0.48 5.322750925838938 -5.401466527004538 -0.260349647839706 0.67
pedestrian 5 -1 -1 -10 0 0 0 0 1.9 0.57 0.48 -5.4104459505656655 0.25111393091124307 -0.07082661724164677 -0.1
pedestrian 15 -1 -1 -10 0 0 0 0 1.66 0.74 0.47 -3.380283134812389 0.4581987348157053 -0.12425718456577936 -0.23
pedestrian 7 -1 -1 -10 0 0 0 0 1.93 0.44 0.7 5.206459209242032 1.3081784347518655 -0.04185314025238084 0.24
pedestrian 22 -1 -1 -10 0 0 0 0 1.62 0.34 0.44 5.933942820297395 -5.419337107794408 -0.34235641884378065 2.15
car 1 -1 -1 -10 0 0 0 0 1.69 4.24 1.95 0.3661703741977598 1.5012824025103182 -0.10521599200083143 -3.11
car 17 -1 -1 -10 0 0 0 0 1.72 4.56 2.27 -1.3894526269577667 -2.0148746663734713 -0.27821120798154547 3.13
car 22 -1 -1 -10 0 0 0 0 1.62 0.34 0.44 5.933942820297395 -5.419337107794408 -0.34235641884378065 2.15
pedestrian 12 -1 -1 -10 0 0 0 0 1.73 0.46 0.61 -2.8923438164930553 0.8499067779957031 -0.06786542500677435 -0.62
car 20 -1 -1 -10 0 0 0 0 1.5 4.35 2.16 5.841271464221888 -1.7496387188035347 -0.353570410145697 -3.12
