pedestrian 15 -1 -1 -10 0 0 0 0 1.62 0.3 0.57 -1.9726996971377924 2.9331404117400655 0.1741930823247066 -1.68
pedestrian 10 -1 -1 -10 0 0 0 0 2.02 0.34 0.62 -7.749280108952717 -0.06705230477429554 -0.09144277671977616 -0.1
pedestrian 4 -1 -1 -10 0 0 0 0 1.81 0.31 0.4 -9.183415834101792 1.1879483873507504 -0.1202174985566214 -0.07
car 1 -1 -1 -10 0 0 0 0 1.83 2.65 1.95 4.551772955245315 0.7758778337591886 -0.3104457295220428 -3.13
pedestrian 3 -1 -1 -10 0 0 0 0 1.81 0.23 0.39 -9.135104540555428 1.558120665754894 -0.0895824986878119 -0.14
pedestrian 5 -1 -1 -10 0 0 0 0 2.05 0.43 0.58 -7.56263087711852 0.6636064715847839 -0.0289942636457497 -0.08
pedestrian 7 -1 -1 -10 0 0 0 0 1.74 0.52 0.77 3.171358353025516 -0.19893335562187675 -0.02849064260956147 -0.43
pedestrian 14 -1 -1 -10 0 0 0 0 1.87 0.58 0.59 4.088386572116259 -1.5957483335549298 -0.18650065119492004 3.1
pedestrian 13 -1 -1 -10 0 0 0 0 1.77 0.44 0.67 3.717024414910771 -1.0470432253667779 -0.23136547532156665 -3.11
pedestrian 12 -1 -1 -10 0 0 0 0 1.69 0.31 0.51 -1.423055612015536 2.835060879252659 0.23139260152871438 -1.69
pedestrian 11 -1 -1 -10 0 0 0 0 1.71 0.38 0.51 -7.775979781172532 1.702867098751689 -0.05178886738440815 -0.02
motorcycle 16 -1 -1 -10 0 0 0 0 1.77 2.03 0.86 -5.724352790774957 1.790022446765521 -0.18494530765212364 -1.54
