car 17 -1 -1 -10 0 0 0 0 1.69 4.62 2.08 4.32890563073451 -1.374911917530562 -0.28336065222167633 -2.89
pedestrian 13 -1 -1 -10 0 0 0 0 1.5 0.45 0.56 -2.3140192145061516 -1.2480907567789792 -0.14030159564027483 -2.79
pedestrian 5 -1 -1 -10 0 0 0 0 1.9 0.57 0.7 -6.204787975388422 -1.3516688424734007 -0.08122512395719653 0.05
pedestrian 11 -1 -1 -10 0 0 0 0 1.86 0.56 0.54 -6.855958608157161 -0.6639419696094208 -0.17975712566369992 0.08
pedestrian 18 -1 -1 -10 0 0 0 0 2.0 0.66 0.77 1.9757545635850176 -6.5231534467456855 -0.21415651912296943 1.55
pedestrian 14 -1 -1 -10 0 0 0 0 1.67 0.54 0.78 -1.9237147474016325 -1.6067272094838465 -0.06518623270081522 -2.81
pedestrian 7 -1 -1 -10 0 0 0 0 1.93 0.54 0.75 4.386883491160227 1.2053167098256028 -0.052581974107390315 0.33
car 1 -1 -1 -10 0 0 0 0 1.52 3.62 1.95 1.8952446301351624 1.6566221853242793 -0.06519759991932245 -2.86
pedestrian 12 -1 -1 -10 0 0 0 0 1.72 0.57 0.68 -2.8405072360919563 0.3600842958141471 -0.07718770379576212 -0.01
pedestrian 15 -1 -1 -10 0 0 0 0 1.66 0.43 0.59 -3.148279836218692 -0.12099488180031169 -0.12122009502114076 -0.07
