pedestrian 7 -1 -1 -10 0 0 0 0 1.93 0.42 0.7 5.446088150586666 1.4090155818572978 -0.0387162255758997 0.16
pedestrian 12 -1 -1 -10 0 0 0 0 1.76 0.52 0.52 -3.1014344906646376 0.6691748378201039 -0.0906042854627597 -0.28
pedestrian 24 -1 -1 -10 0 0 0 0 1.7 0.49 0.46 -3.4572462889961613 -5.802112192263585 -0.21527239862213043 2.79
pedestrian 15 -1 -1 -10 0 0 0 0 1.74 0.49 0.54 -3.459507885184449 0.3879199091664421 -0.16529772054967212 -0.06
car 20 -1 -1 -10 0 0 0 0 1.53 4.74 2.16 3.471855416999367 -1.9379104660360171 -0.3645860516808275 3.14
pedestrian 21 -1 -1 -10 0 0 0 0 1.84 0.52 0.47 4.30354259584265 -5.605025772979624 -0.2736918157381946 1.13
pedestrian 22 -1 -1 -10 0 0 0 0 1.62 0.26 0.49 4.944277991566574 -5.4927924262315235 -0.35531184112550757 2.33
car 17 -1 -1 -10 0 0 0 0 1.8 4.38 2.27 -3.801002898627359 -1.8532881719823369 -0.21977241914485454 3.09
car 1 -1 -1 -10 0 0 0 0 1.53 4.24 1.95 -0.3641466076308205 1.4587344706708936 -0.07477293780154458 -3.11
pedestrian 23 -1 -1 -10 0 0 0 0 2.21 0.44 0.78 -3.034815366972445 -6.320642950651242 -0.2597467589223513 0.83
pedestrian 19 -1 -1 -10 0 0 0 0 1.79 0.32 0.38 -3.9873110516868606 -5.58396357782894 -0.27221561045547393 -3.1
pedestrian 5 -1 -1 -10 0 0 0 0 2.04 0.41 0.48 -5.221135332797063 0.1817775811440902 0.0016575920803644179 0.05
