pedestrian 15 -1 -1 -10 0 0 0 0 1.66 0.52 0.73 -3.0577296386228316 -0.28067974839818804 -0.12003472800243742 -0.06
pedestrian 19 -1 -1 -10 0 0 0 0 1.79 0.53 0.41 1.0161480398668137 -6.726503253635858 -0.19671588624473496 1.66
pedestrian 7 -1 -1 -10 0 0 0 0 1.93 0.52 0.74 4.585224672700532 1.676011976707809 -0.049985545813574284 0.48
pedestrian 18 -1 -1 -10 0 0 0 0 1.93 0.56 0.97 1.1027279539080475 -5.786194821810165 -0.18558163628712798 2.0
pedestrian 13 -1 -1 -10 0 0 0 0 1.67 0.57 0.64 -4.21328640606024 -1.4147220196931507 -0.1651643651134187 -2.95
pedestrian 5 -1 -1 -10 0 0 0 0 1.9 0.59 0.7 -5.875516328062217 -1.1505181459748186 -0.07691472197799157 0.11
car 1 -1 -1 -10 0 0 0 0 1.58 4.24 1.95 1.3945487891548856 1.7548762503824464 -0.041749497126157234 -2.86
pedestrian 14 -1 -1 -10 0 0 0 0 1.79 0.56 0.72 -3.831392864535568 -2.003391977673462 -0.15016424800712966 -2.99
car 17 -1 -1 -10 0 0 0 0 1.72 5.15 2.08 2.9285104858879585 -1.529797915660544 -0.22168597448852828 -2.89
pedestrian 12 -1 -1 -10 0 0 0 0 1.7 0.78 0.65 -2.800345107182467 0.3502239827941781 -0.08666280952634718 -0.36
