pedestrian 13 -1 -1 -10 0 0 0 0 1.77 0.44 0.67 2.7171859862042806 -1.0705337549351575 -0.24445407732230937 3.12
pedestrian 7 -1 -1 -10 0 0 0 0 1.99 0.52 0.72 3.5623871379243117 -0.4275706003312313 -0.04337350900975221 -0.32
pedestrian 14 -1 -1 -10 0 0 0 0 1.87 0.47 0.58 3.0184847598597533 -1.5994833305692193 -0.20050643312772232 -3.13
pedestrian 10 -1 -1 -10 0 0 0 0 2.02 0.34 0.68 -7.9991873608439 -0.08792484578125728 -0.09471424185173226 -0.0
motorcycle 16 -1 -1 -10 0 0 0 0 1.77 2.03 0.86 -5.929865869259053 0.5092972081663523 -0.18763562121979244 -1.62
pedestrian 3 -1 -1 -10 0 0 0 0 1.81 0.45 0.56 -9.385177560957493 1.6972471499731787 -0.12285870424143715 -0.07
pedestrian 11 -1 -1 -10 0 0 0 0 1.71 0.32 0.54 -7.5566282327319865 1.8836339454414404 -0.04891739832165246 0.2
car 1 -1 -1 -10 0 0 0 0 1.83 2.65 1.95 4.142054903251665 0.7044470931429015 -0.3158092326252414 -3.13
pedestrian 15 -1 -1 -10 0 0 0 0 1.61 0.52 0.57 -2.3417931562760157 2.681850393801985 0.16936138427326497 -1.68
pedestrian 12 -1 -1 -10 0 0 0 0 1.69 0.37 0.61 -1.7911106526153002 2.473771531472222 0.17657021313225604 -1.69
pedestrian 5 -1 -1 -10 0 0 0 0 2.05 0.28 0.36 -7.512111912476435 0.5137819180068767 -0.028332934172201386 -0.08
