car 20 -1 -1 -10 0 0 0 0 1.5 4.35 2.16 6.240815916239868 -1.6282431893185103 -0.3483400867615142 -3.12
car 17 -1 -1 -10 0 0 0 0 1.72 4.56 2.27 -0.9097759019849823 -1.933199641081541 -0.2719318956827465 3.13
pedestrian 7 -1 -1 -10 0 0 0 0 1.93 0.6 0.7 5.086295703333451 1.357759251964928 -0.043426166712152 0.24
pedestrian 12 -1 -1 -10 0 0 0 0 1.73 0.62 0.61 -2.912027849495492 0.7598375132781975 -0.0681231031138978 -0.38
pedestrian 15 -1 -1 -10 0 0 0 0 1.66 0.74 0.47 -3.3300783018829434 0.398373632926999 -0.12359996730160856 -0.23
pedestrian 5 -1 -1 -10 0 0 0 0 1.9 0.57 0.48 -5.490194284760579 0.1808351052619798 -0.07187058012257927 -0.1
car 1 -1 -1 -10 0 0 0 0 1.69 4.24 1.95 0.5761162001824193 1.512015378384093 -0.10246765058972424 -3.06
car 22 -1 -1 -10 0 0 0 0 1.27 0.35 0.44 6.214344748667667 -5.278360578326054 -0.4086917541130903 2.15
pedestrian 22 -1 -1 -10 0 0 0 0 1.702 0.35 0.44 6.214344748667667 -5.278360578326054 -0.4086917541130903 2.15
pedestrian 21 -1 -1 -10 0 0 0 0 1.84 0.55 0.48 5.612270568400379 -5.270455030098611 -0.2565596281084316 0.31
