Car 2 0 -9999.0 -9999.0 -9999.0 -9999.0 1.7161032172723623 4.3042446659889535 2.497900330371051 29.795477660604877 1.0824689262134204 -1.7218080567038476 0.07281321653102601 
Pedestrian 26 0 -9999.0 -9999.0 -9999.0 -9999.0 1.8 0.880638232653005 0.7173897124333324 33.994466108608826 -3.656129656183871 -2.2797293185248484 -2.954805073580406 
Pedestrian 25 0 -9999.0 -9999.0 -9999.0 -9999.0 1.8 0.880638232653005 0.7173897124333324 34.07493019618129 -2.9280507155003486 -2.2737619469151573 -2.954805073580406 
Car 3 0 -9999.0 -9999.0 -9999.0 -9999.0 1.4301220212552401 4 1.8633935758759457 55.54980955428666 -0.19573742434997138 -3.348421698386198 -3.0521482483721982 
Pedestrian 42 0 -9999.0 -9999.0 -9999.0 -9999.0 1.9110630666244788 0.6648425352273584 0.7730646177530336 -24.3198205186842 0.6962273441241845 3.0669493556996876 -3.0777016988078767 
Pedestrian 41 0 -9999.0 -9999.0 -9999.0 -9999.0 1.7717383253829708 0.6171990397476583 0.6601212154854279 -24.33451434000821 0.003140323651343985 2.983570456737308 -3.0681980678849285 
Pedestrain_sitting 21 0 -9999.0 -9999.0 -9999.0 -9999.0 0.9170967942404316 0.6239191457374971 0.6351946031908755 11.756145064455943 5.242926515471958 -0.03517730454350243 0.12906358562610265 
Pedestrian 702 0 -9999.0 -9999.0 -9999.0 -9999.0 1.7242744269198185 0.63 0.6898739737048278 -31.823886310574252 4.323210510872633 3.7035106310956643 -3.00732011091074 
Pedestrian 703 0 -9999.0 -9999.0 -9999.0 -9999.0 1.7717383253829708 0.63 0.6566716672544799 -31.677100929942174 5.024357776795638 3.7419302377607577 -3.00732011091074 
Pedestrian 1001 0 -9999.0 -9999.0 -9999.0 -9999.0 1.8190235843771385 0.6309324708718423 0.6213012349133786 32.371772136599546 2.8764303728820497 -1.6039753656444733 1.5959482666094233 
Pedestrian 765 0 -9999.0 -9999.0 -9999.0 -9999.0 1.765427731387784 0.6045377694180526 0.7280996093110779 29.881197604656013 2.27522144723311 -1.657382240571196 -2.504993383301363 
Pedestrian 888 0 -9999.0 -9999.0 -9999.0 -9999.0 1.5366259275535865 0.5877254913696837 0.6357928477663076 12.6865020217849 7.920412274346037 -0.06555152494917044 -3.031166317094552 
Pedestrian 223 0 -9999.0 -9999.0 -9999.0 -9999.0 1.7272234413230434 0.6942712320825266 0.6155335882708507 37.512754544237865 -6.976180124960349 -2.608849439556332 0.6419837615112884 
Pedestrian 3 0 -9999.0 -9999.0 -9999.0 -9999.0 1.6413741868673242 0.9102319618606736 0.749658509723502 18.370372113665297 1.7564313743943496 -0.7993885251114379 -2.8659262104901106 
Pedestrian 5 0 -9999.0 -9999.0 -9999.0 -9999.0 1.6467102258502564 0.8504990806290904 0.7324788173464449 2.5422499753053467 2.5457334389111415 0.5631382470966603 0.3170648181753162 
Pedestrian 4 0 -9999.0 -9999.0 -9999.0 -9999.0 1.7335733350919327 0.8234084053360446 0.7316008376188541 1.9884245674265715 2.709315184851731 0.6391317058966399 0.07481167749634654 
Pedestrian 1 0 -9999.0 -9999.0 -9999.0 -9999.0 1.830187787627785 0.8467364901875526 1.030957247409183 2.232804064955582 3.2098889778828608 0.6720612299575647 -3.029438710682067 
Pedestrian 2 0 -9999.0 -9999.0 -9999.0 -9999.0 1.6047004871739794 0.8225193905720728 0.8427564948210492 2.11448374745512 4.064346581403236 0.5254170319156438 0.4413757386427779 
Pedestrian 6 0 -9999.0 -9999.0 -9999.0 -9999.0 1.8 0.7815797515521649 0.729516349447393 22.2328235044968 -2.0387282942102716 -1.1264623339705984 -3.016788118446465 
Pedestrian 7 0 -9999.0 -9999.0 -9999.0 -9999.0 1.85 0.7446143281153959 0.7378356243838986 21.793812928326258 -2.7149330052110323 -1.1130051817570858 -3.0167473323324607 
Pedestrian 9 0 -9999.0 -9999.0 -9999.0 -9999.0 1.7388951330758573 0.762844615165235 0.6125796005267553 19.052396809621293 2.519348800058317 -0.8585797142974252 2.027373475246499 
Pedestrian 10 0 -9999.0 -9999.0 -9999.0 -9999.0 1.7238665634959034 0.765649395571576 0.6782236572752955 19.730723223795287 2.348495154013594 -0.9430896384834397 2.0260896181267416 
Car 1 0 -9999.0 -9999.0 -9999.0 -9999.0 1.9636838768401188 5.159477280173534 1.9749927503715075 8.65287978118987 -3.1292785860593346 0.2777156164874587 0.07789770965989362 
Pedestrian 11 0 -9999.0 -9999.0 -9999.0 -9999.0 1.833843394516407 0.888361750840276 0.8547891083331658 41.42690488408991 -1.7178267822516318 -2.8265487971503083 -3.0700747380630524 
Pedestrian 44 0 -9999.0 -9999.0 -9999.0 -9999.0 1.773026559218124 1 0.9694486388550138 -18.540866965638298 2.820811712814951 2.637128446543153 -3.040505295539228 
Pedestrian 43 0 -9999.0 -9999.0 -9999.0 -9999.0 1.6975355979754738 1 1.115836959245979 -18.620246038551343 1.8021911100857873 2.597838568533302 -3.0401189843466483 
Pedestrian 18 0 -9999.0 -9999.0 -9999.0 -9999.0 1.553791531556044 0.9350978240778415 0.7014189842208715 7.282961543195018 -1.321353644917597 0.1850518183530781 0.12719690091875258 
Pedestrian 17 0 -9999.0 -9999.0 -9999.0 -9999.0 1.6786936986616088 0.9385842718372612 0.8570610823441984 7.511646684770076 -0.7902673997523748 0.22781466571898484 0.17833023102142143 
Pedestrian 19 0 -9999.0 -9999.0 -9999.0 -9999.0 1.88766995436284 0.8473523143195599 0.8020167022554571 26.51359716136302 0.5102654456642775 -1.4736760395275226 0.4664432458612051 
Pedestrian 20 0 -9999.0 -9999.0 -9999.0 -9999.0 1.8942850025152396 0.7837367986462382 0.6986151564054772 25.954753282748158 -0.10696857654039932 -1.391014508015495 0.46154431830468035 
Pedestrian 8 0 -9999.0 -9999.0 -9999.0 -9999.0 1.7182020193881877 0.84040506779357 0.7617142683117479 20.315564896498675 -3.593777097110101 -1.012059894734194 -3.081489595533908 
Pedestrian 36 0 -9999.0 -9999.0 -9999.0 -9999.0 1.85 0.8455221526426029 0.7795427445654814 -6.3888033590514475 4.858266012933935 1.2713128364709947 -1.135093670059515 
Pedestrian 1002 0 -9999.0 -9999.0 -9999.0 -9999.0 1.5480067025273518 0.5644233003512866 0.6213012349133786 28.210744798400114 -2.9789606984356682 -1.8305585241879174 -3.043520129541184 
Pedestrian 16 0 -9999.0 -9999.0 -9999.0 -9999.0 1.5480067025273518 0.5644233003512866 0.6213012349133786 28.074052689605598 -3.704139079427757 -1.8157711672986052 -3.0435201332298654 
Pedestrian 34 0 -9999.0 -9999.0 -9999.0 -9999.0 1.8 0.742563890087286 0.7166973150341831 -7.292175771008818 4.839036018180049 1.289071317115338 -1.2336800532942966 
Pedestrian 27 0 -9999.0 -9999.0 -9999.0 -9999.0 1.8 0.8271693526588353 0.8407252643496999 29.705357887607587 -0.2664145233281416 -1.7167749353336745 1.5906767690923989 
Pedestrian 503 0 -9999.0 -9999.0 -9999.0 -9999.0 1.5098862519504819 0.7016892788347073 0.6244449312827264 24.051078722335298 5.380426522760353 -1.0945372071326676 2.395193348729382 
Pedestrian 22 0 -9999.0 -9999.0 -9999.0 -9999.0 1.7272234413230434 0.8930338539667776 0.7589542967325148 25.262724857478414 -4.115897422206029 -1.3442240093303564 -3.0169360436322528 
Pedestrian 777 0 -9999.0 -9999.0 -9999.0 -9999.0 1.5601539586488533 0.7742910735758141 0.7734620811052282 -11.544062924568944 2.697512389146997 1.8221088829642709 1.3299121769456512 
Pedestrian 502 0 -9999.0 -9999.0 -9999.0 -9999.0 1.5580631857725595 0.6324640994580073 0.6231826615974934 23.240389516008428 5.563418097857617 -0.9536214575642082 2.3848324641868004 
Pedestrian 45 0 -9999.0 -9999.0 -9999.0 -9999.0 1.840803791853019 0.9047965827395252 0.7795427445654814 6.740343502075171 -1.8330679008859017 0.3366896097300848 3.130768661527993 
Pedestrain_sitting 20 0 -9999.0 -9999.0 -9999.0 -9999.0 0.9288023059382893 0.630173997091732 0.7116151379014846 10.889618859523868 5.2903943732023855 0.059134982994883956 -3.033485711652663 
Car 4 0 -9999.0 -9999.0 -9999.0 -9999.0 2.0589564776245735 4.5 2.044844764170049 -33.2056228790799 6.738465158540367 3.995274521912498 0.15975626962034895 
Pedestrian 200 0 -9999.0 -9999.0 -9999.0 -9999.0 1.7521106512660325 0.9162872598483918 0.6944942567378337 -10.083663352275188 3.42918789816321 1.8782080452104777 -3.0654028129720245 
Pedestrian 47 0 -9999.0 -9999.0 -9999.0 -9999.0 1.739259612086605 0.9765708634005151 0.6968829901888434 -10.766729808727197 1.7621409156441568 1.8612205117014395 0.48654362644643623 
Pedestrian 24 0 -9999.0 -9999.0 -9999.0 -9999.0 1.5665724604937843 0.8256175940025915 0.7327379765104859 18.934017541839786 -5.046147651925092 -0.9221346812751126 3.131483008430541 
Pedestrian 46 0 -9999.0 -9999.0 -9999.0 -9999.0 1.739259612086605 0.8137808070594968 0.7631092640473314 -10.309023582938751 2.3749530278149527 1.9830647158942742 0.4691909779369494 
Pedestrian 35 0 -9999.0 -9999.0 -9999.0 -9999.0 1.85 0.8455221526426029 0.8055941736449839 2.7847625984119255 4.787153589471419 0.6167267049238075 -3.081770125799437 
Pedestrian 39 0 -9999.0 -9999.0 -9999.0 -9999.0 1.6992181517554945 0.7236988029930532 0.6130136573276566 -10.09230116341619 2.77811267173614 1.8593269791141924 -3.065364570200348 
Pedestrian 49 0 -9999.0 -9999.0 -9999.0 -9999.0 1.8880449392725787 0.7266739568839767 0.719062337692116 -13.137851942250403 -2.209151074427042 1.8942967749913746 1.1335964248674557 
Pedestrian 51 0 -9999.0 -9999.0 -9999.0 -9999.0 1.7084772160642387 0.6876926218915868 0.6022575416759411 -8.444272221805383 -2.493324460774795 1.6532857979175621 1.7806207929365527 
Pedestrian 50 0 -9999.0 -9999.0 -9999.0 -9999.0 1.6682901068147347 0.7378107948553352 0.6318862957964667 -9.221742323847046 -2.3449783975685103 1.6447293264703675 1.774286363237355 
Pedestrian 37 0 -9999.0 -9999.0 -9999.0 -9999.0 1.7674898152527898 0.7851268766529278 0.7077031440696406 -5.23951990415188 2.2718390987311863 1.3442374185253327 -2.949163513785612 
Pedestrian 38 0 -9999.0 -9999.0 -9999.0 -9999.0 1.768936684463284 0.7798122203956248 0.6543593384916504 -5.258813541678419 2.9588577813787236 1.2215366403539252 -2.9496114681011942 
Pedestrian 48 0 -9999.0 -9999.0 -9999.0 -9999.0 1.8437648405814306 0.63 0.8639507388388924 -12.625619743175115 -1.8516858347363478 1.8701592699256544 0.18306274268239608 
Pedestrain_sitting 557 0 -9999.0 -9999.0 -9999.0 -9999.0 1.3003415906177906 0.5495013160563614 0.4849281347249202 22.72465346504817 -8.82813742944957 -1.080320420244295 -0.004784703979538563 
Pedestrain_sitting 556 0 -9999.0 -9999.0 -9999.0 -9999.0 1.3003415906177906 0.5495013160563614 0.4849281347249202 21.233811666659694 -8.652370438841045 -1.0970687005914386 3.1368080825650217 
Pedestrain_sitting 555 0 -9999.0 -9999.0 -9999.0 -9999.0 1.3003415906177906 0.5495013160563614 0.4849281347249202 21.21457203268714 -7.939842472380085 -1.0997235507520566 3.1368080825650217 
Pedestrian 23 0 -9999.0 -9999.0 -9999.0 -9999.0 1.733985410563253 0.6134757942819711 0.7222749871810963 17.1823046965452 -4.849418416501857 -0.7147482757946367 -2.0191023197871907 
