Car 2 0 -9999.0 -9999.0 -9999.0 -9999.0 1.7161032172723623 4.3042446659889535 2.497900330371051 29.811162477850516 0.6769429394340422 -1.402762172414295 0.07281321653102601 
Pedestrian 26 0 -9999.0 -9999.0 -9999.0 -9999.0 1.8 0.880638232653005 0.7173897124333324 36.700537659093214 -3.3669324653565287 -2.167492820083157 -2.954805073580406 
Pedestrian 25 0 -9999.0 -9999.0 -9999.0 -9999.0 1.8 0.880638232653005 0.7173897124333324 36.74807913963151 -2.6941958539086923 -2.151877799791015 -2.954805073580406 
Car 3 0 -9999.0 -9999.0 -9999.0 -9999.0 1.4301220212552401 4 1.8633935758759457 55.591694519251476 -0.19949382291623727 -3.2903612598715393 -3.0521482483721982 
Pedestrian 42 0 -9999.0 -9999.0 -9999.0 -9999.0 1.9110630666244788 0.6648425352273584 0.7730646177530336 -21.628718039557334 1.2810945217721696 2.9926330084595465 -3.0763055547652822 
Pedestrian 41 0 -9999.0 -9999.0 -9999.0 -9999.0 1.7717383253829708 0.6171990397476583 0.6601212154854279 -21.676876932786627 0.5689305454468714 2.9229179163178207 -3.0681980678849285 
Pedestrain_sitting 21 0 -9999.0 -9999.0 -9999.0 -9999.0 0.9170967942404316 0.6239191457374971 0.6351946031908755 11.77321257307472 5.243070568169654 0.2643291079758989 0.12875908208257503 
Pedestrian 999 0 -9999.0 -9999.0 -9999.0 -9999.0 1.7478363069824068 0.6324640994580073 0.6450381271264 20.996321306187877 6.163438882342355 -0.3230389223540801 2.3087133314906154 
Pedestrian 702 0 -9999.0 -9999.0 -9999.0 -9999.0 1.7242744269198185 0.63 0.6898739737048278 -28.904813649603422 3.785077938371672 3.5454020822744527 -3.00732011091074 
Pedestrian 703 0 -9999.0 -9999.0 -9999.0 -9999.0 1.7717383253829708 0.63 0.6566716672544799 -28.816855925428833 4.5495695218982455 3.612569406897449 -3.00732011091074 
Pedestrian 1001 0 -9999.0 -9999.0 -9999.0 -9999.0 1.8190235843771385 0.6309324708718423 0.6213012349133786 32.29849776907293 2.8410531943449953 -1.4812855343388156 1.5959482666453866 
Pedestrian 888 0 -9999.0 -9999.0 -9999.0 -9999.0 1.5366259275535865 0.5877254913696837 0.6357928477663076 13.175738469011202 7.252179106017871 0.3527259644707067 2.945467423855769 
Pedestrian 223 0 -9999.0 -9999.0 -9999.0 -9999.0 1.7272234413230434 0.6942712320825266 0.6155335882708507 37.572667318747435 -6.911084268267297 -2.3034364315262406 0.6419837606269931 
Pedestrian 3 0 -9999.0 -9999.0 -9999.0 -9999.0 1.6413741868673242 0.9102319618606736 0.749658509723502 21.166619936622524 2.023125219705715 -0.7239019142144913 -2.860020096696685 
Pedestrian 5 0 -9999.0 -9999.0 -9999.0 -9999.0 1.6467102258502564 0.8504990806290904 0.946862823709426 1.2210535810218948 2.8579256026014357 0.9781602821148435 0.31934341683617795 
Pedestrian 4 0 -9999.0 -9999.0 -9999.0 -9999.0 1.7335733350919327 0.8234084053360446 0.7316008376188541 0.2410886220658434 3.119750431199093 1.0582109660935226 0.07127206378284257 
Pedestrian 1 0 -9999.0 -9999.0 -9999.0 -9999.0 1.830187787627785 0.8467364901875526 1.030957247409183 2.3600318806299123 3.676886262501251 0.857303610156326 -2.7786160300851996 
Pedestrian 2 0 -9999.0 -9999.0 -9999.0 -9999.0 1.6047004871739794 0.8225193905720728 0.8427564948210492 1.4157938380844055 4.544140304584182 0.94242497075213 0.4407692121885045 
Pedestrian 6 0 -9999.0 -9999.0 -9999.0 -9999.0 1.8 0.7815797515521649 0.729516349447393 24.80686475226741 -2.391290930446325 -1.2355116962912078 -3.0167883589027085 
Pedestrian 7 0 -9999.0 -9999.0 -9999.0 -9999.0 1.85 0.7446143281153959 0.7378356243838986 24.53407551774287 -3.094211247747992 -1.1828583873140481 -3.0167473323324607 
Pedestrian 9 0 -9999.0 -9999.0 -9999.0 -9999.0 1.7388951330758573 0.762844615165235 0.6125796005267553 19.046776588671868 2.5150183729955304 -0.5284470248939321 2.034340979564231 
Pedestrian 10 0 -9999.0 -9999.0 -9999.0 -9999.0 1.7238665634959034 0.765649395571576 0.6782236572752955 19.59423901054359 2.461896739285983 -0.6003104565965048 2.0418787593347076 
Car 1 0 -9999.0 -9999.0 -9999.0 -9999.0 1.9636838768401188 5.159477280173534 1.9749927503715075 8.769936340007364 -3.1364663583511447 0.31656596606494014 0.07789770973521382 
Pedestrian 11 0 -9999.0 -9999.0 -9999.0 -9999.0 1.833843394516407 0.888361750840276 0.8547891083331658 45.36208107006402 -1.636573678163697 -2.959925620603892 -3.0700747111278783 
Pedestrian 44 0 -9999.0 -9999.0 -9999.0 -9999.0 1.773026559218124 1 0.9694486388550138 -15.062975039026972 2.5621247724235015 2.323043220523935 -2.998609635044293 
Pedestrian 43 0 -9999.0 -9999.0 -9999.0 -9999.0 1.6975355979754738 1 1.115836959245979 -15.091009149850459 1.5282201394726431 2.289715182995108 -2.994378666897118 
Pedestrian 18 0 -9999.0 -9999.0 -9999.0 -9999.0 1.553791531556044 0.9350978240778415 0.7014189842208715 5.384447460784309 -1.210126255106821 0.44256871859076796 -0.0030580597409120003 
Pedestrian 17 0 -9999.0 -9999.0 -9999.0 -9999.0 1.6786936986616088 0.9385842718372612 0.8570610823441984 5.272783115906629 -0.5258494333578863 0.4917127824298031 -0.03909430991381946 
Pedestrian 19 0 -9999.0 -9999.0 -9999.0 -9999.0 1.88766995436284 0.8473523143195599 0.8020167022554571 24.813604824341542 1.3080721654135108 -0.9901239176818688 0.13412615309362863 
Pedestrian 20 0 -9999.0 -9999.0 -9999.0 -9999.0 1.8942850025152396 0.7837367986462382 0.6986151564054772 24.368680419287553 0.7188382632842919 -0.9410852127823226 0.13412299408140704 
Pedestrian 8 0 -9999.0 -9999.0 -9999.0 -9999.0 1.7182020193881877 0.84040506779357 0.7617142683117479 22.574432162364015 -3.7579745162690292 -1.0062146582484388 3.055453887938656 
Pedestrian 36 0 -9999.0 -9999.0 -9999.0 -9999.0 1.85 0.8455221526426029 0.7795427445654814 -6.213783704110984 5.254810343478467 1.4286248913844646 -1.1350935540575087 
Pedestrian 1002 0 -9999.0 -9999.0 -9999.0 -9999.0 1.5480067025273518 0.5644233003512866 0.6213012349133786 31.278754644988563 -3.376609623857994 -1.8499971410015539 -3.043520129541184 
Pedestrian 16 0 -9999.0 -9999.0 -9999.0 -9999.0 1.5480067025273518 0.5644233003512866 0.6213012349133786 31.23322881316585 -4.1172457280596335 -1.7735813386811494 -3.0435201293389174 
Pedestrian 34 0 -9999.0 -9999.0 -9999.0 -9999.0 1.8 0.742563890087286 0.7166973150341831 -7.147069673468624 5.021522046008563 1.4408399464400703 -1.233716549330131 
Pedestrian 27 0 -9999.0 -9999.0 -9999.0 -9999.0 1.8 0.8271693526588353 0.8407252643496999 29.84609577069882 -0.24477453978741393 -1.3967689230271085 1.5491242452583123 
Pedestrian 503 0 -9999.0 -9999.0 -9999.0 -9999.0 1.5098862519504819 0.7016892788347073 0.6244449312827264 24.033342028195843 5.267995569609407 -0.7309049311201841 2.395193348729382 
Pedestrian 28 0 -9999.0 -9999.0 -9999.0 -9999.0 1.9344750647178444 0.9180852004756592 0.7505107045290647 40.992088587620735 -0.7439594440783076 -2.8012584275257564 0.005317851868775314 
Pedestrian 29 0 -9999.0 -9999.0 -9999.0 -9999.0 1.914706511234499 0.9112747753301017 0.7505107045290647 41.01522912018498 0.026980787873260918 -2.800152858443187 0.005317858512576379 
Pedestrian 22 0 -9999.0 -9999.0 -9999.0 -9999.0 1.7272234413230434 0.8930338539667776 0.7589542967325148 26.89445821759555 -4.499613449282409 -1.5115067882993238 -3.0266090992012824 
Pedestrian 777 0 -9999.0 -9999.0 -9999.0 -9999.0 1.5601539586488533 0.7742910735758141 0.7734620811052282 -12.924160951545165 3.1941251235383867 2.1266277104299744 0.29108203851692505 
Pedestrian 502 0 -9999.0 -9999.0 -9999.0 -9999.0 1.5580631857725595 0.6324640994580073 0.6231826615974934 23.641501245368353 5.761904519702748 -0.6330456902170637 2.384961596202393 
Pedestrian 45 0 -9999.0 -9999.0 -9999.0 -9999.0 1.840803791853019 0.9047965827395252 0.7795427445654814 9.283493495738764 -1.8831173587766388 0.2136820305285676 -3.103411943375413 
Pedestrain_sitting 20 0 -9999.0 -9999.0 -9999.0 -9999.0 0.9288023059382893 0.630173997091732 0.7116151379014846 10.91268879082998 5.2932549498038295 0.33309896993424604 -3.03349862486826 
Pedestrian 30 0 -9999.0 -9999.0 -9999.0 -9999.0 1.6574581668813668 0.5844020196858356 0.6601390122619767 58.85993066544415 -3.311214738736944 -4.602959559345088 0.18854854989802483 
Car 4 0 -9999.0 -9999.0 -9999.0 -9999.0 2.0589564776245735 4.5 2.044844764170049 -33.15259599989009 6.732843743810259 4.099286794362337 0.15975626962034895 
Pedestrian 200 0 -9999.0 -9999.0 -9999.0 -9999.0 1.7521106512660325 0.9162872598483918 0.6944942567378337 -7.0838238979667345 3.2355119092722346 1.9030978349820922 -2.979969683314634 
Pedestrian 111 0 -9999.0 -9999.0 -9999.0 -9999.0 1.83889513307586 0.7017705575400481 0.6922125420881973 17.073724775259603 5.077486729019341 -0.18920710374829194 0.27355191530769574 
Pedestrian 47 0 -9999.0 -9999.0 -9999.0 -9999.0 1.739259612086605 0.9765708634005151 0.6968829901888434 -12.138610606277643 2.3537262231350216 2.0654225486227653 0.27071509592183673 
Pedestrian 24 0 -9999.0 -9999.0 -9999.0 -9999.0 1.5665724604937843 0.8256175940025915 0.7327379765104859 20.958145443921758 -5.107404511823221 -1.0448710300553132 3.1314723291786244 
Pedestrian 46 0 -9999.0 -9999.0 -9999.0 -9999.0 1.739259612086605 0.8137808070594968 0.7631092640473314 -11.967309747294735 3.012413654063188 2.0542066216271957 0.2706960291282652 
Pedestrian 35 0 -9999.0 -9999.0 -9999.0 -9999.0 1.85 0.8455221526426029 0.8055941736449839 5.119382162762329 3.9122629464894025 0.6925892229012498 -3.081707693556229 
Pedestrian 31 0 -9999.0 -9999.0 -9999.0 -9999.0 1.6183186744299025 0.6340866970656824 0.5322695037304019 59.49462832557602 -1.7681533275489747 -4.422268964397265 -3.0553355148965053 
Pedestrian 32 0 -9999.0 -9999.0 -9999.0 -9999.0 1.6264157795512513 0.6356555012147109 0.5322695037304019 59.53483985268045 -1.2193394181203074 -4.727295873996268 -3.056922019186569 
Pedestrian 39 0 -9999.0 -9999.0 -9999.0 -9999.0 1.6992181517554945 0.7236988029930532 0.6130136573276566 -7.1619819009385655 2.575124943720265 1.7492351287535384 -2.979926539095729 
Pedestrian 49 0 -9999.0 -9999.0 -9999.0 -9999.0 1.8880449392725787 0.7266739568839767 0.719062337692116 -13.137746532217047 -1.9368586132168808 1.8472714388663245 1.133596236092222 
Pedestrian 51 0 -9999.0 -9999.0 -9999.0 -9999.0 1.7084772160642387 0.6876926218915868 0.6022575416759411 -8.60565578944071 -2.5340610582133176 1.7058027832365161 1.7806207929365527 
Pedestrian 50 0 -9999.0 -9999.0 -9999.0 -9999.0 1.6682901068147347 0.7378107948553352 0.6318862957964667 -9.143439253291552 -1.934076936409089 1.7794599565813483 1.774286363237355 
Pedestrian 37 0 -9999.0 -9999.0 -9999.0 -9999.0 1.7674898152527898 0.7851268766529278 0.7077031440696406 -2.428064789407351 2.010179981618755 1.3064560820758344 -2.947227947122016 
Pedestrian 38 0 -9999.0 -9999.0 -9999.0 -9999.0 1.768936684463284 0.7798122203956248 0.6543593384916504 -2.250190019400295 2.680062089719739 1.2736685613926038 -2.9490111274691273 
Pedestrian 48 0 -9999.0 -9999.0 -9999.0 -9999.0 1.8437648405814306 0.63 0.8639507388388924 -12.568447558441036 -1.4778759933819998 1.8280733904585111 0.18320861446023962 
Pedestrain_sitting 557 0 -9999.0 -9999.0 -9999.0 -9999.0 1.3003415906177906 0.5495013160563614 0.4849281347249202 22.633858625553895 -8.82885007149505 -1.0470926825844395 -0.004784661822565539 
Pedestrain_sitting 556 0 -9999.0 -9999.0 -9999.0 -9999.0 1.3003415906177906 0.5495013160563614 0.4849281347249202 21.23618263662114 -8.70263902583944 -1.0546212885496913 3.1368080825650217 
Pedestrain_sitting 555 0 -9999.0 -9999.0 -9999.0 -9999.0 1.3003415906177906 0.5495013160563614 0.4849281347249202 21.21664701822684 -7.969308264192791 -1.055579983461637 3.1368080825650217 
Pedestrian 23 0 -9999.0 -9999.0 -9999.0 -9999.0 1.733985410563253 0.6134757942819711 0.7222749871810963 17.22367871281873 -4.866788097672593 -0.644796667958585 -2.0191023197871907 
