Car 2 0 -9999.0 -9999.0 -9999.0 -9999.0 1.7161032172723623 4.3042446659889535 2.497900330371051 29.74187464029426 1.3178058132669612 -1.9494436772636619 0.07281321653102601 
Pedestrian 26 0 -9999.0 -9999.0 -9999.0 -9999.0 1.8 0.880638232653005 0.7173897124333324 32.2078833427616 -3.7827918116739947 -2.1013100090494374 -2.954805073580406 
Pedestrian 25 0 -9999.0 -9999.0 -9999.0 -9999.0 1.8 0.880638232653005 0.7173897124333324 32.20984554792694 -3.03786407639414 -2.1013100090494374 -2.954805073580406 
Car 3 0 -9999.0 -9999.0 -9999.0 -9999.0 1.4301220212552401 4 1.8633935758759457 55.52080017931804 -0.19313575631391283 -3.388634147725217 -3.0521482483721982 
Pedestrian 42 0 -9999.0 -9999.0 -9999.0 -9999.0 1.9110630666244788 0.6648425352273584 0.7730646177530336 -26.10781003314951 0.7697488034676836 3.1917672869768574 -3.1017982474420958 
Pedestrian 41 0 -9999.0 -9999.0 -9999.0 -9999.0 1.7717383253829708 0.6171990397476583 0.6601212154854279 -26.12180151954244 0.037606756341317646 3.1188182134910427 -3.082813529227394 
Pedestrain_sitting 21 0 -9999.0 -9999.0 -9999.0 -9999.0 0.9170967942404316 0.6239191457374971 0.6351946031908755 11.744324169829 5.2428267450954955 -0.2426143606226956 0.1292744836770101 
Pedestrian 702 0 -9999.0 -9999.0 -9999.0 -9999.0 1.7242744269198185 0.63 0.6898739737048278 -34.30373804242511 4.5940303869029275 3.9124640468721386 -3.00732011091074 
Pedestrian 703 0 -9999.0 -9999.0 -9999.0 -9999.0 1.7717383253829708 0.63 0.6566716672544799 -34.118570312248295 5.315527141346126 3.948053728402374 -3.00732011091074 
Pedestrian 1001 0 -9999.0 -9999.0 -9999.0 -9999.0 1.8190235843771385 0.6309324708718423 0.6213012349133786 32.2410524737288 2.9800620775131934 -1.862182642681624 1.5959482666930498 
Pedestrian 765 0 -9999.0 -9999.0 -9999.0 -9999.0 1.765427731387784 0.6045377694180526 0.7280996093110779 29.29093677371735 2.3434474335903706 -1.792162817541084 -1.6232227578190717 
Pedestrian 888 0 -9999.0 -9999.0 -9999.0 -9999.0 1.5366259275535865 0.5877254913696837 0.6357928477663076 13.604113839462567 7.926871927518135 -0.21603485641096176 -3.0941470992100193 
Pedestrian 223 0 -9999.0 -9999.0 -9999.0 -9999.0 1.7272234413230434 0.6942712320825266 0.6155335882708507 37.476782595668375 -6.913907503590549 -2.6757559948793137 0.6419837618959612 
Pedestrian 3 0 -9999.0 -9999.0 -9999.0 -9999.0 1.6413741868673242 0.9102319618606736 0.749658509723502 16.299021399851327 1.845062718149372 -0.6988964568242908 -2.86591423304586 
Pedestrian 5 0 -9999.0 -9999.0 -9999.0 -9999.0 1.6467102258502564 0.8504990806290904 0.946862823709426 3.4428427605256204 2.5427921551757153 0.38572232603739404 0.30612772388042675 
Pedestrian 4 0 -9999.0 -9999.0 -9999.0 -9999.0 1.7335733350919327 0.8234084053360446 0.7316008376188541 2.159089318065819 2.632703811884594 0.35366053431289435 0.0637818519102078 
Pedestrian 1 0 -9999.0 -9999.0 -9999.0 -9999.0 1.830187787627785 0.8467364901875526 1.030957247409183 2.2473223216228164 3.7110041233040794 0.5556575958449096 -3.0382975959877374 
Pedestrian 2 0 -9999.0 -9999.0 -9999.0 -9999.0 1.6047004871739794 0.8225193905720728 0.8427564948210492 2.859288667412743 3.7985775154076364 0.38958772343945175 0.44331421937149784 
Pedestrian 6 0 -9999.0 -9999.0 -9999.0 -9999.0 1.8 0.7815797515521649 0.729516349447393 20.318616709747673 -1.7134537021530334 -0.9544042574596288 -3.016788347569884 
Pedestrian 7 0 -9999.0 -9999.0 -9999.0 -9999.0 1.85 0.7446143281153959 0.7378356243838986 19.850348150650518 -2.3544169292921824 -0.9428458006821671 -3.0167473323324607 
Pedestrian 9 0 -9999.0 -9999.0 -9999.0 -9999.0 1.7388951330758573 0.762844615165235 0.6125796005267553 18.676691671001084 2.4735161690472443 -0.9372292384155877 2.036125016387338 
Pedestrian 10 0 -9999.0 -9999.0 -9999.0 -9999.0 1.7238665634959034 0.765649395571576 0.6782236572752955 19.233685852516366 2.1896211739752154 -1.0055246123407597 2.038534757361303 
Car 1 0 -9999.0 -9999.0 -9999.0 -9999.0 1.9636838768401188 5.159477280173534 1.9749927503715075 8.553906440709437 -3.121173688872014 0.18453578346046623 0.07789770955967334 
Pedestrian 11 0 -9999.0 -9999.0 -9999.0 -9999.0 1.833843394516407 0.888361750840276 0.8547891083331658 38.70854724673254 -1.726160036871653 -2.8218265789496995 -3.0700747574407767 
Pedestrian 44 0 -9999.0 -9999.0 -9999.0 -9999.0 1.773026559218124 1 0.9694486388550138 -20.95221765839628 2.9899340065657434 2.8878367390875455 -3.0445454061419337 
Pedestrian 43 0 -9999.0 -9999.0 -9999.0 -9999.0 1.6975355979754738 1 1.115836959245979 -21.0642906267868 1.9531746953798028 2.769255877963422 -3.0445454063253177 
Pedestrian 18 0 -9999.0 -9999.0 -9999.0 -9999.0 1.553791531556044 0.9350978240778415 0.7014189842208715 8.890194537711062 -1.8896229955026604 -0.05733142696720212 0.2013909320697529 
Pedestrian 17 0 -9999.0 -9999.0 -9999.0 -9999.0 1.6786936986616088 0.9385842718372612 0.8570610823441984 9.050255450108347 -1.162272999901481 -0.012671331933425234 0.14473672741034882 
Pedestrian 19 0 -9999.0 -9999.0 -9999.0 -9999.0 1.88766995436284 0.8473523143195599 0.8020167022554571 27.87949905421737 -0.010224591988607264 -1.6641767854575304 -0.01377256766041235 
Pedestrian 20 0 -9999.0 -9999.0 -9999.0 -9999.0 1.8942850025152396 0.7837367986462382 0.6986151564054772 27.28419226819734 -0.43349776397543716 -1.63802708011627 0.1084897916686387 
Pedestrian 8 0 -9999.0 -9999.0 -9999.0 -9999.0 1.7182020193881877 0.84040506779357 0.7617142683117479 18.958883818501622 -3.4479453785238454 -0.9099246601636204 -3.0285277906692976 
Pedestrian 36 0 -9999.0 -9999.0 -9999.0 -9999.0 1.85 0.8455221526426029 0.7795427445654814 -6.415311019027441 5.091280123439548 1.2597094801017068 -1.1350935540575087 
Pedestrian 1002 0 -9999.0 -9999.0 -9999.0 -9999.0 1.5480067025273518 0.5644233003512866 0.6213012349133786 26.00972981004994 -2.9054488947785715 -1.6710099450641123 -3.043520129541184 
Pedestrian 16 0 -9999.0 -9999.0 -9999.0 -9999.0 1.5480067025273518 0.5644233003512866 0.6213012349133786 25.939958601504998 -3.638661062350535 -1.6529347370398273 -3.0435201297315757 
Pedestrian 34 0 -9999.0 -9999.0 -9999.0 -9999.0 1.8 0.742563890087286 0.7166973150341831 -7.324327277789787 5.04138213042259 1.4622996404684772 -1.2343436243989565 
Pedestrian 27 0 -9999.0 -9999.0 -9999.0 -9999.0 1.8 0.8271693526588353 0.8407252643496999 29.666682417762264 -0.2340836021130458 -1.8945498172156143 1.5883643170825543 
Pedestrian 503 0 -9999.0 -9999.0 -9999.0 -9999.0 1.5098862519504819 0.7016892788347073 0.6244449312827264 23.91011489628834 5.265911374018724 -1.456327433484475 2.395193348729382 
Pedestrian 14 0 -9999.0 -9999.0 -9999.0 -9999.0 1.5350666013118595 0.6767124353147551 0.6338965826401189 25.46285290066607 2.8145837916547336 -1.580827180085858 1.7633005582362653 
Pedestrian 15 0 -9999.0 -9999.0 -9999.0 -9999.0 1.4995242359067946 0.6433493585685015 0.616020103352135 26.021681478910473 2.63474381148837 -1.6047306631603546 1.7633005582362653 
Pedestrian 22 0 -9999.0 -9999.0 -9999.0 -9999.0 1.7272234413230434 0.8930338539667776 0.7589542967325148 24.095957909916983 -4.2299491925100385 -1.3976352459198087 -3.015780943525632 
Pedestrian 777 0 -9999.0 -9999.0 -9999.0 -9999.0 1.5601539586488533 0.7742910735758141 0.7734620811052282 -12.285831343413419 1.4307461593090829 1.8012001543621208 1.5859255206944134 
Pedestrian 502 0 -9999.0 -9999.0 -9999.0 -9999.0 1.5580631857725595 0.6324640994580073 0.6231826615974934 23.2603921563304 5.555995037695936 -1.320928607595299 2.384830508720688 
Pedestrian 45 0 -9999.0 -9999.0 -9999.0 -9999.0 1.840803791853019 0.9047965827395252 0.7795427445654814 5.545233278646291 -1.8615208552664877 0.373686230562006 3.1354613119275374 
Pedestrain_sitting 20 0 -9999.0 -9999.0 -9999.0 -9999.0 0.9288023059382893 0.630173997091732 0.7116151379014846 10.890469609296973 5.2928969622683155 -0.1384050484456914 -3.033476768006331 
Car 4 0 -9999.0 -9999.0 -9999.0 -9999.0 2.0589564776245735 4.5 2.044844764170049 -33.25100710608767 6.770605315672586 3.9364237286917505 0.15975626962034806 
Pedestrian 200 0 -9999.0 -9999.0 -9999.0 -9999.0 1.7521106512660325 0.9162872598483918 0.6944942567378337 -12.19091292918468 3.4138996357302926 2.0001398124529524 -3.03593827465569 
Pedestrian 47 0 -9999.0 -9999.0 -9999.0 -9999.0 1.739259612086605 0.9765708634005151 0.6968829901888434 -11.282925680580435 1.296414892502564 1.769587621010367 1.6689051571294033 
Pedestrian 24 0 -9999.0 -9999.0 -9999.0 -9999.0 1.5665724604937843 0.8256175940025915 0.7327379765104859 17.86750927430435 -4.783258185852118 -0.9588914090933658 -1.6972107402716485 
Pedestrian 46 0 -9999.0 -9999.0 -9999.0 -9999.0 1.739259612086605 0.8137808070594968 0.7631092640473314 -10.602494869289847 1.691640819913276 1.7726516686060017 1.6510555368884576 
Pedestrian 35 0 -9999.0 -9999.0 -9999.0 -9999.0 1.85 0.8455221526426029 0.8055941736449839 0.534329117673558 5.25643887182963 0.7045344512362969 -3.0817746350703406 
Pedestrian 39 0 -9999.0 -9999.0 -9999.0 -9999.0 1.6992181517554945 0.7236988029930532 0.6130136573276566 -12.154424187202599 2.7600642111455045 1.9834362607876517 -3.03593827465569 
Pedestrian 49 0 -9999.0 -9999.0 -9999.0 -9999.0 1.8880449392725787 0.7266739568839767 0.719062337692116 -13.261540582946008 -2.1532622161122643 1.8203591946695181 1.133596236092222 
Pedestrian 51 0 -9999.0 -9999.0 -9999.0 -9999.0 1.7084772160642387 0.6876926218915868 0.6022575416759411 -8.495572240444261 -2.4958380874069315 1.602105148556555 1.7806207929365527 
Pedestrian 50 0 -9999.0 -9999.0 -9999.0 -9999.0 1.6682901068147347 0.7378107948553352 0.6318862957964667 -9.342090483514838 -2.3545793114108915 1.5662682492671192 1.774286363237355 
Pedestrian 37 0 -9999.0 -9999.0 -9999.0 -9999.0 1.7674898152527898 0.7851268766529278 0.7077031440696406 -7.312015716270722 2.42671871706067 1.4366205549896571 -2.949860973955861 
Pedestrian 38 0 -9999.0 -9999.0 -9999.0 -9999.0 1.768936684463284 0.7798122203956248 0.6543593384916504 -7.244604740546038 3.1434034480083435 1.416267843285853 -2.949593392790831 
Pedestrian 48 0 -9999.0 -9999.0 -9999.0 -9999.0 1.8437648405814306 0.63 0.8639507388388924 -12.65624833800299 -1.8166120822363778 1.7950533492281393 0.18306880697216155 
Pedestrain_sitting 556 0 -9999.0 -9999.0 -9999.0 -9999.0 1.3003415906177906 0.5495013160563614 0.4849281347249202 21.223719733152677 -8.62434246113216 -1.1122203958261152 3.1368080825650217 
Pedestrain_sitting 555 0 -9999.0 -9999.0 -9999.0 -9999.0 1.3003415906177906 0.5495013160563614 0.4849281347249202 21.204174291998807 -7.912165932771933 -1.1122203958261152 3.1368080825650217 
Pedestrian 23 0 -9999.0 -9999.0 -9999.0 -9999.0 1.733985410563253 0.6134757942819711 0.7222749871810963 17.10052426797063 -4.848408320517011 -0.7615496888854256 -2.0191023197871907 
