Car 2 0 -9999.0 -9999.0 -9999.0 -9999.0 1.7161032172723623 4.3042446659889535 2.497900330371051 29.68585956451569 1.3445337264040076 -2.1499006680831623 0.07281321653102601 
Pedestrian 26 0 -9999.0 -9999.0 -9999.0 -9999.0 1.8 0.880638232653005 0.7173897124333324 29.188953303493935 -3.930085820586439 -2.0840047793150314 -2.954805073580406 
Pedestrian 25 0 -9999.0 -9999.0 -9999.0 -9999.0 1.8 0.880638232653005 0.7173897124333324 29.31627734074542 -3.1937174798418306 -2.0914782091639728 -2.954805073580406 
Car 3 0 -9999.0 -9999.0 -9999.0 -9999.0 1.4301220212552401 4 1.8633935758759457 55.4724734720777 -0.18880163847610515 -3.4556240524965482 -3.0521482483721982 
Pedestrian 42 0 -9999.0 -9999.0 -9999.0 -9999.0 1.9110630666244788 0.6648425352273584 0.7730646177530336 -27.183676549629716 0.25575670911948734 2.9170993240215357 1.447079411512366 
Pedestrian 41 0 -9999.0 -9999.0 -9999.0 -9999.0 1.7717383253829708 0.6171990397476583 0.6601212154854279 -26.795204131841835 0.6811282710408708 2.7726824102190233 1.448286555364346 
Pedestrain_sitting 21 0 -9999.0 -9999.0 -9999.0 -9999.0 0.9170967942404316 0.6239191457374971 0.6351946031908755 11.724631745756676 5.242660537661527 -0.5881836771205753 0.1296258186635395 
Pedestrian 702 0 -9999.0 -9999.0 -9999.0 -9999.0 1.7242744269198185 0.63 0.6898739737048278 -38.17283130192262 5.43524870664017 3.831952481731757 -3.00732011091074 
Pedestrian 703 0 -9999.0 -9999.0 -9999.0 -9999.0 1.7717383253829708 0.63 0.6566716672544799 -38.03652871010716 6.171036774290423 3.8999389754915077 -3.00732011091074 
Pedestrian 1001 0 -9999.0 -9999.0 -9999.0 -9999.0 1.8190235843771385 0.6309324708718423 0.6213012349133786 32.09465500438467 2.847723889389619 -2.174045652185713 1.5959482664622682 
Pedestrian 765 0 -9999.0 -9999.0 -9999.0 -9999.0 1.765427731387784 0.6045377694180526 0.7280996093110779 29.38969632590859 2.403511801261029 -2.0092288766991793 -1.6722081751757933 
Pedestrian 888 0 -9999.0 -9999.0 -9999.0 -9999.0 1.5366259275535865 0.5877254913696837 0.6357928477663076 13.71189490407984 8.039745505440049 -0.5817750605417988 -3.101232113498458 
Pedestrian 223 0 -9999.0 -9999.0 -9999.0 -9999.0 1.7272234413230434 0.6942712320825266 0.6155335882708507 37.364711990041606 -6.9025746289239995 -2.609415659893507 0.6419837438705365 
Pedestrian 3 0 -9999.0 -9999.0 -9999.0 -9999.0 1.6413741868673242 0.9102319618606736 0.749658509723502 13.124028054948424 2.4683855579720233 -0.7358162314019563 -2.86591423304586 
Pedestrian 5 0 -9999.0 -9999.0 -9999.0 -9999.0 1.6467102258502564 0.8504990806290904 0.7324788173464449 4.333793327670824 2.6675253642678123 0.07723991532150831 -0.3951454750541661 
Pedestrian 4 0 -9999.0 -9999.0 -9999.0 -9999.0 1.7335733350919327 0.8234084053360446 0.7316008376188541 2.8143314821352723 2.900222255865018 0.20945760632332744 0.15236583772215795 
Pedestrian 1 0 -9999.0 -9999.0 -9999.0 -9999.0 1.830187787627785 0.8467364901875526 1.030957247409183 2.1648478213252997 3.4926528514088417 0.33174170177286033 -3.0681278042781663 
Pedestrian 2 0 -9999.0 -9999.0 -9999.0 -9999.0 1.6047004871739794 0.8225193905720728 0.8427564948210492 2.929871035995195 3.8283636900242755 0.10681512322304433 0.44406471724828034 
Pedestrian 6 0 -9999.0 -9999.0 -9999.0 -9999.0 1.8 0.7815797515521649 0.729516349447393 17.01949565922341 -1.2718248737743791 -0.9923498170094573 -3.0167461106019857 
Pedestrian 7 0 -9999.0 -9999.0 -9999.0 -9999.0 1.85 0.7446143281153959 0.7378356243838986 16.670372130970748 -1.968768385401843 -0.9569552583277168 -3.0167473323324607 
Pedestrian 9 0 -9999.0 -9999.0 -9999.0 -9999.0 1.7388951330758573 0.762844615165235 0.6125796005267553 17.3431922751292 2.115193698198543 -1.0242246809565034 2.855294180230217 
Pedestrian 10 0 -9999.0 -9999.0 -9999.0 -9999.0 1.7238665634959034 0.765649395571576 0.6782236572752955 17.831022645843678 1.6917251654093868 -1.0771597252791874 2.855043552142579 
Car 1 0 -9999.0 -9999.0 -9999.0 -9999.0 1.9636838768401188 5.159477280173534 1.9749927503715075 8.43898254577182 -3.0979644194898874 -0.04685017171126027 0.07789770994778156 
Pedestrian 11 0 -9999.0 -9999.0 -9999.0 -9999.0 1.833843394516407 0.888361750840276 0.8547891083331658 34.381240418970634 -1.4570477332075593 -2.594009119438998 -3.0700747788286957 
Pedestrian 44 0 -9999.0 -9999.0 -9999.0 -9999.0 1.773026559218124 1 0.9694486388550138 -25.210371979803682 3.3248067333094635 2.7125490823542746 -3.044014275800519 
Pedestrian 43 0 -9999.0 -9999.0 -9999.0 -9999.0 1.6975355979754738 1 1.115836959245979 -25.30869476159215 2.2807057146780716 2.7275691852894157 -3.0439633802466464 
Pedestrian 18 0 -9999.0 -9999.0 -9999.0 -9999.0 1.553791531556044 0.9350978240778415 0.7014189842208715 11.090965780964222 -2.253909023257736 -0.4990759813283265 0.372640229890556 
Pedestrian 17 0 -9999.0 -9999.0 -9999.0 -9999.0 1.6786936986616088 0.9385842718372612 0.8570610823441984 11.6545193732346 -1.7375825984907214 -0.4935925063216084 0.42832140387417716 
Pedestrian 19 0 -9999.0 -9999.0 -9999.0 -9999.0 1.88766995436284 0.8473523143195599 0.8020167022554571 29.736747455296772 -0.3207190202863687 -2.0075565855483313 -0.010119768908062099 
Pedestrian 20 0 -9999.0 -9999.0 -9999.0 -9999.0 1.8942850025152396 0.7837367986462382 0.6986151564054772 29.384611833644495 -0.8304891683549394 -2.056519326617062 -0.014429353874739093 
Pedestrian 8 0 -9999.0 -9999.0 -9999.0 -9999.0 1.7182020193881877 0.84040506779357 0.7617142683117479 16.512721474646394 -2.973809386482801 -0.9050055244625179 -3.0413637160366083 
Pedestrian 36 0 -9999.0 -9999.0 -9999.0 -9999.0 1.85 0.8455221526426029 0.7795427445654814 -6.2867546663876155 5.122408141680988 1.1244824882454025 -1.1350935540575087 
Pedestrian 1002 0 -9999.0 -9999.0 -9999.0 -9999.0 1.5480067025273518 0.5644233003512866 0.6213012349133786 22.571206460174345 -2.7438590604918054 -1.4180491044288475 -3.043520129541184 
Pedestrian 16 0 -9999.0 -9999.0 -9999.0 -9999.0 1.5480067025273518 0.5644233003512866 0.6213012349133786 22.345367526401354 -3.5915247675936803 -1.4553124964096873 -3.0435201248196933 
Pedestrian 34 0 -9999.0 -9999.0 -9999.0 -9999.0 1.8 0.742563890087286 0.7166973150341831 -7.159695117268686 5.40560668445397 1.2169322592268104 -1.232292274406607 
Pedestrian 503 0 -9999.0 -9999.0 -9999.0 -9999.0 1.5098862519504819 0.7016892788347073 0.6244449312827264 23.574726842148134 5.205745566757283 -1.5600035102392773 2.395193348729382 
Pedestrian 14 0 -9999.0 -9999.0 -9999.0 -9999.0 1.5350666013118595 0.6767124353147551 0.6338965826401189 23.582561667309285 0.4418414163675725 -1.5754228410466065 2.127864144715346 
Pedestrian 15 0 -9999.0 -9999.0 -9999.0 -9999.0 1.4995242359067946 0.6433493585685015 0.616020103352135 23.9914368686827 -0.009958398035344332 -1.5736801547410604 2.1233519344900245 
Pedestrian 22 0 -9999.0 -9999.0 -9999.0 -9999.0 1.7272234413230434 0.8930338539667776 0.7589542967325148 22.314846219816957 -4.1623694669853935 -1.3682013858279518 -3.015935114135157 
Pedestrian 777 0 -9999.0 -9999.0 -9999.0 -9999.0 1.5601539586488533 0.7742910735758141 0.7734620811052282 -10.278590273559521 0.8577092923945515 1.4351232881450602 -0.0001837031031719505 
Pedestrian 502 0 -9999.0 -9999.0 -9999.0 -9999.0 1.5580631857725595 0.6324640994580073 0.6231826615974934 22.950709988262457 5.642507593109994 -1.5301428164848554 2.384830936124672 
Pedestrian 45 0 -9999.0 -9999.0 -9999.0 -9999.0 1.840803791853019 0.9047965827395252 0.7795427445654814 2.603255069508725 -2.1037966647761133 0.3884682639998567 3.135461311928262 
Pedestrain_sitting 20 0 -9999.0 -9999.0 -9999.0 -9999.0 0.9288023059382893 0.630173997091732 0.7116151379014846 10.903006599687435 5.31092465048776 -0.4721020637717474 -3.03346186878915 
Car 4 0 -9999.0 -9999.0 -9999.0 -9999.0 2.0589564776245735 4.5 2.044844764170049 -33.39402621819413 6.80874565147263 3.495109614824618 0.15975626962034895 
Pedestrian 200 0 -9999.0 -9999.0 -9999.0 -9999.0 1.7521106512660325 0.9162872598483918 0.6944942567378337 -15.214013775650042 3.5179183276199613 1.8051092009296135 -3.0373629149594947 
Pedestrian 47 0 -9999.0 -9999.0 -9999.0 -9999.0 1.739259612086605 0.9765708634005151 0.6968829901888434 -10.545259252280339 -0.5747098679578128 1.4855297215429624 0.11051021043957832 
Pedestrian 24 0 -9999.0 -9999.0 -9999.0 -9999.0 1.5665724604937843 0.8256175940025915 0.7327379765104859 17.69980207011645 -4.834119281822486 -1.1217008671045536 -1.6969128523335861 
Pedestrian 46 0 -9999.0 -9999.0 -9999.0 -9999.0 1.739259612086605 0.8137808070594968 0.7631092640473314 -10.495962064731968 0.06429337653870681 1.4893368806913567 0.1303868218827926 
Pedestrian 35 0 -9999.0 -9999.0 -9999.0 -9999.0 1.85 0.8455221526426029 0.8055941736449839 -2.351224601701572 4.907915718229619 0.7249544303819687 -3.094722756855509 
Pedestrian 39 0 -9999.0 -9999.0 -9999.0 -9999.0 1.6992181517554945 0.7236988029930532 0.6130136573276566 -15.278573710945466 2.9060898347673776 1.8394715206164758 -3.0372152881259673 
Pedestrian 49 0 -9999.0 -9999.0 -9999.0 -9999.0 1.8880449392725787 0.7266739568839767 0.719062337692116 -13.391869737366724 -2.0484730103630886 1.7037575073581497 1.1334661758596818 
Pedestrian 51 0 -9999.0 -9999.0 -9999.0 -9999.0 1.7084772160642387 0.6876926218915868 0.6022575416759411 -8.62860310683604 -2.4245139994222735 1.3422998554292984 1.7806207929365527 
Pedestrian 50 0 -9999.0 -9999.0 -9999.0 -9999.0 1.6682901068147347 0.7378107948553352 0.6318862957964667 -9.362750083483704 -2.1114071118876527 1.3316665773227616 1.774286363237355 
Pedestrian 37 0 -9999.0 -9999.0 -9999.0 -9999.0 1.7674898152527898 0.7851268766529278 0.7077031440696406 -10.62294480573955 3.0377008578219664 1.4289919884158742 -2.949795549928046 
Pedestrian 38 0 -9999.0 -9999.0 -9999.0 -9999.0 1.768936684463284 0.7798122203956248 0.6543593384916504 -10.588741024389677 3.7130323444381617 1.3212041064807818 -2.9496099113298957 
Pedestrian 48 0 -9999.0 -9999.0 -9999.0 -9999.0 1.8437648405814306 0.63 0.8639507388388924 -12.793390565454661 -1.6915309612941078 1.677157297182546 0.18306797597802493 
Pedestrain_sitting 555 0 -9999.0 -9999.0 -9999.0 -9999.0 1.3003415906177906 0.5495013160563614 0.4849281347249202 21.202731164325193 -7.861243671024699 -1.2820083101716326 3.1368080825650217 
Pedestrian 23 0 -9999.0 -9999.0 -9999.0 -9999.0 1.733985410563253 0.6134757942819711 0.7222749871810963 16.980694277132834 -4.841449383719669 -1.01935412506713 -2.0191023197871907 
