Car 2 0 -9999.0 -9999.0 -9999.0 -9999.0 1.7161032172723623 4.3042446659889535 2.497900330371051 29.70526843520469 1.1010568640418337 -0.8645926349632401 0.07281321653102601 
Pedestrian 26 0 -9999.0 -9999.0 -9999.0 -9999.0 1.8 0.880638232653005 0.7173897124333324 41.85767488940025 -3.735429506579155 -2.1071008610306774 -2.954805073580406 
Pedestrian 25 0 -9999.0 -9999.0 -9999.0 -9999.0 1.8 0.880638232653005 0.7173897124333324 41.956247360910524 -3.0068055810927845 -2.1020591586034785 -2.954805073580406 
Car 3 0 -9999.0 -9999.0 -9999.0 -9999.0 1.4301220212552401 4 1.8633935758759457 55.669032676152746 -0.2064297948561833 -3.1831560298474657 -3.0521482483721982 
Pedestrain_sitting 21 0 -9999.0 -9999.0 -9999.0 -9999.0 0.9170967942404316 0.6239191457374971 0.6351946031908755 11.80472673718066 5.243336553115463 0.8173503160351681 0.12819683396213222 
Pedestrian 601 0 -9999.0 -9999.0 -9999.0 -9999.0 1.7334194695403702 0.5901000815388179 0.5961420748625704 18.7467812882118 13.823998699113048 0.34453993654667536 1.668918012730856 
Pedestrian 600 0 -9999.0 -9999.0 -9999.0 -9999.0 1.8985119489706095 0.7891492470282006 0.774319038074053 17.68449174168515 12.412512425683127 0.5936560672423846 -0.9105559082446497 
Pedestrian 1006 0 -9999.0 -9999.0 -9999.0 -9999.0 1.8319269034634074 0.7746621567225385 0.7296367421575172 27.33361076444917 -4.70188061728975 -0.7684912723671546 -0.30906132914567586 
Pedestrian 1005 0 -9999.0 -9999.0 -9999.0 -9999.0 1.7182020193881877 0.7271215203340413 0.7172417616036824 27.273903581560322 -4.168226184399286 -0.7962227458733153 -0.28675392060060645 
Pedestrian 500 0 -9999.0 -9999.0 -9999.0 -9999.0 1.6591565719904136 0.5920739440172947 0.5901695475559555 22.569882846102452 6.401456228398765 0.06658926218953275 0.5475776798866061 
Pedestrian 999 0 -9999.0 -9999.0 -9999.0 -9999.0 1.7478363069824068 0.6324640994580073 0.6450381271264 20.69212664945808 6.067619133737875 0.15285407634188766 2.242176586478415 
Pedestrian 1001 0 -9999.0 -9999.0 -9999.0 -9999.0 1.8190235843771385 0.6309324708718423 0.6213012349133786 32.48877050644619 2.7832324742917423 -1.1109847074893828 1.595948266646161 
Pedestrian 888 0 -9999.0 -9999.0 -9999.0 -9999.0 1.5366259275535865 0.5877254913696837 0.6357928477663076 11.555808238921431 6.8344427168971436 0.9379833939716867 -0.5777112936206983 
Pedestrian 223 0 -9999.0 -9999.0 -9999.0 -9999.0 1.7272234413230434 0.6942712320825266 0.6155335882708507 37.301554284070285 -6.990637937610798 -1.7936205333488722 0.6419837606281407 
Pedestrian 3 0 -9999.0 -9999.0 -9999.0 -9999.0 1.6413741868673242 0.9102319618606736 0.749658509723502 26.10114711561356 0.4182586677666344 -0.6742878932235208 -2.684764131455456 
Pedestrian 5 0 -9999.0 -9999.0 -9999.0 -9999.0 1.6467102258502564 0.8504990806290904 0.946862823709426 -3.0928172454200924 2.9429914232580945 2.166746051820399 0.05556883992254669 
Pedestrian 4 0 -9999.0 -9999.0 -9999.0 -9999.0 1.7335733350919327 0.8234084053360446 0.7316008376188541 -3.0908107520430312 3.7678229594295916 2.2347063599136465 0.07153688446958562 
Pedestrian 1 0 -9999.0 -9999.0 -9999.0 -9999.0 1.830187787627785 0.8467364901875526 1.030957247409183 1.412674981466786 3.995040571996901 1.5157862610179733 0.514333767661892 
Pedestrian 2 0 -9999.0 -9999.0 -9999.0 -9999.0 1.6047004871739794 0.8225193905720728 0.8427564948210492 -0.6802052200015566 5.202161840119387 1.6711198268545653 1.984059052273544 
Pedestrian 6 0 -9999.0 -9999.0 -9999.0 -9999.0 1.8 0.7815797515521649 0.729516349447393 29.781528549963493 -2.9776661070605437 -1.1162711913358856 -3.0167883475556216 
Pedestrian 7 0 -9999.0 -9999.0 -9999.0 -9999.0 1.85 0.7446143281153959 0.7378356243838986 29.57752667269591 -3.7367505717348495 -1.110269853437575 -3.0167473323324607 
Pedestrian 9 0 -9999.0 -9999.0 -9999.0 -9999.0 1.7388951330758573 0.762844615165235 0.6125796005267553 19.0835053732869 2.520685360393922 0.009483476175833574 2.036039346622484 
Pedestrian 10 0 -9999.0 -9999.0 -9999.0 -9999.0 1.7238665634959034 0.765649395571576 0.6782236572752955 19.886109840981796 2.637462781503626 -0.07446797646248333 2.647819301836673 
Car 1 0 -9999.0 -9999.0 -9999.0 -9999.0 1.9636838768401188 5.159477280173534 1.9749927503715075 8.676842050410345 -3.1118753287927103 1.00842729333669 0.0778977097027056 
Pedestrian 11 0 -9999.0 -9999.0 -9999.0 -9999.0 1.833843394516407 0.888361750840276 0.8547891083331658 52.42302968549796 -2.2271781479830324 -3.2103771730756296 -3.0700746608590244 
Pedestrian 44 0 -9999.0 -9999.0 -9999.0 -9999.0 1.773026559218124 1 0.9694486388550138 -8.746293462217611 2.165905890956901 2.4931676364793365 -3.062265855503364 
Pedestrian 43 0 -9999.0 -9999.0 -9999.0 -9999.0 1.6975355979754738 1 1.115836959245979 -8.763319861634733 1.0759169529923163 2.429535000367294 -3.0528976079446277 
Pedestrian 18 0 -9999.0 -9999.0 -9999.0 -9999.0 1.553791531556044 0.9350978240778415 0.7014189842208715 2.8920444729315293 -1.1224287655384175 1.3666584071329493 0.01584473213462534 
Pedestrian 17 0 -9999.0 -9999.0 -9999.0 -9999.0 1.6786936986616088 0.9385842718372612 0.8570610823441984 2.232821812537483 -0.5143369436789758 1.4964934802014804 0.03369755302562005 
Pedestrian 19 0 -9999.0 -9999.0 -9999.0 -9999.0 1.88766995436284 0.8473523143195599 0.8020167022554571 21.29244764827468 1.5730487116698177 -0.10812858951744797 0.004020494085706261 
Pedestrian 20 0 -9999.0 -9999.0 -9999.0 -9999.0 1.8942850025152396 0.7837367986462382 0.6986151564054772 21.060905745243424 0.9572905723123658 -0.08212692958113188 0.0021874513000224027 
Pedestrian 8 0 -9999.0 -9999.0 -9999.0 -9999.0 1.7182020193881877 0.84040506779357 0.7617142683117479 26.84430602099181 -3.281510329450035 -0.7663433840956012 3.0094488468147595 
Pedestrian 36 0 -9999.0 -9999.0 -9999.0 -9999.0 1.85 0.8455221526426029 0.7795427445654814 -6.118333815214287 5.274432055056181 1.947407118093874 -1.1350935540575087 
Pedestrian 1002 0 -9999.0 -9999.0 -9999.0 -9999.0 1.5480067025273518 0.5644233003512866 0.6213012349133786 36.565834737553736 -2.8905552780010773 -1.7376515006741633 -3.043520129541184 
Pedestrian 16 0 -9999.0 -9999.0 -9999.0 -9999.0 1.5480067025273518 0.5644233003512866 0.6213012349133786 36.63357002117734 -3.80339310174294 -1.6413999323574955 -3.0435201416025635 
Pedestrian 34 0 -9999.0 -9999.0 -9999.0 -9999.0 1.8 0.742563890087286 0.7166973150341831 -6.9517290074168265 5.41421674068828 1.945717210853556 -1.2337198922510222 
Pedestrian 503 0 -9999.0 -9999.0 -9999.0 -9999.0 1.5098862519504819 0.7016892788347073 0.6244449312827264 23.845161194358816 5.258255067235081 -0.11766100444069535 2.395193348729382 
Pedestrian 28 0 -9999.0 -9999.0 -9999.0 -9999.0 1.9344750647178444 0.9180852004756592 0.7505107045290647 35.955145623900236 -0.7837302059337138 -1.3445707441027843 0.005317858512576379 
Pedestrian 29 0 -9999.0 -9999.0 -9999.0 -9999.0 1.914706511234499 0.9112747753301017 0.7505107045290647 35.86864009059933 -0.15190647644499866 -1.3264331495533364 0.005317858512576379 
Pedestrian 22 0 -9999.0 -9999.0 -9999.0 -9999.0 1.7272234413230434 0.8930338539667776 0.7589542967325148 29.17886260837583 -5.58655754487378 -1.159954295602474 -1.891297966384478 
Pedestrian 502 0 -9999.0 -9999.0 -9999.0 -9999.0 1.5580631857725595 0.6324640994580073 0.6231826615974934 23.348499144220323 5.772171226327555 -0.03288367313020814 2.3694843978791553 
Pedestrian 45 0 -9999.0 -9999.0 -9999.0 -9999.0 1.840803791853019 0.9047965827395252 0.7795427445654814 13.609274384417033 -3.321437181680329 0.42824780364806253 -2.9712693685922673 
Pedestrain_sitting 20 0 -9999.0 -9999.0 -9999.0 -9999.0 0.9288023059382893 0.630173997091732 0.7116151379014846 10.921166347559254 5.319682914350681 0.8562417952537782 -3.0335224683714035 
Pedestrian 30 0 -9999.0 -9999.0 -9999.0 -9999.0 1.6574581668813668 0.5844020196858356 0.6601390122619767 52.14895118162434 -2.85403060253413 -3.3007515242751073 0.18859743306398347 
Pedestrian 200 0 -9999.0 -9999.0 -9999.0 -9999.0 1.7521106512660325 0.9162872598483918 0.6944942567378337 -1.7613448343413205 2.3297049157686067 1.897446745420607 -3.030926373252914 
Pedestrian 24 0 -9999.0 -9999.0 -9999.0 -9999.0 1.5665724604937843 0.8256175940025915 0.7327379765104859 21.539953735304287 -5.29199400349424 -0.40497176466979123 0.4120502452472863 
Pedestrian 35 0 -9999.0 -9999.0 -9999.0 -9999.0 1.85 0.8455221526426029 0.8055941736449839 9.481863481606629 3.9108162022316892 0.8150015935378644 -3.0817403711679336 
Pedestrian 31 0 -9999.0 -9999.0 -9999.0 -9999.0 1.6183186744299025 0.6340866970656824 0.5322695037304019 54.82112108034027 -2.1321803628543923 -3.399122546705337 -3.0553355148965053 
Pedestrian 32 0 -9999.0 -9999.0 -9999.0 -9999.0 1.6264157795512513 0.6356555012147109 0.5322695037304019 54.45750956959549 -1.4796229886659475 -3.4235031238180724 -3.056922019186569 
Pedestrian 33 0 -9999.0 -9999.0 -9999.0 -9999.0 1.85 1.011633098401595 1.1292297078013385 42.052665832932604 -6.065766571518279 -2.1262580697832534 1.8860422077864172 
Pedestrian 39 0 -9999.0 -9999.0 -9999.0 -9999.0 1.6992181517554945 0.7236988029930532 0.6130136573276566 -1.708167505958783 1.6615620700536642 1.8768180406365007 -3.026432267489021 
Pedestrian 50 0 -9999.0 -9999.0 -9999.0 -9999.0 1.6682901068147347 0.7378107948553352 0.6318862957964667 -9.246187064164163 -2.008113637759616 2.45136959387957 1.774286363237355 
Pedestrian 37 0 -9999.0 -9999.0 -9999.0 -9999.0 1.7674898152527898 0.7851268766529278 0.7077031440696406 -0.45096092373287944 -0.22393513571072152 1.7397703129626703 -1.5103864809627385 
Pedestrian 38 0 -9999.0 -9999.0 -9999.0 -9999.0 1.768936684463284 0.7798122203956248 0.6543593384916504 0.22008660521226595 -0.30095689463272773 1.7002613396708424 -1.4873056393816384 
Pedestrian 48 0 -9999.0 -9999.0 -9999.0 -9999.0 1.8437648405814306 0.63 0.8639507388388924 -12.614817928667323 -1.798264167089404 2.4360265851657488 0.18306963877628668 
Pedestrain_sitting 557 0 -9999.0 -9999.0 -9999.0 -9999.0 1.3003415906177906 0.5495013160563614 0.4849281347249202 22.466152773461786 -8.817950969322906 -0.25912499471663 -0.004784583982161195 
Pedestrain_sitting 556 0 -9999.0 -9999.0 -9999.0 -9999.0 1.3003415906177906 0.5495013160563614 0.4849281347249202 21.09803290285736 -8.675073438332564 -0.26421692523854756 3.1368080825650217 
Pedestrain_sitting 555 0 -9999.0 -9999.0 -9999.0 -9999.0 1.3003415906177906 0.5495013160563614 0.4849281347249202 21.07849926764987 -7.972668930035168 -0.2571427137365453 3.1368080825650217 
Pedestrian 23 0 -9999.0 -9999.0 -9999.0 -9999.0 1.733985410563253 0.6134757942819711 0.7222749871810963 17.19693286246403 -4.86484605295515 0.033770623458520346 -2.0191023197871907 
