Car 2 0 -9999.0 -9999.0 -9999.0 -9999.0 1.7161032172723623 4.3042446659889535 2.497900330371051 29.741112416980812 0.6990380219060032 -1.5919625504051176 0.07281321653102601 
Pedestrian 26 0 -9999.0 -9999.0 -9999.0 -9999.0 1.8 0.880638232653005 0.7173897124333324 35.18842713425175 -3.4865823047781213 -2.2900991398684756 -2.954805073580406 
Pedestrian 25 0 -9999.0 -9999.0 -9999.0 -9999.0 1.8 0.880638232653005 0.7173897124333324 35.28833479206536 -2.7749221308342173 -2.2903817984686725 -2.954805073580406 
Car 3 0 -9999.0 -9999.0 -9999.0 -9999.0 1.4301220212552401 4 1.8633935758759457 55.56913687642872 -0.19747077008023992 -3.3216303951148456 -3.0521482483721982 
Pedestrian 42 0 -9999.0 -9999.0 -9999.0 -9999.0 1.9110630666244788 0.6648425352273584 0.7730646177530336 -23.130878731899735 0.8103560229531631 3.129392156883504 -3.046156156135364 
Pedestrian 41 0 -9999.0 -9999.0 -9999.0 -9999.0 1.7717383253829708 0.6171990397476583 0.6601212154854279 -23.16059249028341 0.08111776305206238 3.0456666081575516 -3.0681981349490446 
Pedestrain_sitting 21 0 -9999.0 -9999.0 -9999.0 -9999.0 0.9170967942404316 0.6239191457374971 0.6351946031908755 11.764020664626903 5.242992986887086 0.10302639034413086 0.12892307606416065 
Pedestrian 702 0 -9999.0 -9999.0 -9999.0 -9999.0 1.7242744269198185 0.63 0.6898739737048278 -30.69067207100218 4.195833126433856 3.658655795173697 -3.00732011091074 
Pedestrian 703 0 -9999.0 -9999.0 -9999.0 -9999.0 1.7717383253829708 0.63 0.6566716672544799 -30.42021660854886 4.818820003968548 3.695386578812779 -3.00732011091074 
Pedestrian 1001 0 -9999.0 -9999.0 -9999.0 -9999.0 1.8190235843771385 0.6309324708718423 0.6213012349133786 32.35774085584055 2.843847017922519 -1.5209737693121526 1.5959482666453866 
Pedestrian 765 0 -9999.0 -9999.0 -9999.0 -9999.0 1.765427731387784 0.6045377694180526 0.7280996093110779 29.8650985796519 2.30176347151061 -1.5030540685058542 -2.833433281565135 
Pedestrian 888 0 -9999.0 -9999.0 -9999.0 -9999.0 1.5366259275535865 0.5877254913696837 0.6357928477663076 12.311591860829683 7.58741624932168 0.12390898004578096 -3.0672942344927865 
Pedestrian 223 0 -9999.0 -9999.0 -9999.0 -9999.0 1.7272234413230434 0.6942712320825266 0.6155335882708507 37.627490745151256 -6.980552669208053 -2.512728523199915 0.6419837605415353 
Pedestrian 3 0 -9999.0 -9999.0 -9999.0 -9999.0 1.6413741868673242 0.9102319618606736 0.749658509723502 19.592828339827488 1.7844144364669696 -0.8165831179589336 -2.86591423304586 
Pedestrian 5 0 -9999.0 -9999.0 -9999.0 -9999.0 1.6467102258502564 0.8504990806290904 0.946862823709426 2.2367705004764606 2.569313377099885 0.8023137854985959 0.31951980220099063 
Pedestrian 4 0 -9999.0 -9999.0 -9999.0 -9999.0 1.7335733350919327 0.8234084053360446 0.7316008376188541 1.3959364407999666 2.663818307030649 0.8836214027844316 0.07001557485798582 
Pedestrian 1 0 -9999.0 -9999.0 -9999.0 -9999.0 1.830187787627785 0.8467364901875526 1.030957247409183 2.3042626395794166 3.5610523084382106 0.6914939199737187 -2.9495735697116476 
Pedestrian 2 0 -9999.0 -9999.0 -9999.0 -9999.0 1.6047004871739794 0.8225193905720728 0.8427564948210492 1.8511686715183846 4.499117305437619 0.5560641799494721 0.44083781423821833 
Pedestrian 6 0 -9999.0 -9999.0 -9999.0 -9999.0 1.8 0.7815797515521649 0.729516349447393 23.3926713951242 -2.252895842936299 -1.2457282549310666 -3.016788347569884 
Pedestrian 7 0 -9999.0 -9999.0 -9999.0 -9999.0 1.85 0.7446143281153959 0.7378356243838986 23.049814510635937 -2.9387645024304225 -1.2281983643485277 -3.0167473323324607 
Pedestrian 9 0 -9999.0 -9999.0 -9999.0 -9999.0 1.7388951330758573 0.762844615165235 0.6125796005267553 19.07269279861036 2.513558699204264 -0.702936599334866 2.048847965307184 
Pedestrian 10 0 -9999.0 -9999.0 -9999.0 -9999.0 1.7238665634959034 0.765649395571576 0.6782236572752955 19.70171883086908 2.411318124849059 -0.7890743033200804 2.0406628960453794 
Car 1 0 -9999.0 -9999.0 -9999.0 -9999.0 1.9636838768401188 5.159477280173534 1.9749927503715075 8.71321832125958 -3.133154782444185 0.28822031981309854 0.07789770972332022 
Pedestrian 11 0 -9999.0 -9999.0 -9999.0 -9999.0 1.833843394516407 0.888361750840276 0.8547891083331658 43.18248735510246 -1.6746753209240597 -2.8642292645342886 -3.070074726627192 
Pedestrian 44 0 -9999.0 -9999.0 -9999.0 -9999.0 1.773026559218124 1 0.9694486388550138 -16.784061028919012 2.8267438625233234 2.4191716671024426 -3.073322621819541 
Pedestrian 43 0 -9999.0 -9999.0 -9999.0 -9999.0 1.6975355979754738 1 1.115836959245979 -16.936815292071074 1.7943675343181216 2.3994689600131593 -3.076074260808536 
Pedestrian 18 0 -9999.0 -9999.0 -9999.0 -9999.0 1.553791531556044 0.9350978240778415 0.7014189842208715 6.223190692749999 -1.3459618690956658 0.334569146458402 0.002496895172978242 
Pedestrian 17 0 -9999.0 -9999.0 -9999.0 -9999.0 1.6786936986616088 0.9385842718372612 0.8570610823441984 6.573766237594301 -0.6088226344885695 0.3327228392347492 0.04640396899826982 
Pedestrian 19 0 -9999.0 -9999.0 -9999.0 -9999.0 1.88766995436284 0.8473523143195599 0.8020167022554571 25.79547595698694 1.0131781048594728 -1.3377097856416478 0.556115857917348 
Pedestrian 20 0 -9999.0 -9999.0 -9999.0 -9999.0 1.8942850025152396 0.7837367986462382 0.6986151564054772 25.170058246796373 0.37913974298220515 -1.2295461961416707 0.5561158303592801 
Pedestrian 8 0 -9999.0 -9999.0 -9999.0 -9999.0 1.7182020193881877 0.84040506779357 0.7617142683117479 21.23520265551063 -3.692984532141359 -0.9337212806191351 -3.1198563486763806 
Pedestrian 36 0 -9999.0 -9999.0 -9999.0 -9999.0 1.85 0.8455221526426029 0.7795427445654814 -6.307636892546788 5.0574628855366335 1.2828464141948492 -1.1350935540575087 
Pedestrian 1002 0 -9999.0 -9999.0 -9999.0 -9999.0 1.5480067025273518 0.5644233003512866 0.6213012349133786 29.630692460601114 -3.2604058034714063 -1.8889388746332392 -3.043520129541184 
Pedestrian 16 0 -9999.0 -9999.0 -9999.0 -9999.0 1.5480067025273518 0.5644233003512866 0.6213012349133786 29.554692175942932 -3.9780566363021976 -1.9271918377981492 -3.0435201277337622 
Pedestrian 34 0 -9999.0 -9999.0 -9999.0 -9999.0 1.8 0.742563890087286 0.7166973150341831 -7.2640661390753145 4.914863691712939 1.3110438513403717 -1.233742127275539 
Pedestrian 27 0 -9999.0 -9999.0 -9999.0 -9999.0 1.8 0.8271693526588353 0.8407252643496999 29.7318553389131 -0.2706439288009128 -1.6169807041992197 1.5950742613641289 
Pedestrian 503 0 -9999.0 -9999.0 -9999.0 -9999.0 1.5098862519504819 0.7016892788347073 0.6244449312827264 23.9065266628334 5.2468145552122305 -1.0242025468792464 2.395193348729382 
Pedestrian 28 0 -9999.0 -9999.0 -9999.0 -9999.0 1.9344750647178444 0.9180852004756592 0.7505107045290647 42.06924571764803 0.05604638233127193 -3.2322476026237386 0.005317841350900743 
Pedestrian 22 0 -9999.0 -9999.0 -9999.0 -9999.0 1.7272234413230434 0.8930338539667776 0.7589542967325148 26.057684990640546 -4.237003636687765 -1.434887268518359 -3.0075534901998893 
Pedestrian 777 0 -9999.0 -9999.0 -9999.0 -9999.0 1.5601539586488533 0.7742910735758141 0.7734620811052282 -11.630539092914338 2.957893240758091 1.931269316624853 0.12298876312208407 
Pedestrian 502 0 -9999.0 -9999.0 -9999.0 -9999.0 1.5580631857725595 0.6324640994580073 0.6231826615974934 23.34795008633662 5.634412128966489 -0.9376319624693519 2.3848267767357942 
Pedestrian 45 0 -9999.0 -9999.0 -9999.0 -9999.0 1.840803791853019 0.9047965827395252 0.7795427445654814 7.905967780473901 -1.7844391096446195 0.2506631789808438 -3.103411943375413 
Pedestrain_sitting 20 0 -9999.0 -9999.0 -9999.0 -9999.0 0.9288023059382893 0.630173997091732 0.7116151379014846 10.910634289825465 5.289404796276869 0.18050116289153062 -3.033491670303409 
Car 4 0 -9999.0 -9999.0 -9999.0 -9999.0 2.0589564776245735 4.5 2.044844764170049 -33.16842334165628 6.729338495785961 4.0212437083593295 0.15975626962034806 
Pedestrian 200 0 -9999.0 -9999.0 -9999.0 -9999.0 1.7521106512660325 0.9162872598483918 0.6944942567378337 -8.650626028366775 3.3454280506722007 1.8898124302827488 -3.016673616859114 
Pedestrian 111 0 -9999.0 -9999.0 -9999.0 -9999.0 1.83889513307586 0.7017705575400481 0.6922125420881973 17.22119064960119 4.8924647949468385 -0.33126184622435145 0.27355191138330426 
Pedestrian 47 0 -9999.0 -9999.0 -9999.0 -9999.0 1.739259612086605 0.9765708634005151 0.6968829901888434 -11.028205571315603 2.2063967009522036 1.8816068490812443 0.2707157513488134 
Pedestrian 24 0 -9999.0 -9999.0 -9999.0 -9999.0 1.5665724604937843 0.8256175940025915 0.7327379765104859 19.985970883813952 -5.048557166427593 -0.9899830806641723 3.131483008430541 
Pedestrian 46 0 -9999.0 -9999.0 -9999.0 -9999.0 1.739259612086605 0.8137808070594968 0.7631092640473314 -10.866454381167815 2.8340439094398957 1.8820022622166934 0.2706960291282652 
Pedestrian 35 0 -9999.0 -9999.0 -9999.0 -9999.0 1.85 0.8455221526426029 0.8055941736449839 4.070561306283996 4.4918558169696725 0.4901153192777379 -3.0817746350703406 
Pedestrian 31 0 -9999.0 -9999.0 -9999.0 -9999.0 1.6183186744299025 0.6340866970656824 0.5322695037304019 61.10195715870462 -1.8984903231723518 -5.05238990051967 -3.0553355148965053 
Pedestrian 32 0 -9999.0 -9999.0 -9999.0 -9999.0 1.6264157795512513 0.6356555012147109 0.5322695037304019 60.507299177285624 -1.2273651064148283 -5.051219991437785 -3.056922019186569 
Pedestrian 39 0 -9999.0 -9999.0 -9999.0 -9999.0 1.6992181517554945 0.7236988029930532 0.6130136573276566 -8.721345897754437 2.6924066762865477 1.7861024612297678 -3.017248973681694 
Pedestrian 49 0 -9999.0 -9999.0 -9999.0 -9999.0 1.8880449392725787 0.7266739568839767 0.719062337692116 -13.125150125293883 -2.090684247431168 1.8682439678050962 1.1335959033866043 
Pedestrian 51 0 -9999.0 -9999.0 -9999.0 -9999.0 1.7084772160642387 0.6876926218915868 0.6022575416759411 -8.404358640208596 -2.4274344374614834 1.7326475543907958 1.7806207929365527 
Pedestrian 50 0 -9999.0 -9999.0 -9999.0 -9999.0 1.6682901068147347 0.7378107948553352 0.6318862957964667 -9.175038036900757 -2.3639292862317896 1.7849033471634588 1.774286363237355 
Pedestrian 37 0 -9999.0 -9999.0 -9999.0 -9999.0 1.7674898152527898 0.7851268766529278 0.7077031440696406 -3.985099705654824 2.246127133395472 1.3853996711212238 -2.9498313946021995 
Pedestrian 38 0 -9999.0 -9999.0 -9999.0 -9999.0 1.768936684463284 0.7798122203956248 0.6543593384916504 -3.8691765633114503 2.934968213816044 1.2465092525653088 -2.9507533256274385 
Pedestrian 48 0 -9999.0 -9999.0 -9999.0 -9999.0 1.8437648405814306 0.63 0.8639507388388924 -12.59511834721277 -1.6694447969996153 1.8549944074607891 0.18312756363265592 
Pedestrain_sitting 557 0 -9999.0 -9999.0 -9999.0 -9999.0 1.3003415906177906 0.5495013160563614 0.4849281347249202 22.682758708606244 -8.828769154100973 -1.0830051512543928 -0.004784684526701 
Pedestrain_sitting 556 0 -9999.0 -9999.0 -9999.0 -9999.0 1.3003415906177906 0.5495013160563614 0.4849281347249202 21.23906057332568 -8.677327064766365 -1.094726657320274 3.1368080825650217 
Pedestrain_sitting 555 0 -9999.0 -9999.0 -9999.0 -9999.0 1.3003415906177906 0.5495013160563614 0.4849281347249202 21.219736596535014 -7.955459883872536 -1.0970390982630085 3.1368080825650217 
Pedestrian 23 0 -9999.0 -9999.0 -9999.0 -9999.0 1.733985410563253 0.6134757942819711 0.7222749871810963 17.21513717878669 -4.854613335398161 -0.6513553642738266 -2.0191023197871907 
