Car 2 0 -9999.0 -9999.0 -9999.0 -9999.0 1.7161032172723623 4.3042446659889535 2.497900330371051 29.782031747190757 0.7086780112841631 -1.5593901365704879 0.07281321653102601 
Pedestrian 26 0 -9999.0 -9999.0 -9999.0 -9999.0 1.8 0.880638232653005 0.7173897124333324 35.60241712346717 -3.446206054302445 -2.274413776587128 -2.954805073580406 
Pedestrian 25 0 -9999.0 -9999.0 -9999.0 -9999.0 1.8 0.880638232653005 0.7173897124333324 35.72488401221756 -2.7537534461679507 -2.271983814616014 -2.954805073580406 
Car 3 0 -9999.0 -9999.0 -9999.0 -9999.0 1.4301220212552401 4 1.8633935758759457 55.5755735371517 -0.19804803361935563 -3.3127079728456614 -3.0521482483721982 
Pedestrian 42 0 -9999.0 -9999.0 -9999.0 -9999.0 1.9110630666244788 0.6648425352273584 0.7730646177530336 -22.68105958092316 0.8459211902558296 3.1233481977414397 -3.054854077934584 
Pedestrian 41 0 -9999.0 -9999.0 -9999.0 -9999.0 1.7717383253829708 0.6171990397476583 0.6601212154854279 -22.70368836917487 0.13715300530196597 3.045444678832471 -3.0681980678849285 
Pedestrain_sitting 21 0 -9999.0 -9999.0 -9999.0 -9999.0 0.9170967942404316 0.6239191457374971 0.6351946031908755 11.766643509422352 5.243015124146651 0.14905295771412752 0.1288762815640272 
Pedestrian 702 0 -9999.0 -9999.0 -9999.0 -9999.0 1.7242744269198185 0.63 0.6898739737048278 -30.24953771967696 4.087408250655189 3.62765277629066 -3.00732011091074 
Pedestrian 703 0 -9999.0 -9999.0 -9999.0 -9999.0 1.7717383253829708 0.63 0.6566716672544799 -30.052470632348072 4.7576357823585855 3.675101901739984 -3.00732011091074 
Pedestrian 1001 0 -9999.0 -9999.0 -9999.0 -9999.0 1.8190235843771385 0.6309324708718423 0.6213012349133786 32.3356652115388 2.8438820634912836 -1.5027692691468144 1.5959482666498452 
Pedestrian 765 0 -9999.0 -9999.0 -9999.0 -9999.0 1.765427731387784 0.6045377694180526 0.7280996093110779 29.740274684778296 2.3364161178007627 -1.4466080501515497 -2.8496125602387625 
Pedestrian 888 0 -9999.0 -9999.0 -9999.0 -9999.0 1.5366259275535865 0.5877254913696837 0.6357928477663076 12.606412003120285 7.395719396730693 0.26990491893732055 -3.050797537890517 
Pedestrian 223 0 -9999.0 -9999.0 -9999.0 -9999.0 1.7272234413230434 0.6942712320825266 0.6155335882708507 37.65426683210079 -6.959558969242856 -2.4555405523577307 0.6419837606003105 
Pedestrian 3 0 -9999.0 -9999.0 -9999.0 -9999.0 1.6413741868673242 0.9102319618606736 0.749658509723502 20.03900091116705 1.8306402771654926 -0.7956472588495204 -2.86591423304586 
Pedestrian 5 0 -9999.0 -9999.0 -9999.0 -9999.0 1.6467102258502564 0.8504990806290904 0.946862823709426 1.982273402401231 2.6933890419786266 0.8590942978271279 0.3192551711664695 
Pedestrian 4 0 -9999.0 -9999.0 -9999.0 -9999.0 1.7335733350919327 0.8234084053360446 0.7316008376188541 1.1302544195696314 2.737558065880307 0.9319857656561739 0.06996458125562377 
Pedestrian 1 0 -9999.0 -9999.0 -9999.0 -9999.0 1.830187787627785 0.8467364901875526 1.030957247409183 2.323416099789826 3.598947567022493 0.7532393170433117 -2.9612461512496324 
Pedestrian 2 0 -9999.0 -9999.0 -9999.0 -9999.0 1.6047004871739794 0.8225193905720728 0.8427564948210492 1.6673765950160653 4.557235187458747 0.6262432343351658 0.44103094666549403 
Pedestrian 6 0 -9999.0 -9999.0 -9999.0 -9999.0 1.8 0.7815797515521649 0.729516349447393 23.797610183783547 -2.3036390236636475 -1.2505609558734367 -3.0167883052738222 
Pedestrian 7 0 -9999.0 -9999.0 -9999.0 -9999.0 1.85 0.7446143281153959 0.7378356243838986 23.47499343452274 -2.964787031200842 -1.227056227673374 -3.0167473323324607 
Pedestrian 9 0 -9999.0 -9999.0 -9999.0 -9999.0 1.7388951330758573 0.762844615165235 0.6125796005267553 19.06062641742695 2.511835944076425 -0.643856920313605 2.044834343214868 
Pedestrian 10 0 -9999.0 -9999.0 -9999.0 -9999.0 1.7238665634959034 0.765649395571576 0.6782236572752955 19.656504920318028 2.427428115732369 -0.7277155566351604 2.0368306416585042 
Car 1 0 -9999.0 -9999.0 -9999.0 -9999.0 1.9636838768401188 5.159477280173534 1.9749927503715075 8.730876647292337 -3.134247099373572 0.28600677999228946 0.07789770973253063 
Pedestrian 11 0 -9999.0 -9999.0 -9999.0 -9999.0 1.833843394516407 0.888361750840276 0.8547891083331658 43.76393232862064 -1.664700330033949 -2.8873556768805235 -3.070074722195905 
Pedestrian 44 0 -9999.0 -9999.0 -9999.0 -9999.0 1.773026559218124 1 0.9694486388550138 -16.221908662923205 2.8089507009135284 2.367561548797205 -3.0742872250283675 
Pedestrian 43 0 -9999.0 -9999.0 -9999.0 -9999.0 1.6975355979754738 1 1.115836959245979 -16.382707120350513 1.7701161465267725 2.343982040685546 -3.077131097281093 
Pedestrian 18 0 -9999.0 -9999.0 -9999.0 -9999.0 1.553791531556044 0.9350978240778415 0.7014189842208715 5.941363411715498 -1.3004006399322197 0.37947378205908716 -0.01358617908782378 
Pedestrian 17 0 -9999.0 -9999.0 -9999.0 -9999.0 1.6786936986616088 0.9385842718372612 0.8570610823441984 6.225139828018168 -0.5329720437013564 0.44444296430364183 0.006157040908354006 
Pedestrian 19 0 -9999.0 -9999.0 -9999.0 -9999.0 1.88766995436284 0.8473523143195599 0.8020167022554571 25.50837096149121 1.1336728171555837 -1.2926668999436577 0.4665150713586037 
Pedestrian 20 0 -9999.0 -9999.0 -9999.0 -9999.0 1.8942850025152396 0.7837367986462382 0.6986151564054772 24.932428195630564 0.48561097452906593 -1.1945549158542765 0.4666650895691067 
Pedestrian 8 0 -9999.0 -9999.0 -9999.0 -9999.0 1.7182020193881877 0.84040506779357 0.7617142683117479 21.62249833988294 -3.7318849139903323 -0.972669758523327 -3.133076756375692 
Pedestrian 36 0 -9999.0 -9999.0 -9999.0 -9999.0 1.85 0.8455221526426029 0.7795427445654814 -6.27750433186133 5.15169710153458 1.3157177370368005 -1.135093508979267 
Pedestrian 1002 0 -9999.0 -9999.0 -9999.0 -9999.0 1.5480067025273518 0.5644233003512866 0.6213012349133786 30.10575782121944 -3.327165899893697 -1.8769383610080654 -3.043520129541184 
Pedestrian 16 0 -9999.0 -9999.0 -9999.0 -9999.0 1.5480067025273518 0.5644233003512866 0.6213012349133786 30.046756981840392 -4.042367681276216 -1.8897323318719657 -3.043520126651389 
Pedestrian 34 0 -9999.0 -9999.0 -9999.0 -9999.0 1.8 0.742563890087286 0.7166973150341831 -7.222335747751486 4.967443745504122 1.3405345777312783 -1.2337196666267545 
Pedestrian 27 0 -9999.0 -9999.0 -9999.0 -9999.0 1.8 0.8271693526588353 0.8407252643496999 29.747729611817284 -0.2678818497634416 -1.562856648383673 1.5784188400078172 
Pedestrian 503 0 -9999.0 -9999.0 -9999.0 -9999.0 1.5098862519504819 0.7016892788347073 0.6244449312827264 23.91110463744866 5.231344956538194 -0.9650772907100428 2.395193348729382 
Pedestrian 28 0 -9999.0 -9999.0 -9999.0 -9999.0 1.9344750647178444 0.9180852004756592 0.7505107045290647 42.18350925564049 -0.30008388997997304 -3.180834545536687 0.00531783854146628 
Pedestrian 22 0 -9999.0 -9999.0 -9999.0 -9999.0 1.7272234413230434 0.8930338539667776 0.7589542967325148 26.313092446570266 -4.3131135130638505 -1.4749609304269253 -3.007277725852669 
Pedestrian 777 0 -9999.0 -9999.0 -9999.0 -9999.0 1.5601539586488533 0.7742910735758141 0.7734620811052282 -11.916553516624656 3.0205612850235086 2.0425234317427567 0.14657376187039084 
Pedestrian 502 0 -9999.0 -9999.0 -9999.0 -9999.0 1.5580631857725595 0.6324640994580073 0.6231826615974934 23.337812801647086 5.657427961744338 -0.8683996890332764 2.3848395584626196 
Pedestrian 45 0 -9999.0 -9999.0 -9999.0 -9999.0 1.840803791853019 0.9047965827395252 0.7795427445654814 8.269833782998907 -1.7769603348154952 0.23890654826271435 -3.104768476774602 
Pedestrain_sitting 20 0 -9999.0 -9999.0 -9999.0 -9999.0 0.9288023059382893 0.630173997091732 0.7116151379014846 10.911192932105012 5.290248822161081 0.22404449876797938 -3.0334936547383418 
Car 4 0 -9999.0 -9999.0 -9999.0 -9999.0 2.0589564776245735 4.5 2.044844764170049 -33.158314368951814 6.729280433055569 4.062603188509684 0.15975626962034895 
Pedestrian 200 0 -9999.0 -9999.0 -9999.0 -9999.0 1.7521106512660325 0.9162872598483918 0.6944942567378337 -8.187606062000762 3.3104825312869184 1.906004421546413 -2.996177419249584 
Pedestrian 111 0 -9999.0 -9999.0 -9999.0 -9999.0 1.83889513307586 0.7017705575400481 0.6922125420881973 17.074741167679846 4.995196027252981 -0.31386995911943727 0.27355191138330426 
Pedestrian 47 0 -9999.0 -9999.0 -9999.0 -9999.0 1.739259612086605 0.9765708634005151 0.6968829901888434 -11.23691381379418 2.2119313462770807 1.9960874210579695 0.2707723510265492 
Pedestrian 24 0 -9999.0 -9999.0 -9999.0 -9999.0 1.5665724604937843 0.8256175940025915 0.7327379765104859 20.146590889160382 -5.076188885842448 -0.9987435954784826 3.131483008430541 
Pedestrian 46 0 -9999.0 -9999.0 -9999.0 -9999.0 1.739259612086605 0.8137808070594968 0.7631092640473314 -11.092236755540377 2.9072790351735716 2.0001573979352663 0.2706960291282652 
Pedestrian 35 0 -9999.0 -9999.0 -9999.0 -9999.0 1.85 0.8455221526426029 0.8055941736449839 4.375840016189982 4.372504173549149 0.5357066079130668 -3.081778585595792 
Pedestrian 31 0 -9999.0 -9999.0 -9999.0 -9999.0 1.6183186744299025 0.6340866970656824 0.5322695037304019 60.59283118963147 -2.0736174042662645 -4.938404040792425 -3.0553355148965053 
Pedestrian 32 0 -9999.0 -9999.0 -9999.0 -9999.0 1.6264157795512513 0.6356555012147109 0.5322695037304019 60.567504236264654 -1.5586207587266965 -5.0311811136528775 -3.056922019186569 
Pedestrian 39 0 -9999.0 -9999.0 -9999.0 -9999.0 1.6992181517554945 0.7236988029930532 0.6130136573276566 -8.270837188272294 2.6546981173802626 1.770806685557294 -2.9969058386621903 
Pedestrian 49 0 -9999.0 -9999.0 -9999.0 -9999.0 1.8880449392725787 0.7266739568839767 0.719062337692116 -13.143285831768655 -2.011443911137304 1.8514054026192597 1.1335959673486453 
Pedestrian 51 0 -9999.0 -9999.0 -9999.0 -9999.0 1.7084772160642387 0.6876926218915868 0.6022575416759411 -8.406467781508578 -2.3958504243411354 1.7945053174743761 1.7806207929365527 
Pedestrian 50 0 -9999.0 -9999.0 -9999.0 -9999.0 1.6682901068147347 0.7378107948553352 0.6318862957964667 -9.185903948449493 -2.371617000616494 1.784376508010817 1.774286363237355 
Pedestrian 37 0 -9999.0 -9999.0 -9999.0 -9999.0 1.7674898152527898 0.7851268766529278 0.7077031440696406 -3.576512333523442 2.158272153453044 1.295235874777714 -2.948770111856577 
Pedestrian 38 0 -9999.0 -9999.0 -9999.0 -9999.0 1.768936684463284 0.7798122203956248 0.6543593384916504 -3.4238815562760943 2.8551764850597205 1.268849037830807 -2.950594715609082 
Pedestrian 48 0 -9999.0 -9999.0 -9999.0 -9999.0 1.8437648405814306 0.63 0.8639507388388924 -12.583521641247444 -1.5948383714959593 1.839331881297657 0.18315608887544066 
Pedestrain_sitting 557 0 -9999.0 -9999.0 -9999.0 -9999.0 1.3003415906177906 0.5495013160563614 0.4849281347249202 22.66880591265349 -8.828894672970083 -1.078850883856525 -0.004784678048240565 
Pedestrain_sitting 556 0 -9999.0 -9999.0 -9999.0 -9999.0 1.3003415906177906 0.5495013160563614 0.4849281347249202 21.23952809330682 -8.685374642679209 -1.089191754660838 3.1368080825650217 
Pedestrain_sitting 555 0 -9999.0 -9999.0 -9999.0 -9999.0 1.3003415906177906 0.5495013160563614 0.4849281347249202 21.220149048032177 -7.959953252105914 -1.09117556065974 3.1368080825650217 
Pedestrian 23 0 -9999.0 -9999.0 -9999.0 -9999.0 1.733985410563253 0.6134757942819711 0.7222749871810963 17.220345577865352 -4.857672523801162 -0.6590932193940294 -2.0191023197871907 
