Car 2 0 -9999.0 -9999.0 -9999.0 -9999.0 1.7161032172723623 4.3042446659889535 2.497900330371051 29.6292525124844 1.0794774969742493 -2.362237321872935 0.07281321653102601 
Pedestrian 26 0 -9999.0 -9999.0 -9999.0 -9999.0 1.8 0.880638232653005 0.7173897124333324 25.85203266149479 -3.907365834565728 -1.924417636303251 -2.954805073580406 
Pedestrian 25 0 -9999.0 -9999.0 -9999.0 -9999.0 1.8 0.880638232653005 0.7173897124333324 25.958549067915946 -3.077749328021402 -1.965567624194303 -2.954805073580406 
Car 3 0 -9999.0 -9999.0 -9999.0 -9999.0 1.4301220212552401 4 1.8633935758759457 55.41767351446127 -0.18388697560376643 -3.531587099677495 -3.0521482483721982 
Pedestrian 42 0 -9999.0 -9999.0 -9999.0 -9999.0 1.9110630666244788 0.6648425352273584 0.7730646177530336 -27.290215561118295 0.5062593278443717 2.630852642539276 1.1802917962724493 
Pedestrian 41 0 -9999.0 -9999.0 -9999.0 -9999.0 1.7717383253829708 0.6171990397476583 0.6601212154854279 -26.743313581593725 1.0214319206271167 2.5456479679684376 1.1345254604444488 
Pedestrain_sitting 21 0 -9999.0 -9999.0 -9999.0 -9999.0 0.9170967942404316 0.6239191457374971 0.6351946031908755 11.702301567142163 5.242472067127175 -0.9800412022659192 0.1300242141568475 
Pedestrian 1001 0 -9999.0 -9999.0 -9999.0 -9999.0 1.8190235843771385 0.6309324708718423 0.6213012349133786 32.22573076234534 2.6266553736074245 -2.2768859198216203 1.5959482749342007 
Pedestrian 765 0 -9999.0 -9999.0 -9999.0 -9999.0 1.765427731387784 0.6045377694180526 0.7280996093110779 29.408345876160904 2.3408050729907424 -2.1914302779275836 -1.6939644111431598 
Pedestrian 888 0 -9999.0 -9999.0 -9999.0 -9999.0 1.5366259275535865 0.5877254913696837 0.6357928477663076 12.336497563639268 8.318777088137347 -0.6271486917772183 -3.1055462254756065 
Pedestrian 223 0 -9999.0 -9999.0 -9999.0 -9999.0 1.7272234413230434 0.6942712320825266 0.6155335882708507 37.10778304280072 -7.105062035920314 -3.1307785649585913 0.6419837792443417 
Pedestrian 3 0 -9999.0 -9999.0 -9999.0 -9999.0 1.6413741868673242 0.9102319618606736 0.749658509723502 9.452726995773348 3.070913767235881 -0.8154878855582789 -2.86591423304586 
Pedestrian 5 0 -9999.0 -9999.0 -9999.0 -9999.0 1.6467102258502564 0.8504990806290904 0.946862823709426 5.720701480702171 3.0184743615599174 -0.4286240572371527 -0.02279108112568551 
Pedestrian 4 0 -9999.0 -9999.0 -9999.0 -9999.0 1.7335733350919327 0.8234084053360446 0.7316008376188541 4.946398478067266 3.415254121596351 -0.3499869622724459 -0.12854707924126352 
Pedestrian 1 0 -9999.0 -9999.0 -9999.0 -9999.0 1.830187787627785 0.8467364901875526 1.030957247409183 2.116075242333548 3.619074557230335 -0.04640557566641195 -3.057680941963694 
Pedestrian 2 0 -9999.0 -9999.0 -9999.0 -9999.0 1.6047004871739794 0.8225193905720728 0.8427564948210492 2.9677575760967514 3.8273989098221555 -0.25894699304849017 0.44407083327362074 
Pedestrian 6 0 -9999.0 -9999.0 -9999.0 -9999.0 1.8 0.7815797515521649 0.729516349447393 13.589176391336396 -0.7043493375874101 -0.9537259343949597 -3.016746100672684 
Pedestrian 7 0 -9999.0 -9999.0 -9999.0 -9999.0 1.85 0.7446143281153959 0.7378356243838986 13.377319334506486 -1.4220613410484422 -0.9279798436679715 -3.0167473323324607 
Pedestrian 9 0 -9999.0 -9999.0 -9999.0 -9999.0 1.7388951330758573 0.762844615165235 0.6125796005267553 15.306931537214675 2.0218518845453946 -1.2327602850373407 -3.0619791234370304 
Pedestrian 10 0 -9999.0 -9999.0 -9999.0 -9999.0 1.7238665634959034 0.765649395571576 0.6782236572752955 15.481334847578353 1.5169419188109419 -1.2441116912325991 -3.0619480137985953 
Car 1 0 -9999.0 -9999.0 -9999.0 -9999.0 1.9636838768401188 5.159477280173534 1.9749927503715075 8.426795671869343 -3.09116744281138 -0.41164637579326746 0.07789770938450324 
Pedestrian 11 0 -9999.0 -9999.0 -9999.0 -9999.0 1.833843394516407 0.888361750840276 0.8547891083331658 29.39513904860242 -1.1768927133924785 -2.293466906732803 -3.070074770211871 
Pedestrian 44 0 -9999.0 -9999.0 -9999.0 -9999.0 1.773026559218124 1 0.9694486388550138 -29.806154520778282 3.998028075028184 2.8438452409567727 -3.0445454107601044 
Pedestrian 43 0 -9999.0 -9999.0 -9999.0 -9999.0 1.6975355979754738 1 1.115836959245979 -29.869811612686053 3.078305904323007 2.922432153492565 -3.044545402943646 
Pedestrian 18 0 -9999.0 -9999.0 -9999.0 -9999.0 1.553791531556044 0.9350978240778415 0.7014189842208715 14.28352825122651 -3.551015184680562 -1.1360447228891393 0.2603459311480183 
Pedestrian 17 0 -9999.0 -9999.0 -9999.0 -9999.0 1.6786936986616088 0.9385842718372612 0.8570610823441984 14.695679990862418 -3.0837877317064613 -1.0785980394563923 0.2293792596278248 
Pedestrian 19 0 -9999.0 -9999.0 -9999.0 -9999.0 1.88766995436284 0.8473523143195599 0.8020167022554571 32.459769536041 -0.0814623753216864 -2.3742786023272546 -0.013908045332657437 
Pedestrian 20 0 -9999.0 -9999.0 -9999.0 -9999.0 1.8942850025152396 0.7837367986462382 0.6986151564054772 32.048593173561734 -0.5830490916714721 -2.3523047036539055 -0.018586871628698987 
Pedestrian 8 0 -9999.0 -9999.0 -9999.0 -9999.0 1.7182020193881877 0.84040506779357 0.7617142683117479 13.59175609882969 -2.362487457928847 -1.0167984602159112 -3.0886032457065475 
Pedestrian 36 0 -9999.0 -9999.0 -9999.0 -9999.0 1.85 0.8455221526426029 0.7795427445654814 -6.198131868196407 4.915854353797104 0.7002118274903932 -1.121573832117873 
Pedestrian 1002 0 -9999.0 -9999.0 -9999.0 -9999.0 1.5480067025273518 0.5644233003512866 0.6213012349133786 18.96676293117598 -2.0900450958360737 -1.43934808601069 -3.043520129541184 
Pedestrian 16 0 -9999.0 -9999.0 -9999.0 -9999.0 1.5480067025273518 0.5644233003512866 0.6213012349133786 18.723485649048612 -2.724825986486237 -1.4150097795306935 -3.043520124082173 
Pedestrian 34 0 -9999.0 -9999.0 -9999.0 -9999.0 1.8 0.742563890087286 0.7166973150341831 -6.897242188079827 5.142187048171361 0.6813756795680354 -2.3596156030001687 
Pedestrian 503 0 -9999.0 -9999.0 -9999.0 -9999.0 1.5098862519504819 0.7016892788347073 0.6244449312827264 23.3892780536622 5.093331356623133 -1.8577090698014407 2.395193348729382 
Pedestrian 14 0 -9999.0 -9999.0 -9999.0 -9999.0 1.5350666013118595 0.6767124353147551 0.6338965826401189 21.252455871957572 -1.0354743000001692 -1.7223302165529435 -2.903903339351947 
Pedestrian 15 0 -9999.0 -9999.0 -9999.0 -9999.0 1.4995242359067946 0.6433493585685015 0.616020103352135 21.194217654279516 -1.6921308970790623 -1.7286151968459769 -2.9146582108787413 
Pedestrian 22 0 -9999.0 -9999.0 -9999.0 -9999.0 1.7272234413230434 0.8930338539667776 0.7589542967325148 20.266122435099877 -3.838673976732003 -1.667818037404843 -3.0157962000812724 
Pedestrian 777 0 -9999.0 -9999.0 -9999.0 -9999.0 1.5601539586488533 0.7742910735758141 0.7734620811052282 -6.4111215940610355 -1.5991930273329216 0.71194786487836 0.728632328328997 
Pedestrian 502 0 -9999.0 -9999.0 -9999.0 -9999.0 1.5580631857725595 0.6324640994580073 0.6231826615974934 22.653385234408194 5.31174483575887 -1.661944236433836 2.384830979912147 
Pedestrian 45 0 -9999.0 -9999.0 -9999.0 -9999.0 1.840803791853019 0.9047965827395252 0.7795427445654814 -1.0821706432251132 -2.3859129458879735 0.3696933069858349 3.1354613119275374 
Pedestrain_sitting 20 0 -9999.0 -9999.0 -9999.0 -9999.0 0.9288023059382893 0.630173997091732 0.7116151379014846 10.935548087581083 5.35420598079521 -0.8581027385784475 -3.0334449738563762 
Car 4 0 -9999.0 -9999.0 -9999.0 -9999.0 2.0589564776245735 4.5 2.044844764170049 -33.29511600305733 6.782426439721847 3.1654091321177433 0.15975626962034895 
Pedestrian 52 0 -9999.0 -9999.0 -9999.0 -9999.0 1.85 0.8063422351422711 0.648255271894977 -2.004828317397061 -10.545083619766928 0.7551560115086589 3.0157783739316972 
Pedestrian 200 0 -9999.0 -9999.0 -9999.0 -9999.0 1.7521106512660325 0.9162872598483918 0.6944942567378337 -18.941134505311343 4.051561433918623 1.8153775245888022 -3.0360267016626867 
Pedestrian 47 0 -9999.0 -9999.0 -9999.0 -9999.0 1.739259612086605 0.9765708634005151 0.6968829901888434 -7.207205490031022 -1.55076638222291 0.7994342748234325 0.7620820831996609 
Pedestrian 24 0 -9999.0 -9999.0 -9999.0 -9999.0 1.5665724604937843 0.8256175940025915 0.7327379765104859 17.652878087915653 -4.751891636488696 -1.3929230129754888 -1.6969110549248363 
Pedestrian 46 0 -9999.0 -9999.0 -9999.0 -9999.0 1.739259612086605 0.8137808070594968 0.7631092640473314 -7.009162438325615 -0.8881487127907093 0.7911832209480514 0.7625429023096579 
Pedestrian 35 0 -9999.0 -9999.0 -9999.0 -9999.0 1.85 0.8455221526426029 0.8055941736449839 -6.177777817559466 3.72534118053233 0.7777359659828871 3.1128085364954092 
Pedestrian 39 0 -9999.0 -9999.0 -9999.0 -9999.0 1.6992181517554945 0.7236988029930532 0.6130136573276566 -18.894450620875652 3.38677134449797 1.8685521152847162 -3.0360254235389146 
Pedestrian 49 0 -9999.0 -9999.0 -9999.0 -9999.0 1.8880449392725787 0.7266739568839767 0.719062337692116 -13.345448043344906 -1.8291069184226751 1.3786888486003253 1.1352207788468345 
Pedestrian 51 0 -9999.0 -9999.0 -9999.0 -9999.0 1.7084772160642387 0.6876926218915868 0.6022575416759411 -8.72565936320188 -2.326723613095028 1.047126266569981 1.7806207929365527 
Pedestrian 50 0 -9999.0 -9999.0 -9999.0 -9999.0 1.6682901068147347 0.7378107948553352 0.6318862957964667 -9.481486422939975 -2.031098693032158 1.0492195775944804 1.774286363237355 
Pedestrian 37 0 -9999.0 -9999.0 -9999.0 -9999.0 1.7674898152527898 0.7851268766529278 0.7077031440696406 -14.241607648010179 3.7509164123912364 1.3721083705308 -2.949576710022555 
Pedestrian 38 0 -9999.0 -9999.0 -9999.0 -9999.0 1.768936684463284 0.7798122203956248 0.6543593384916504 -14.100390004587057 4.38670304540387 1.359654563562347 -2.9494269809314897 
Pedestrian 48 0 -9999.0 -9999.0 -9999.0 -9999.0 1.8437648405814306 0.63 0.8639507388388924 -12.818352358352401 -1.4355272231243243 1.3678581005725388 0.18306875539230472 
Pedestrian 23 0 -9999.0 -9999.0 -9999.0 -9999.0 1.733985410563253 0.6134757942819711 0.7222749871810963 16.911243550335946 -4.870561175955426 -1.3042700956119637 -2.0191023197871907 
