Car 2 0 -9999.0 -9999.0 -9999.0 -9999.0 1.7161032172723623 4.3042446659889535 2.497900330371051 29.693214992793052 1.2852223974501777 -2.1585462373280535 0.07281321653102601 
Pedestrian 26 0 -9999.0 -9999.0 -9999.0 -9999.0 1.8 0.880638232653005 0.7173897124333324 31.777919139489608 -3.7996779554729336 -2.0845611686532606 -2.954805073580406 
Pedestrian 25 0 -9999.0 -9999.0 -9999.0 -9999.0 1.8 0.880638232653005 0.7173897124333324 31.80063258142284 -3.064201413674767 -2.077493140855592 -2.954805073580406 
Car 3 0 -9999.0 -9999.0 -9999.0 -9999.0 1.4301220212552401 4 1.8633935758759457 55.514360371497176 -0.1925582105314196 -3.397560932463925 -3.0521482483721982 
Pedestrian 42 0 -9999.0 -9999.0 -9999.0 -9999.0 1.9110630666244788 0.6648425352273584 0.7730646177530336 -26.372756847356335 0.7846223700274201 3.205425360165191 2.982905752636608 
Pedestrian 41 0 -9999.0 -9999.0 -9999.0 -9999.0 1.7717383253829708 0.6171990397476583 0.6601212154854279 -26.392988954439275 0.10853319668067615 3.1212773657025137 2.973637456371115 
Pedestrain_sitting 21 0 -9999.0 -9999.0 -9999.0 -9999.0 0.9170967942404316 0.6239191457374971 0.6351946031908755 11.741700042637342 5.242804597012287 -0.28866343191499055 0.1293213010565335 
Pedestrian 702 0 -9999.0 -9999.0 -9999.0 -9999.0 1.7242744269198185 0.63 0.6898739737048278 -34.83540660650298 4.706403145234032 3.8424903370067183 -3.00732011091074 
Pedestrian 703 0 -9999.0 -9999.0 -9999.0 -9999.0 1.7717383253829708 0.63 0.6566716672544799 -34.6880999995461 5.4318754878186475 3.8800182361970865 -3.00732011091074 
Pedestrian 1001 0 -9999.0 -9999.0 -9999.0 -9999.0 1.8190235843771385 0.6309324708718423 0.6213012349133786 32.19344539509212 3.001944389676248 -1.9367039850364556 1.5959482667484295 
Pedestrian 765 0 -9999.0 -9999.0 -9999.0 -9999.0 1.765427731387784 0.6045377694180526 0.7280996093110779 29.281504977164868 2.3761805792209088 -1.8072755299682393 -1.5906075331648921 
Pedestrian 888 0 -9999.0 -9999.0 -9999.0 -9999.0 1.5366259275535865 0.5877254913696837 0.6357928477663076 13.643192705887909 7.931827760904049 -0.2789108455083097 -3.099099714892489 
Pedestrian 223 0 -9999.0 -9999.0 -9999.0 -9999.0 1.7272234413230434 0.6942712320825266 0.6155335882708507 37.472815455274514 -6.901588770130083 -2.6748193532378832 0.6419837606293735 
Pedestrian 3 0 -9999.0 -9999.0 -9999.0 -9999.0 1.6413741868673242 0.9102319618606736 0.749658509723502 15.868580817407903 1.9537678078185552 -0.7054571961339967 -2.865914225951471 
Pedestrian 5 0 -9999.0 -9999.0 -9999.0 -9999.0 1.6467102258502564 0.8504990806290904 0.946862823709426 3.69254862846919 2.507393766218641 0.3293256631917473 0.3569803396339948 
Pedestrian 4 0 -9999.0 -9999.0 -9999.0 -9999.0 1.7335733350919327 0.8234084053360446 0.7316008376188541 2.1566364906925446 2.562725593428257 0.5684979654017175 0.05649793533349623 
Pedestrian 1 0 -9999.0 -9999.0 -9999.0 -9999.0 1.830187787627785 0.8467364901875526 1.030957247409183 2.24889202183337 3.8037214150863647 0.5356033558755036 -3.045474429526797 
Pedestrian 2 0 -9999.0 -9999.0 -9999.0 -9999.0 1.6047004871739794 0.8225193905720728 0.8427564948210492 2.914469586740778 3.803955744717001 0.36508089342866923 0.4437092086206871 
Pedestrian 6 0 -9999.0 -9999.0 -9999.0 -9999.0 1.8 0.7815797515521649 0.729516349447393 19.88211034259295 -1.673837205576958 -0.9135065217346816 -3.0168106415510536 
Pedestrian 7 0 -9999.0 -9999.0 -9999.0 -9999.0 1.85 0.7446143281153959 0.7378356243838986 19.413066760360667 -2.319173842262014 -0.9061602912568603 -3.0167473323324607 
Pedestrian 9 0 -9999.0 -9999.0 -9999.0 -9999.0 1.7388951330758573 0.762844615165235 0.6125796005267553 18.52863092652377 2.4424457959127728 -0.9431753683618886 2.1108500201469678 
Pedestrian 10 0 -9999.0 -9999.0 -9999.0 -9999.0 1.7238665634959034 0.765649395571576 0.6782236572752955 19.073852717767856 2.140136425583174 -1.008658152149306 2.1132910216318344 
Car 1 0 -9999.0 -9999.0 -9999.0 -9999.0 1.9636838768401188 5.159477280173534 1.9749927503715075 8.533112285242524 -3.1188596639508748 0.15576695097195514 0.07789770955753195 
Pedestrian 11 0 -9999.0 -9999.0 -9999.0 -9999.0 1.833843394516407 0.888361750840276 0.8547891083331658 38.0977278924445 -1.6758743456800804 -2.808371572806384 -3.070074765668801 
Pedestrian 44 0 -9999.0 -9999.0 -9999.0 -9999.0 1.773026559218124 1 0.9694486388550138 -21.507263168088706 3.0266083286214043 2.883237873300167 -3.0463222806346213 
Pedestrian 43 0 -9999.0 -9999.0 -9999.0 -9999.0 1.6975355979754738 1 1.115836959245979 -21.624442885647827 1.9922717909953995 2.7720149107368157 -3.0464921953329274 
Pedestrian 18 0 -9999.0 -9999.0 -9999.0 -9999.0 1.553791531556044 0.9350978240778415 0.7014189842208715 9.028861995905523 -1.8871973222716956 -0.0926835960663621 0.15427037426573698 
Pedestrian 17 0 -9999.0 -9999.0 -9999.0 -9999.0 1.6786936986616088 0.9385842718372612 0.8570610823441984 9.34897220514969 -1.202759534587584 -0.042260545305009306 0.11025568655689799 
Pedestrian 19 0 -9999.0 -9999.0 -9999.0 -9999.0 1.88766995436284 0.8473523143195599 0.8020167022554571 28.157550245127656 -0.09881420330802673 -1.7248182819883977 -0.06151334342354886 
Pedestrian 20 0 -9999.0 -9999.0 -9999.0 -9999.0 1.8942850025152396 0.7837367986462382 0.6986151564054772 27.500452952707658 -0.5360829773264839 -1.7168122499102434 0.06670210180503489 
Pedestrian 8 0 -9999.0 -9999.0 -9999.0 -9999.0 1.7182020193881877 0.84040506779357 0.7617142683117479 18.690117485140355 -3.3739284187803427 -0.8459252111923548 -3.008737509335649 
Pedestrian 36 0 -9999.0 -9999.0 -9999.0 -9999.0 1.85 0.8455221526426029 0.7795427445654814 -6.447932830390428 5.078900780060166 1.2548901087698736 -1.1350885882067558 
Pedestrian 1002 0 -9999.0 -9999.0 -9999.0 -9999.0 1.5480067025273518 0.5644233003512866 0.6213012349133786 25.53130451076885 -2.937080816140364 -1.6036080337970575 -3.043520129541184 
Pedestrian 16 0 -9999.0 -9999.0 -9999.0 -9999.0 1.5480067025273518 0.5644233003512866 0.6213012349133786 25.422304087435545 -3.590971012742392 -1.623064255261946 -3.043520129768721 
Pedestrian 34 0 -9999.0 -9999.0 -9999.0 -9999.0 1.8 0.742563890087286 0.7166973150341831 -7.367668997008172 5.051724859518127 1.5045065859587712 -1.2343337283615998 
Pedestrian 27 0 -9999.0 -9999.0 -9999.0 -9999.0 1.8 0.8271693526588353 0.8407252643496999 29.631289586833066 -0.14251927878106008 -1.9719314008650164 1.5883714347908802 
Pedestrian 503 0 -9999.0 -9999.0 -9999.0 -9999.0 1.5098862519504819 0.7016892788347073 0.6244449312827264 23.902442687256517 5.2452019162253976 -1.4934492464603963 2.395193348729382 
Pedestrian 14 0 -9999.0 -9999.0 -9999.0 -9999.0 1.5350666013118595 0.6767124353147551 0.6338965826401189 25.2559852681029 2.4589134318253896 -1.5979466552379524 1.8228641456394392 
Pedestrian 15 0 -9999.0 -9999.0 -9999.0 -9999.0 1.4995242359067946 0.6433493585685015 0.616020103352135 25.79646125093367 2.2440585051234048 -1.5884603800854944 1.8214054373617952 
Pedestrian 22 0 -9999.0 -9999.0 -9999.0 -9999.0 1.7272234413230434 0.8930338539667776 0.7589542967325148 23.841816626960668 -4.226096084933205 -1.397564164750282 -3.0152726749569876 
Pedestrian 777 0 -9999.0 -9999.0 -9999.0 -9999.0 1.5601539586488533 0.7742910735758141 0.7734620811052282 -12.363574757530447 1.1321149069027252 1.7772236515802728 1.6230314262003436 
Pedestrian 502 0 -9999.0 -9999.0 -9999.0 -9999.0 1.5580631857725595 0.6324640994580073 0.6231826615974934 23.275184569021167 5.55793538655685 -1.3848903385903029 2.384830979894442 
Pedestrian 45 0 -9999.0 -9999.0 -9999.0 -9999.0 1.840803791853019 0.9047965827395252 0.7795427445654814 5.113924222106459 -1.9339220392195344 0.407571811248015 3.1354613119275374 
Pedestrain_sitting 20 0 -9999.0 -9999.0 -9999.0 -9999.0 0.9288023059382893 0.630173997091732 0.7116151379014846 10.891281075866077 5.294228476172619 -0.1825154817973036 -3.033474782601143 
Car 4 0 -9999.0 -9999.0 -9999.0 -9999.0 2.0589564776245735 4.5 2.044844764170049 -33.25121834879488 6.780150188263953 3.9136521322164497 0.15975626962034895 
Pedestrian 200 0 -9999.0 -9999.0 -9999.0 -9999.0 1.7521106512660325 0.9162872598483918 0.6944942567378337 -12.620404053345656 3.388209955133969 1.9969419436592828 -3.0313596635638067 
Pedestrian 47 0 -9999.0 -9999.0 -9999.0 -9999.0 1.739259612086605 0.9765708634005151 0.6968829901888434 -11.429169351195927 0.9938177739361069 1.759916684693971 1.7751230335672155 
Pedestrian 24 0 -9999.0 -9999.0 -9999.0 -9999.0 1.5665724604937843 0.8256175940025915 0.7327379765104859 17.768207386224198 -4.788850019226784 -0.9660707314755718 -1.6983326958152176 
Pedestrian 46 0 -9999.0 -9999.0 -9999.0 -9999.0 1.739259612086605 0.8137808070594968 0.7631092640473314 -10.669463444879772 1.3934817257032928 1.7269665462078643 1.7772241064609329 
Pedestrian 35 0 -9999.0 -9999.0 -9999.0 -9999.0 1.85 0.8455221526426029 0.8055941736449839 0.09376338680387108 5.293584099524279 0.7346904701393389 -3.0816345818085242 
Pedestrian 39 0 -9999.0 -9999.0 -9999.0 -9999.0 1.6992181517554945 0.7236988029930532 0.6130136573276566 -12.602785122235153 2.7429873321572766 1.9893470325508722 -3.031051708724661 
Pedestrian 49 0 -9999.0 -9999.0 -9999.0 -9999.0 1.8880449392725787 0.7266739568839767 0.719062337692116 -13.218920001726605 -2.2613336434608593 1.8228740580230811 1.1335992218177733 
Pedestrian 51 0 -9999.0 -9999.0 -9999.0 -9999.0 1.7084772160642387 0.6876926218915868 0.6022575416759411 -8.542883682202959 -2.501080026217157 1.5899576621935128 1.7806207929365527 
Pedestrian 50 0 -9999.0 -9999.0 -9999.0 -9999.0 1.6682901068147347 0.7378107948553352 0.6318862957964667 -9.339512863171475 -2.3548579294680585 1.5708449053749052 1.774286363237355 
Pedestrian 37 0 -9999.0 -9999.0 -9999.0 -9999.0 1.7674898152527898 0.7851268766529278 0.7077031440696406 -7.759733296054661 2.5073741154013085 1.486532937313222 -2.9499703842881253 
Pedestrian 38 0 -9999.0 -9999.0 -9999.0 -9999.0 1.768936684463284 0.7798122203956248 0.6543593384916504 -7.671263532628535 3.1637078607532056 1.4270385674063657 -2.949528615622592 
Pedestrian 48 0 -9999.0 -9999.0 -9999.0 -9999.0 1.8437648405814306 0.63 0.8639507388388924 -12.67454316774772 -1.7849514455473396 1.8040172021729899 0.18307147768079357 
Pedestrain_sitting 556 0 -9999.0 -9999.0 -9999.0 -9999.0 1.3003415906177906 0.5495013160563614 0.4849281347249202 21.222451872409405 -8.621301779673946 -1.1254045676759012 3.1368080825650217 
Pedestrain_sitting 555 0 -9999.0 -9999.0 -9999.0 -9999.0 1.3003415906177906 0.5495013160563614 0.4849281347249202 21.202765206609175 -7.905613044937631 -1.1243303272388199 3.1368080825650217 
Pedestrian 23 0 -9999.0 -9999.0 -9999.0 -9999.0 1.733985410563253 0.6134757942819711 0.7222749871810963 17.081860154095637 -4.8477051217059834 -0.7774902809569479 -2.0191023197871907 
