Car 2 0 -9999.0 -9999.0 -9999.0 -9999.0 1.7161032172723623 4.3042446659889535 2.497900330371051 29.626168909530044 1.2953239620210941 -2.1991751352225495 0.07281321653102601 
Pedestrian 26 0 -9999.0 -9999.0 -9999.0 -9999.0 1.8 0.880638232653005 0.7173897124333324 26.646285421065294 -3.9615939281206995 -1.9061575620427333 -2.954805073580406 
Pedestrian 25 0 -9999.0 -9999.0 -9999.0 -9999.0 1.8 0.880638232653005 0.7173897124333324 26.710403138359165 -3.183885208190178 -1.928824176906253 -2.954805073580406 
Car 3 0 -9999.0 -9999.0 -9999.0 -9999.0 1.4301220212552401 4 1.8633935758759457 55.43056894396051 -0.1850434854139814 -3.5137116092195337 -3.0521482483721982 
Pedestrian 42 0 -9999.0 -9999.0 -9999.0 -9999.0 1.9110630666244788 0.6648425352273584 0.7730646177530336 -27.16662846053824 0.32007705689784344 2.608331530339267 1.2252770166844922 
Pedestrian 41 0 -9999.0 -9999.0 -9999.0 -9999.0 1.7717383253829708 0.6171990397476583 0.6601212154854279 -26.78717588519227 0.8743199128537958 2.5526505310306247 1.2044679409312264 
Pedestrain_sitting 21 0 -9999.0 -9999.0 -9999.0 -9999.0 0.9170967942404316 0.6239191457374971 0.6351946031908755 11.707556265440369 5.242516417681339 -0.8878299796838307 0.1299304644311139 
Pedestrian 1001 0 -9999.0 -9999.0 -9999.0 -9999.0 1.8190235843771385 0.6309324708718423 0.6213012349133786 32.22674137063758 2.6128156901777406 -2.1855078064858335 1.5959482730676866 
Pedestrian 765 0 -9999.0 -9999.0 -9999.0 -9999.0 1.765427731387784 0.6045377694180526 0.7280996093110779 29.49553508203187 2.43024393696251 -2.065945864935693 -1.695953908299634 
Pedestrian 888 0 -9999.0 -9999.0 -9999.0 -9999.0 1.5366259275535865 0.5877254913696837 0.6357928477663076 12.282460009331716 8.320715754452728 -0.4071762247856132 -3.1058980388627067 
Pedestrian 223 0 -9999.0 -9999.0 -9999.0 -9999.0 1.7272234413230434 0.6942712320825266 0.6155335882708507 37.16559962415094 -7.045195518361131 -2.8966983249559437 0.6419837606293735 
Pedestrian 3 0 -9999.0 -9999.0 -9999.0 -9999.0 1.6413741868673242 0.9102319618606736 0.749658509723502 10.266626396122955 2.937530370502066 -0.7620057937534706 -2.86591423304586 
Pedestrian 5 0 -9999.0 -9999.0 -9999.0 -9999.0 1.6467102258502564 0.8504990806290904 0.7324788173464449 5.403259256728233 2.9735126764871884 -0.29732031665761566 -0.06266070394900503 
Pedestrian 4 0 -9999.0 -9999.0 -9999.0 -9999.0 1.7335733350919327 0.8234084053360446 0.7316008376188541 4.4472401412351035 3.242829262467372 -0.17794760116282576 -0.0019727456535285626 
Pedestrian 1 0 -9999.0 -9999.0 -9999.0 -9999.0 1.830187787627785 0.8467364901875526 1.030957247409183 2.181601334353571 3.6042305924271067 0.07086783007709338 -3.070795112066273 
Pedestrian 2 0 -9999.0 -9999.0 -9999.0 -9999.0 1.6047004871739794 0.8225193905720728 0.8427564948210492 2.881926140456851 3.8611216561828376 -0.13006255170380873 0.44407005233036134 
Pedestrian 6 0 -9999.0 -9999.0 -9999.0 -9999.0 1.8 0.7815797515521649 0.729516349447393 14.376188255153375 -0.8080751771677446 -0.9423397621360194 -3.0167461393268837 
Pedestrian 7 0 -9999.0 -9999.0 -9999.0 -9999.0 1.85 0.7446143281153959 0.7378356243838986 14.14997537726021 -1.4012523036998537 -0.9105269240650251 -3.0167473323324607 
Pedestrian 9 0 -9999.0 -9999.0 -9999.0 -9999.0 1.7388951330758573 0.762844615165235 0.6125796005267553 15.84143657815145 1.9983460321648405 -1.166368988180638 -3.085883044677555 
Pedestrian 10 0 -9999.0 -9999.0 -9999.0 -9999.0 1.7238665634959034 0.765649395571576 0.6782236572752955 16.100134701539677 1.4817552779264 -1.1901946011396536 -3.086114247214054 
Car 1 0 -9999.0 -9999.0 -9999.0 -9999.0 1.9636838768401188 5.159477280173534 1.9749927503715075 8.422264239356828 -3.08575722646845 -0.30562344513326833 0.07789770993907297 
Pedestrian 11 0 -9999.0 -9999.0 -9999.0 -9999.0 1.833843394516407 0.888361750840276 0.8547891083331658 30.54694189116004 -1.2258833774816964 -2.2753513024694803 -3.0700747652080373 
Pedestrian 44 0 -9999.0 -9999.0 -9999.0 -9999.0 1.773026559218124 1 0.9694486388550138 -28.758961086817916 3.6057595734787387 2.9554739961628775 -3.044545407769192 
Pedestrian 43 0 -9999.0 -9999.0 -9999.0 -9999.0 1.6975355979754738 1 1.115836959245979 -28.83944941201716 2.6506960717929173 2.858473995355621 -3.044545411660309 
Pedestrian 18 0 -9999.0 -9999.0 -9999.0 -9999.0 1.553791531556044 0.9350978240778415 0.7014189842208715 13.530278026599829 -3.4160933189973637 -1.0349893657648868 0.2770146222156882 
Pedestrian 17 0 -9999.0 -9999.0 -9999.0 -9999.0 1.6786936986616088 0.9385842718372612 0.8570610823441984 13.750688384514609 -2.9062539243289307 -0.9762133494127312 0.29212036293334087 
Pedestrian 19 0 -9999.0 -9999.0 -9999.0 -9999.0 1.88766995436284 0.8473523143195599 0.8020167022554571 31.86330895245628 -0.13494165750153236 -2.2251453460623285 -0.01377256766041235 
Pedestrian 20 0 -9999.0 -9999.0 -9999.0 -9999.0 1.8942850025152396 0.7837367986462382 0.6986151564054772 31.40433945343253 -0.7767669632845505 -2.2035655029390844 -0.0171274290948098 
Pedestrian 8 0 -9999.0 -9999.0 -9999.0 -9999.0 1.7182020193881877 0.84040506779357 0.7617142683117479 14.23608119096612 -2.414458953976178 -0.950844536323912 -3.0142013086835 
Pedestrian 36 0 -9999.0 -9999.0 -9999.0 -9999.0 1.85 0.8455221526426029 0.7795427445654814 -6.04523378845454 5.050928110631369 0.7289644966543002 -1.1396574245929134 
Pedestrian 1002 0 -9999.0 -9999.0 -9999.0 -9999.0 1.5480067025273518 0.5644233003512866 0.6213012349133786 19.829973314266798 -2.186314379755552 -1.515328067127954 -3.043520129541184 
Pedestrian 16 0 -9999.0 -9999.0 -9999.0 -9999.0 1.5480067025273518 0.5644233003512866 0.6213012349133786 19.57273459047164 -2.922795935263085 -1.528081753135694 -3.0435201293389174 
Pedestrian 34 0 -9999.0 -9999.0 -9999.0 -9999.0 1.8 0.742563890087286 0.7166973150341831 -6.746682203986257 5.305854222276836 0.6910034576473801 -1.1100978726249533 
Pedestrian 503 0 -9999.0 -9999.0 -9999.0 -9999.0 1.5098862519504819 0.7016892788347073 0.6244449312827264 23.379398797388976 4.939955058005666 -1.8572867067831282 2.395193348729382 
Pedestrian 14 0 -9999.0 -9999.0 -9999.0 -9999.0 1.5350666013118595 0.6767124353147551 0.6338965826401189 22.046535297900174 -0.8425652545451905 -1.7288655883162127 3.104258766820063 
Pedestrian 15 0 -9999.0 -9999.0 -9999.0 -9999.0 1.4995242359067946 0.6433493585685015 0.616020103352135 21.99769796341007 -1.4615222369759806 -1.7079987407195818 3.1039837731333044 
Pedestrian 22 0 -9999.0 -9999.0 -9999.0 -9999.0 1.7272234413230434 0.8930338539667776 0.7589542967325148 20.78210093066048 -3.7296415252637254 -1.6282733109073497 -3.015780943525632 
Pedestrian 777 0 -9999.0 -9999.0 -9999.0 -9999.0 1.5601539586488533 0.7742910735758141 0.7734620811052282 -7.111650453611052 -0.8035752693965762 0.7777632829391437 0.7946026019751296 
Pedestrian 502 0 -9999.0 -9999.0 -9999.0 -9999.0 1.5580631857725595 0.6324640994580073 0.6231826615974934 22.502667085742242 5.219603720519886 -1.657254423926726 2.3848309798340495 
Pedestrian 45 0 -9999.0 -9999.0 -9999.0 -9999.0 1.840803791853019 0.9047965827395252 0.7795427445654814 -0.1957577447461595 -2.392727002667202 0.36601456955299166 3.1354613119275374 
Pedestrain_sitting 20 0 -9999.0 -9999.0 -9999.0 -9999.0 0.9288023059382893 0.630173997091732 0.7116151379014846 10.92664913954389 5.342473996964092 -0.7667545310170031 -3.0334489495421977 
Car 4 0 -9999.0 -9999.0 -9999.0 -9999.0 2.0589564776245735 4.5 2.044844764170049 -33.40994765483052 6.809611848725791 3.447596745650929 0.15975626962034895 
Pedestrian 52 0 -9999.0 -9999.0 -9999.0 -9999.0 1.85 0.8063422351422711 0.648255271894977 -2.05724189394715 -10.52018035475685 0.7671027773346615 3.0157783739316972 
Pedestrian 200 0 -9999.0 -9999.0 -9999.0 -9999.0 1.7521106512660325 0.9162872598483918 0.6944942567378337 -18.035517818592055 4.0324656553926195 1.873838393823823 -3.0357786953700607 
Pedestrian 47 0 -9999.0 -9999.0 -9999.0 -9999.0 1.739259612086605 0.9765708634005151 0.6968829901888434 -7.887610228816498 -1.0561840311678075 0.9576047384229587 0.213077742442362 
Pedestrian 24 0 -9999.0 -9999.0 -9999.0 -9999.0 1.5665724604937843 0.8256175940025915 0.7327379765104859 17.641490833443285 -4.760145515996492 -1.4025184611843144 -1.6969119783799371 
Pedestrian 46 0 -9999.0 -9999.0 -9999.0 -9999.0 1.739259612086605 0.8137808070594968 0.7631092640473314 -7.789783066480011 -0.40494110099837316 0.9380306710527849 0.21720200911297738 
Pedestrian 35 0 -9999.0 -9999.0 -9999.0 -9999.0 1.85 0.8455221526426029 0.8055941736449839 -5.281462576854879 3.948574185674144 0.8344373457309632 3.074643190893763 
Pedestrian 39 0 -9999.0 -9999.0 -9999.0 -9999.0 1.6992181517554945 0.7236988029930532 0.6130136573276566 -17.9948367352601 3.37835232962387 1.9276405227536932 -3.0357810033122874 
Pedestrian 49 0 -9999.0 -9999.0 -9999.0 -9999.0 1.8880449392725787 0.7266739568839767 0.719062337692116 -13.342703362662128 -1.817311432530555 1.4913558207689168 1.1340265213878 
Pedestrian 51 0 -9999.0 -9999.0 -9999.0 -9999.0 1.7084772160642387 0.6876926218915868 0.6022575416759411 -8.627033853862196 -2.3361807110452544 0.9610565295703334 1.7806207929365527 
Pedestrian 50 0 -9999.0 -9999.0 -9999.0 -9999.0 1.6682901068147347 0.7378107948553352 0.6318862957964667 -9.351258865819572 -2.041667994122051 0.9565665576673605 1.774286363237355 
Pedestrian 37 0 -9999.0 -9999.0 -9999.0 -9999.0 1.7674898152527898 0.7851268766529278 0.7077031440696406 -13.370453312690028 3.560844358957984 1.4064995376899934 -2.949520237114907 
Pedestrian 38 0 -9999.0 -9999.0 -9999.0 -9999.0 1.768936684463284 0.7798122203956248 0.6543593384916504 -13.381288452839499 4.237232891912449 1.385049144533028 -2.9494594530045006 
Pedestrian 48 0 -9999.0 -9999.0 -9999.0 -9999.0 1.8437648405814306 0.63 0.8639507388388924 -12.809611097454193 -1.4697491917879077 1.4493405074856356 0.18306890005463483 
Pedestrian 23 0 -9999.0 -9999.0 -9999.0 -9999.0 1.733985410563253 0.6134757942819711 0.7222749871810963 16.921579447657056 -4.859337613596471 -1.2787980354685236 -2.0191023197871907 
