Car 2 0 -9999.0 -9999.0 -9999.0 -9999.0 1.7161032172723623 4.3042446659889535 2.497900330371051 29.62618234761064 1.2816845936045589 -2.1090224085497375 0.07281321653102601 
Pedestrian 26 0 -9999.0 -9999.0 -9999.0 -9999.0 1.8 0.880638232653005 0.7173897124333324 28.219167164342924 -3.9703017974287054 -2.010273947244516 -2.954805073580406 
Pedestrian 25 0 -9999.0 -9999.0 -9999.0 -9999.0 1.8 0.880638232653005 0.7173897124333324 28.251600866677435 -3.2110730441691313 -2.0125833260182007 -2.954805073580406 
Car 3 0 -9999.0 -9999.0 -9999.0 -9999.0 1.4301220212552401 4 1.8633935758759457 55.45635194552587 -0.1873558003507493 -3.4779715201836154 -3.0521482483721982 
Pedestrian 42 0 -9999.0 -9999.0 -9999.0 -9999.0 1.9110630666244788 0.6648425352273584 0.7730646177530336 -27.277897127159576 0.24624759140156835 2.9622335167426828 1.4329362450474754 
Pedestrian 41 0 -9999.0 -9999.0 -9999.0 -9999.0 1.7717383253829708 0.6171990397476583 0.6601212154854279 -26.79445762094426 0.6688400128489982 2.8088847989025956 1.4364901517744464 
Pedestrain_sitting 21 0 -9999.0 -9999.0 -9999.0 -9999.0 0.9170967942404316 0.6239191457374971 0.6351946031908755 11.718062460248085 5.24260509176602 -0.7034637205903982 0.12974302210315614 
Pedestrian 702 0 -9999.0 -9999.0 -9999.0 -9999.0 1.7242744269198185 0.63 0.6898739737048278 -39.50533790132794 5.720120830687133 4.057584775513345 -3.00732011091074 
Pedestrian 1001 0 -9999.0 -9999.0 -9999.0 -9999.0 1.8190235843771385 0.6309324708718423 0.6213012349133786 32.173072141793476 2.695490604072486 -2.268594712426914 1.5959482677691614 
Pedestrian 765 0 -9999.0 -9999.0 -9999.0 -9999.0 1.765427731387784 0.6045377694180526 0.7280996093110779 29.374841750813538 2.4581691587408674 -2.0841242940746505 -1.6697088791229895 
Pedestrian 888 0 -9999.0 -9999.0 -9999.0 -9999.0 1.5366259275535865 0.5877254913696837 0.6357928477663076 12.796981645886133 8.34346979528507 -0.3439043408377874 -3.104851095496441 
Pedestrian 223 0 -9999.0 -9999.0 -9999.0 -9999.0 1.7272234413230434 0.6942712320825266 0.6155335882708507 37.294532527329636 -6.9407947209348375 -2.643179643994288 0.6419837426157962 
Pedestrian 3 0 -9999.0 -9999.0 -9999.0 -9999.0 1.6413741868673242 0.9102319618606736 0.749658509723502 12.119087947624264 2.750694314446649 -0.7051587143310125 -2.86591423304586 
Pedestrian 5 0 -9999.0 -9999.0 -9999.0 -9999.0 1.6467102258502564 0.8504990806290904 0.946862823709426 4.685841160581014 2.677388318462022 -0.052323774620833 0.11552433899075076 
Pedestrian 4 0 -9999.0 -9999.0 -9999.0 -9999.0 1.7335733350919327 0.8234084053360446 0.7316008376188541 3.4252635825059183 2.999642236829017 0.07445043935801847 0.04165783904178877 
Pedestrian 1 0 -9999.0 -9999.0 -9999.0 -9999.0 1.830187787627785 0.8467364901875526 1.030957247409183 2.1456805069101117 3.582466877477957 0.19883312834743705 -3.0647418951411822 
Pedestrian 2 0 -9999.0 -9999.0 -9999.0 -9999.0 1.6047004871739794 0.8225193905720728 0.8427564948210492 2.8879768439489704 3.8495690083236758 0.022355349581315666 0.44401085284774666 
Pedestrian 6 0 -9999.0 -9999.0 -9999.0 -9999.0 1.8 0.7815797515521649 0.729516349447393 16.043698250741404 -1.0733863482120625 -0.9310437346969025 -3.0167461106019857 
Pedestrian 7 0 -9999.0 -9999.0 -9999.0 -9999.0 1.85 0.7446143281153959 0.7378356243838986 15.742006495549672 -1.7545369919219298 -0.9068686678952218 -3.0167473323324607 
Pedestrian 9 0 -9999.0 -9999.0 -9999.0 -9999.0 1.7388951330758573 0.762844615165235 0.6125796005267553 16.836164858086995 2.016169560979491 -1.0792737971972737 3.041210169270384 
Pedestrian 10 0 -9999.0 -9999.0 -9999.0 -9999.0 1.7238665634959034 0.765649395571576 0.6782236572752955 17.237572800735002 1.5373546273476453 -1.123958760795289 3.039940755652191 
Car 1 0 -9999.0 -9999.0 -9999.0 -9999.0 1.9636838768401188 5.159477280173534 1.9749927503715075 8.425560207902404 -3.089740042769643 -0.13159343227743817 0.0778977101519942 
Pedestrian 11 0 -9999.0 -9999.0 -9999.0 -9999.0 1.833843394516407 0.888361750840276 0.8547891083331658 32.94813115937844 -1.2706112098335431 -2.4709861900467174 -3.070074760858013 
Pedestrian 44 0 -9999.0 -9999.0 -9999.0 -9999.0 1.773026559218124 1 0.9694486388550138 -26.589906377542214 3.3789136464281073 2.788281083380589 -3.044545406381234 
Pedestrian 43 0 -9999.0 -9999.0 -9999.0 -9999.0 1.6975355979754738 1 1.115836959245979 -26.684672725557 2.343000907770983 2.7631640530821318 -3.0445454069293163 
Pedestrian 18 0 -9999.0 -9999.0 -9999.0 -9999.0 1.553791531556044 0.9350978240778415 0.7014189842208715 11.955934991552391 -2.7045482010853807 -0.6979268663817678 0.4892476369132819 
Pedestrian 17 0 -9999.0 -9999.0 -9999.0 -9999.0 1.6786936986616088 0.9385842718372612 0.8570610823441984 12.51880318976979 -2.21432270513468 -0.6754258326106422 0.46051877104994077 
Pedestrian 19 0 -9999.0 -9999.0 -9999.0 -9999.0 1.88766995436284 0.8473523143195599 0.8020167022554571 30.574225404702755 -0.2836720722449975 -2.1127181903601007 -0.014781871982570749 
Pedestrian 20 0 -9999.0 -9999.0 -9999.0 -9999.0 1.8942850025152396 0.7837367986462382 0.6986151564054772 30.155292503402514 -0.8492251622792161 -2.1121535988963718 -0.01411661037983336 
Pedestrian 8 0 -9999.0 -9999.0 -9999.0 -9999.0 1.7182020193881877 0.84040506779357 0.7617142683117479 15.7000738312111 -2.838132994189732 -0.9427642597980861 -2.913148449804922 
Pedestrian 36 0 -9999.0 -9999.0 -9999.0 -9999.0 1.85 0.8455221526426029 0.7795427445654814 -6.1497206501968344 5.228048283929759 0.8617346969160418 -1.1350935540575087 
Pedestrian 1002 0 -9999.0 -9999.0 -9999.0 -9999.0 1.5480067025273518 0.5644233003512866 0.6213012349133786 21.482808911795807 -2.488904512227808 -1.5094241203385967 -3.043520129541184 
Pedestrian 16 0 -9999.0 -9999.0 -9999.0 -9999.0 1.5480067025273518 0.5644233003512866 0.6213012349133786 21.211587352510012 -3.3204170974245706 -1.5044953112848656 -3.0435201620027748 
Pedestrian 34 0 -9999.0 -9999.0 -9999.0 -9999.0 1.8 0.742563890087286 0.7166973150341831 -6.964403193065785 5.351224022794495 0.8513873459400694 -1.2067104076823725 
Pedestrian 503 0 -9999.0 -9999.0 -9999.0 -9999.0 1.5098862519504819 0.7016892788347073 0.6244449312827264 23.511753098849685 5.226050728300259 -1.3843245148757541 2.395193348729382 
Pedestrian 14 0 -9999.0 -9999.0 -9999.0 -9999.0 1.5350666013118595 0.6767124353147551 0.6338965826401189 22.9909735142096 -0.1746196446905774 -1.638817998778875 2.1986037637894604 
Pedestrian 15 0 -9999.0 -9999.0 -9999.0 -9999.0 1.4995242359067946 0.6433493585685015 0.616020103352135 23.426509227517464 -0.8146299580446236 -1.6237052290715468 2.2243867139740914 
Pedestrian 22 0 -9999.0 -9999.0 -9999.0 -9999.0 1.7272234413230434 0.8930338539667776 0.7589542967325148 21.759906241861568 -4.090976323495746 -1.4433326372780848 -3.015780943525632 
Pedestrian 777 0 -9999.0 -9999.0 -9999.0 -9999.0 1.5601539586488533 0.7742910735758141 0.7734620811052282 -9.08027580293841 0.4897831727572957 1.1051885634319978 0.5541507082945945 
Pedestrian 502 0 -9999.0 -9999.0 -9999.0 -9999.0 1.5580631857725595 0.6324640994580073 0.6231826615974934 22.733646006575466 5.570616309287166 -1.1698246493633158 2.384830981364445 
Pedestrian 45 0 -9999.0 -9999.0 -9999.0 -9999.0 1.840803791853019 0.9047965827395252 0.7795427445654814 1.5562990118872408 -2.2601666207351427 0.4145783568252782 3.1354613119275374 
Pedestrain_sitting 20 0 -9999.0 -9999.0 -9999.0 -9999.0 0.9288023059382893 0.630173997091732 0.7116151379014846 10.910831713418057 5.32147869936723 -0.5849335029504361 -3.0334568984913766 
Car 4 0 -9999.0 -9999.0 -9999.0 -9999.0 2.0589564776245735 4.5 2.044844764170049 -33.48980529457205 6.806529846994684 3.3872485701814545 0.15975626962034895 
Pedestrian 200 0 -9999.0 -9999.0 -9999.0 -9999.0 1.7521106512660325 0.9162872598483918 0.6944942567378337 -16.248944500446097 3.753602838937828 1.7987437315197894 -3.03593827465569 
Pedestrian 47 0 -9999.0 -9999.0 -9999.0 -9999.0 1.739259612086605 0.9765708634005151 0.6968829901888434 -9.525925906737179 -0.632017924478116 1.2815099557096756 0.12001545539581926 
Pedestrian 24 0 -9999.0 -9999.0 -9999.0 -9999.0 1.5665724604937843 0.8256175940025915 0.7327379765104859 17.645491162952887 -4.813221585720379 -1.1717474885034969 -1.696913758877585 
Pedestrian 46 0 -9999.0 -9999.0 -9999.0 -9999.0 1.739259612086605 0.8137808070594968 0.7631092640473314 -9.435427187459863 0.06851800516672785 1.2792730681611664 0.13036527771427942 
Pedestrian 35 0 -9999.0 -9999.0 -9999.0 -9999.0 1.85 0.8455221526426029 0.8055941736449839 -3.5754081404817484 4.527882731628054 0.7827564824891745 3.0809737508410944 
Pedestrian 39 0 -9999.0 -9999.0 -9999.0 -9999.0 1.6992181517554945 0.7236988029930532 0.6130136573276566 -16.252426765748375 3.1297400307018624 1.8141636518813478 -3.03593827465569 
Pedestrian 49 0 -9999.0 -9999.0 -9999.0 -9999.0 1.8880449392725787 0.7266739568839767 0.719062337692116 -13.398331787448381 -2.04119361525683 1.5453913895806564 1.133596236092222 
Pedestrian 51 0 -9999.0 -9999.0 -9999.0 -9999.0 1.7084772160642387 0.6876926218915868 0.6022575416759411 -8.665071512971727 -2.3532195859932585 1.286712520171796 1.7806207929365527 
Pedestrian 50 0 -9999.0 -9999.0 -9999.0 -9999.0 1.6682901068147347 0.7378107948553352 0.6318862957964667 -9.391641736478865 -2.1727079566750858 1.275801036547052 1.774286363237355 
Pedestrian 37 0 -9999.0 -9999.0 -9999.0 -9999.0 1.7674898152527898 0.7851268766529278 0.7077031440696406 -11.65981253663247 3.151310452685219 1.3418911980662163 -2.949517594504819 
Pedestrian 38 0 -9999.0 -9999.0 -9999.0 -9999.0 1.768936684463284 0.7798122203956248 0.6543593384916504 -11.684669099760596 3.8128947282898267 1.249423220092374 -2.950033948993873 
Pedestrian 48 0 -9999.0 -9999.0 -9999.0 -9999.0 1.8437648405814306 0.63 0.8639507388388924 -12.801284994591965 -1.6643679218278513 1.5169931533304368 0.18306880697216155 
Pedestrian 23 0 -9999.0 -9999.0 -9999.0 -9999.0 1.733985410563253 0.6134757942819711 0.7222749871810963 16.952278248576317 -4.844294149815095 -1.0587348308351823 -2.0191023197871907 
