Car 2 0 -9999.0 -9999.0 -9999.0 -9999.0 1.7161032172723623 4.3042446659889535 2.497900330371051 29.5378275315834 0.7471559055862546 -2.6786847090383916 0.07281321653102601 
Pedestrian 26 0 -9999.0 -9999.0 -9999.0 -9999.0 1.8 0.880638232653005 0.7173897124333324 24.059840293469644 -3.627190165074262 -2.288113973450068 -2.954805073580406 
Pedestrian 42 0 -9999.0 -9999.0 -9999.0 -9999.0 1.9110630666244788 0.6648425352273584 0.7730646177530336 -27.21451439523176 0.37744523982758255 2.2161102796475376 1.1636834768104993 
Pedestrian 41 0 -9999.0 -9999.0 -9999.0 -9999.0 1.7717383253829708 0.6171990397476583 0.6601212154854279 -26.77968249491047 0.8964889411434488 2.1174402844416393 1.124738993796539 
Pedestrain_sitting 21 0 -9999.0 -9999.0 -9999.0 -9999.0 0.9170967942404316 0.6239191457374971 0.6351946031908755 11.690487175255626 5.242372351634955 -1.1873641460575999 0.13023499619155565 
Pedestrian 1001 0 -9999.0 -9999.0 -9999.0 -9999.0 1.8190235843771385 0.6309324708718423 0.6213012349133786 32.176112999831034 2.7287017366750805 -2.6361409385381935 1.5959482702726557 
Pedestrian 765 0 -9999.0 -9999.0 -9999.0 -9999.0 1.765427731387784 0.6045377694180526 0.7280996093110779 29.727267317268286 2.2489130889055495 -2.6998944091732704 -0.5848662631557708 
Pedestrian 888 0 -9999.0 -9999.0 -9999.0 -9999.0 1.5366259275535865 0.5877254913696837 0.6357928477663076 12.302174140074195 8.183223819807836 -1.5295061712342206 -3.1056615073381835 
Pedestrian 223 0 -9999.0 -9999.0 -9999.0 -9999.0 1.7272234413230434 0.6942712320825266 0.6155335882708507 37.277088870696986 -6.91156455603074 -3.2128766230378787 0.6419837472029943 
Pedestrian 3 0 -9999.0 -9999.0 -9999.0 -9999.0 1.6413741868673242 0.9102319618606736 0.749658509723502 7.549469264927304 3.5436757541860047 -0.9829107585617586 -2.86591423304586 
Pedestrian 5 0 -9999.0 -9999.0 -9999.0 -9999.0 1.6467102258502564 0.8504990806290904 0.7324788173464449 6.626651434340442 2.7619879718484426 -0.849511141502952 0.38712228971513074 
Pedestrian 4 0 -9999.0 -9999.0 -9999.0 -9999.0 1.7335733350919327 0.8234084053360446 0.7316008376188541 6.082461826041976 2.9622965868438267 -0.7463990035897122 0.45917029532677844 
Pedestrian 1 0 -9999.0 -9999.0 -9999.0 -9999.0 1.830187787627785 0.8467364901875526 1.030957247409183 1.969104604135938 3.410858952710189 -0.38638006590184665 2.476926107320285 
Pedestrian 2 0 -9999.0 -9999.0 -9999.0 -9999.0 1.6047004871739794 0.8225193905720728 0.8427564948210492 2.84948288674885 3.840322576344643 -0.6280972665418703 0.444070767360758 
Pedestrian 6 0 -9999.0 -9999.0 -9999.0 -9999.0 1.8 0.7815797515521649 0.729516349447393 11.839061509486168 -0.5954051240487521 -1.0495635861722379 -3.0167461099620976 
Pedestrian 7 0 -9999.0 -9999.0 -9999.0 -9999.0 1.85 0.7446143281153959 0.7378356243838986 11.618187967367168 -1.2728655310217882 -1.0179100906732976 -3.0167473323324607 
Pedestrian 9 0 -9999.0 -9999.0 -9999.0 -9999.0 1.7388951330758573 0.762844615165235 0.6125796005267553 14.131948505335616 2.1830473118030533 -1.4281539834325567 -3.071650992569026 
Pedestrian 10 0 -9999.0 -9999.0 -9999.0 -9999.0 1.7238665634959034 0.765649395571576 0.6782236572752955 14.257493940475491 1.6298692033169968 -1.4377121930043564 -3.0714464031165924 
Car 1 0 -9999.0 -9999.0 -9999.0 -9999.0 1.9636838768401188 5.159477280173534 1.9749927503715075 8.446328950210178 -3.1215612929776237 -0.6911472288867697 0.07789770702419752 
Pedestrian 11 0 -9999.0 -9999.0 -9999.0 -9999.0 1.833843394516407 0.888361750840276 0.8547891083331658 26.922292643020775 -0.6290399369357091 -2.495932663991726 -3.0700747679968146 
Pedestrian 44 0 -9999.0 -9999.0 -9999.0 -9999.0 1.773026559218124 1 0.9694486388550138 -32.2779132370858 3.747605846070756 2.5323885258176606 -3.0445453747700775 
Pedestrian 43 0 -9999.0 -9999.0 -9999.0 -9999.0 1.6975355979754738 1 1.115836959245979 -32.37725223280067 2.680665612711278 2.75303561311741 -3.0445453673005467 
Pedestrian 18 0 -9999.0 -9999.0 -9999.0 -9999.0 1.553791531556044 0.9350978240778415 0.7014189842208715 15.94423937485102 -3.716066689465945 -1.5754773578703825 0.21543900811500105 
Pedestrian 17 0 -9999.0 -9999.0 -9999.0 -9999.0 1.6786936986616088 0.9385842718372612 0.8570610823441984 16.307708990363825 -2.976881594284038 -1.5315122969566628 0.23555179071239607 
Pedestrian 19 0 -9999.0 -9999.0 -9999.0 -9999.0 1.88766995436284 0.8473523143195599 0.8020167022554571 33.75128540340489 -0.03549640427258701 -2.736105234983233 -0.013661850370503714 
Pedestrian 20 0 -9999.0 -9999.0 -9999.0 -9999.0 1.8942850025152396 0.7837367986462382 0.6986151564054772 33.404758135226295 -0.76582924415073 -2.712679068790234 -0.02143090787731161 
Pedestrian 8 0 -9999.0 -9999.0 -9999.0 -9999.0 1.7182020193881877 0.84040506779357 0.7617142683117479 12.251818661353635 -2.345929555753211 -1.2233196513374232 -3.0706886576542693 
Pedestrian 36 0 -9999.0 -9999.0 -9999.0 -9999.0 1.85 0.8455221526426029 0.7795427445654814 -6.652668672198305 4.7132578881507925 0.38065190386541126 -1.6434066170373836 
Pedestrian 1002 0 -9999.0 -9999.0 -9999.0 -9999.0 1.5480067025273518 0.5644233003512866 0.6213012349133786 17.068908443743318 -1.9282127953306594 -1.69468011846628 -3.043520129541184 
Pedestrian 16 0 -9999.0 -9999.0 -9999.0 -9999.0 1.5480067025273518 0.5644233003512866 0.6213012349133786 16.97761753565172 -2.596617292551027 -1.652217633377195 -3.043520123183786 
Pedestrian 34 0 -9999.0 -9999.0 -9999.0 -9999.0 1.8 0.742563890087286 0.7166973150341831 -7.087640087444671 3.9950366354507687 0.37944308381913716 1.9423673561798473 
Pedestrian 503 0 -9999.0 -9999.0 -9999.0 -9999.0 1.5098862519504819 0.7016892788347073 0.6244449312827264 23.460126833996974 4.976854493130103 -2.1373794852999177 2.395193348729382 
Pedestrian 14 0 -9999.0 -9999.0 -9999.0 -9999.0 1.5350666013118595 0.6767124353147551 0.6338965826401189 19.614960486973704 -1.1462950333829243 -1.723043199375756 -3.0346727369826745 
Pedestrian 15 0 -9999.0 -9999.0 -9999.0 -9999.0 1.4995242359067946 0.6433493585685015 0.616020103352135 19.524444364392508 -1.817645520220919 -1.6991638835488307 -3.034172043926887 
Pedestrian 22 0 -9999.0 -9999.0 -9999.0 -9999.0 1.7272234413230434 0.8930338539667776 0.7589542967325148 19.092357831319287 -4.290744674417051 -1.6480963457094544 -3.0157793352815716 
Pedestrian 777 0 -9999.0 -9999.0 -9999.0 -9999.0 1.5601539586488533 0.7742910735758141 0.7734620811052282 -5.294752835680053 -2.8817945462037065 0.2786648291607541 0.5589886027965232 
Pedestrian 45 0 -9999.0 -9999.0 -9999.0 -9999.0 1.840803791853019 0.9047965827395252 0.7795427445654814 -2.783056553983804 -2.10621740847168 0.2198017022167841 3.1354613119275374 
Car 4 0 -9999.0 -9999.0 -9999.0 -9999.0 2.0589564776245735 4.5 2.044844764170049 -33.1613980800679 6.717849444665113 2.6579160649315297 0.15975626962034895 
Pedestrian 52 0 -9999.0 -9999.0 -9999.0 -9999.0 1.85 0.8063422351422711 0.648255271894977 -2.107423917835564 -10.23266056777324 0.4863231782196842 3.0157783739316972 
Pedestrian 53 0 -9999.0 -9999.0 -9999.0 -9999.0 1.85 0.6635819251292966 0.5936944772056624 -0.9310865927086838 -10.888035777055604 0.40558834160353174 2.928476607281148 
Pedestrian 200 0 -9999.0 -9999.0 -9999.0 -9999.0 1.7521106512660325 0.9162872598483918 0.6944942567378337 -20.94725902606365 3.9516068054363354 1.5966918520295206 -3.035931580786606 
Pedestrian 47 0 -9999.0 -9999.0 -9999.0 -9999.0 1.739259612086605 0.9765708634005151 0.6968829901888434 -5.9569431752552555 -2.6052423134389495 0.3894985634949294 0.6097833085947038 
Pedestrian 24 0 -9999.0 -9999.0 -9999.0 -9999.0 1.5665724604937843 0.8256175940025915 0.7327379765104859 17.681996956549373 -4.787593478764739 -1.4759671346723957 -1.6969117041237674 
Pedestrian 46 0 -9999.0 -9999.0 -9999.0 -9999.0 1.739259612086605 0.8137808070594968 0.7631092640473314 -5.581928451634393 -2.0169929848039545 0.3594859900788516 0.6097833085947038 
Pedestrian 35 0 -9999.0 -9999.0 -9999.0 -9999.0 1.85 0.8455221526426029 0.8055941736449839 -8.191918474822625 3.4381532962261465 0.5307521780947776 -3.107133142023585 
Pedestrian 39 0 -9999.0 -9999.0 -9999.0 -9999.0 1.6992181517554945 0.7236988029930532 0.6130136573276566 -20.915851533540515 3.2827017397720972 1.5932141077917896 -3.035905116782377 
Pedestrian 49 0 -9999.0 -9999.0 -9999.0 -9999.0 1.8880449392725787 0.7266739568839767 0.719062337692116 -13.401927480705993 -1.9635323985799042 1.0907616660958674 1.133596236092222 
Pedestrian 51 0 -9999.0 -9999.0 -9999.0 -9999.0 1.7084772160642387 0.6876926218915868 0.6022575416759411 -8.506716706302438 -2.350791578975199 0.6123283763603536 1.7806207929365527 
Pedestrian 50 0 -9999.0 -9999.0 -9999.0 -9999.0 1.6682901068147347 0.7378107948553352 0.6318862957964667 -9.46487223056099 -2.188479618077737 0.6065426682312947 1.774286363237355 
Pedestrian 37 0 -9999.0 -9999.0 -9999.0 -9999.0 1.7674898152527898 0.7851268766529278 0.7077031440696406 -16.130132827254535 3.594034724591912 1.1894459246895146 -2.949550596209807 
Pedestrian 38 0 -9999.0 -9999.0 -9999.0 -9999.0 1.768936684463284 0.7798122203956248 0.6543593384916504 -16.044357804986234 4.293866043504152 1.1688330252719086 -2.949408752934005 
Pedestrian 48 0 -9999.0 -9999.0 -9999.0 -9999.0 1.8437648405814306 0.63 0.8639507388388924 -12.82201564405062 -1.5866481181823127 1.0595721786649406 0.18306881561627542 
Pedestrian 23 0 -9999.0 -9999.0 -9999.0 -9999.0 1.733985410563253 0.6134757942819711 0.7222749871810963 16.893613306707962 -4.900049831003161 -1.3910407103953484 -2.0191023197871907 
