Car 2 0 -9999.0 -9999.0 -9999.0 -9999.0 1.7161032172723623 4.3042446659889535 2.497900330371051 29.815969715166286 0.6873076595868168 -1.2364446178093733 0.07281321653102601 
Pedestrian 26 0 -9999.0 -9999.0 -9999.0 -9999.0 1.8 0.880638232653005 0.7173897124333324 38.051862020235426 -3.2986016726713543 -2.1671320597016503 -2.954805073580406 
Pedestrian 25 0 -9999.0 -9999.0 -9999.0 -9999.0 1.8 0.880638232653005 0.7173897124333324 38.12960490037786 -2.5740603250074576 -2.1567830607138365 -2.954805073580406 
Car 3 0 -9999.0 -9999.0 -9999.0 -9999.0 1.4301220212552401 4 1.8633935758759457 55.61102253020788 -0.20122723042192395 -3.2635690017739605 -3.0521482483721982 
Pedestrain_sitting 21 0 -9999.0 -9999.0 -9999.0 -9999.0 0.9170967942404316 0.6239191457374971 0.6351946031908755 11.781088453927419 5.2431370419537835 0.4025377283615976 0.1286185675129552 
Pedestrian 1006 0 -9999.0 -9999.0 -9999.0 -9999.0 1.8319269034634074 0.7746621567225385 0.7296367421575172 29.0732603935722 -4.806313729392543 -1.399800565402061 1.6675008245860763 
Pedestrian 1005 0 -9999.0 -9999.0 -9999.0 -9999.0 1.7182020193881877 0.7271215203340413 0.7172417616036824 29.602853298497187 -4.832783761147266 -1.4515123795363225 1.6879401680849186 
Pedestrian 999 0 -9999.0 -9999.0 -9999.0 -9999.0 1.7478363069824068 0.6324640994580073 0.6450381271264 20.765153147804885 5.747410432020609 0.07058423315441067 2.31002494761068 
Pedestrian 702 0 -9999.0 -9999.0 -9999.0 -9999.0 1.7242744269198185 0.63 0.6898739737048278 -27.034253663468355 3.5359877195247433 3.560717771220336 -3.00732011091074 
Pedestrian 703 0 -9999.0 -9999.0 -9999.0 -9999.0 1.7717383253829708 0.63 0.6566716672544799 -26.99846002088274 4.2800006732212275 3.611430922334561 -3.00732011091074 
Pedestrian 1001 0 -9999.0 -9999.0 -9999.0 -9999.0 1.8190235843771385 0.6309324708718423 0.6213012349133786 32.38321705954915 2.7826328921803647 -1.4990083518929305 1.5959482666428269 
Pedestrian 888 0 -9999.0 -9999.0 -9999.0 -9999.0 1.5366259275535865 0.5877254913696837 0.6357928477663076 13.391615373058745 7.129868445300924 0.21396502232677772 -2.43879401478204 
Pedestrian 223 0 -9999.0 -9999.0 -9999.0 -9999.0 1.7272234413230434 0.6942712320825266 0.6155335882708507 37.41049107443195 -7.103024132170775 -2.2271562470613016 0.6419837606352399 
Pedestrian 3 0 -9999.0 -9999.0 -9999.0 -9999.0 1.6413741868673242 0.9102319618606736 0.749658509723502 22.45764602298816 2.1915238480377845 -0.7193423019777629 -2.8708529671325316 
Pedestrian 5 0 -9999.0 -9999.0 -9999.0 -9999.0 1.6467102258502564 0.8504990806290904 0.946862823709426 0.19946685672381798 2.912297114335927 1.2162576269351622 0.31934341683617795 
Pedestrian 4 0 -9999.0 -9999.0 -9999.0 -9999.0 1.7335733350919327 0.8234084053360446 0.7316008376188541 -0.6186447736753987 3.188953983236877 1.3125067101091463 0.0718036073657995 
Pedestrian 1 0 -9999.0 -9999.0 -9999.0 -9999.0 1.830187787627785 0.8467364901875526 1.030957247409183 2.2659450409432065 3.553346277753189 1.0113584438176875 -2.5052767434405414 
Pedestrian 2 0 -9999.0 -9999.0 -9999.0 -9999.0 1.6047004871739794 0.8225193905720728 0.8427564948210492 0.8337962731485292 4.585468922412604 1.093530806092492 0.4407872497701373 
Pedestrian 6 0 -9999.0 -9999.0 -9999.0 -9999.0 1.8 0.7815797515521649 0.729516349447393 26.01148482704843 -2.526550298570226 -1.0163006422924372 -3.0167883451595454 
Pedestrian 7 0 -9999.0 -9999.0 -9999.0 -9999.0 1.85 0.7446143281153959 0.7378356243838986 25.777633708564398 -3.2196522235390566 -1.0339558864445173 -3.0167473323324607 
Pedestrian 9 0 -9999.0 -9999.0 -9999.0 -9999.0 1.7388951330758573 0.762844615165235 0.6125796005267553 19.071840948380576 2.5216755531731714 -0.4418093252512571 2.03499376870392 
Pedestrian 10 0 -9999.0 -9999.0 -9999.0 -9999.0 1.7238665634959034 0.765649395571576 0.6782236572752955 19.640121429175284 2.4909482449590796 -0.49679851706249395 2.0470275529636623 
Car 1 0 -9999.0 -9999.0 -9999.0 -9999.0 1.9636838768401188 5.159477280173534 1.9749927503715075 8.803592914419466 -3.1374676414132843 0.4804363431095735 0.07789770971757548 
Pedestrian 11 0 -9999.0 -9999.0 -9999.0 -9999.0 1.833843394516407 0.888361750840276 0.8547891083331658 46.997339386758426 -1.8283125069504842 -3.0981086114534206 -3.0700746986403438 
Pedestrian 44 0 -9999.0 -9999.0 -9999.0 -9999.0 1.773026559218124 1 0.9694486388550138 -13.350983718539283 1.905923094641523 2.403049211019448 -2.889126833308989 
Pedestrian 43 0 -9999.0 -9999.0 -9999.0 -9999.0 1.6975355979754738 1 1.115836959245979 -13.57374808460826 1.0261951149266162 2.37005563846545 -2.8838075607878775 
Pedestrian 18 0 -9999.0 -9999.0 -9999.0 -9999.0 1.553791531556044 0.9350978240778415 0.7014189842208715 4.749134323748301 -1.1783327479388621 0.5987016810609109 0.04181303191843444 
Pedestrian 17 0 -9999.0 -9999.0 -9999.0 -9999.0 1.6786936986616088 0.9385842718372612 0.8570610823441984 4.179496645766125 -0.6537042880205363 0.7547251605787634 -0.010433700175434879 
Pedestrian 19 0 -9999.0 -9999.0 -9999.0 -9999.0 1.88766995436284 0.8473523143195599 0.8020167022554571 23.84991221731448 1.396609848978138 -0.7483419984239096 -0.01283353390100217 
Pedestrian 20 0 -9999.0 -9999.0 -9999.0 -9999.0 1.8942850025152396 0.7837367986462382 0.6986151564054772 23.547512907946764 0.7914235898959024 -0.7047314655688329 -0.012900304150230468 
Pedestrian 8 0 -9999.0 -9999.0 -9999.0 -9999.0 1.7182020193881877 0.84040506779357 0.7617142683117479 23.68630915732209 -3.817814136175939 -0.9648061594727048 3.0584774061328677 
Pedestrian 36 0 -9999.0 -9999.0 -9999.0 -9999.0 1.85 0.8455221526426029 0.7795427445654814 -6.122958535789077 5.176846281459689 1.5410922030870577 -1.1350935540575087 
Pedestrian 1002 0 -9999.0 -9999.0 -9999.0 -9999.0 1.5480067025273518 0.5644233003512866 0.6213012349133786 32.508469265499706 -3.2795713097096995 -1.768108880734986 -3.043520129541184 
Pedestrian 16 0 -9999.0 -9999.0 -9999.0 -9999.0 1.5480067025273518 0.5644233003512866 0.6213012349133786 32.53582111110392 -4.09860799787842 -1.7593257021855502 -3.0435201293389174 
Pedestrian 34 0 -9999.0 -9999.0 -9999.0 -9999.0 1.8 0.742563890087286 0.7166973150341831 -7.127391519003846 5.166362260382874 1.4843325523075799 -1.2337240657326465 
Pedestrian 27 0 -9999.0 -9999.0 -9999.0 -9999.0 1.8 0.8271693526588353 0.8407252643496999 29.975390263506647 -0.2148443499894988 -1.245514661896683 1.7992398025206757 
Pedestrian 503 0 -9999.0 -9999.0 -9999.0 -9999.0 1.5098862519504819 0.7016892788347073 0.6244449312827264 24.017819197404744 5.235158471431294 -0.42402255157374624 2.395193348729382 
Pedestrian 28 0 -9999.0 -9999.0 -9999.0 -9999.0 1.9344750647178444 0.9180852004756592 0.7505107045290647 39.70114045728966 -0.9788667356665046 -2.213613463166002 0.005317858490585081 
Pedestrian 29 0 -9999.0 -9999.0 -9999.0 -9999.0 1.914706511234499 0.9112747753301017 0.7505107045290647 39.69786060097384 -0.22318647219684684 -2.250540894730016 0.005317858512576379 
Pedestrian 22 0 -9999.0 -9999.0 -9999.0 -9999.0 1.7272234413230434 0.8930338539667776 0.7589542967325148 27.490967107695695 -4.7098968050430825 -1.4259034879046562 -2.912250339553184 
Pedestrian 777 0 -9999.0 -9999.0 -9999.0 -9999.0 1.5601539586488533 0.7742910735758141 0.7734620811052282 -14.168684348897191 3.185068574420227 2.199670296674028 0.051377955322657876 
Pedestrian 502 0 -9999.0 -9999.0 -9999.0 -9999.0 1.5580631857725595 0.6324640994580073 0.6231826615974934 23.546287480340887 5.867808063914684 -0.3712604324197902 2.381912757265969 
Pedestrian 45 0 -9999.0 -9999.0 -9999.0 -9999.0 1.840803791853019 0.9047965827395252 0.7795427445654814 10.504293380215612 -2.0612993972323967 0.19526858224969876 -3.103411943375413 
Pedestrain_sitting 20 0 -9999.0 -9999.0 -9999.0 -9999.0 0.9288023059382893 0.630173997091732 0.7116151379014846 10.91463976209509 5.298312498709029 0.4638444789886793 -3.033504583731368 
Pedestrian 30 0 -9999.0 -9999.0 -9999.0 -9999.0 1.6574581668813668 0.5844020196858356 0.6601390122619767 57.22801044150709 -3.2517886497548103 -4.251951166536687 0.188560766563187 
Car 4 0 -9999.0 -9999.0 -9999.0 -9999.0 2.0589564776245735 4.5 2.044844764170049 -33.15788009338418 6.745218292654737 4.221497784972968 0.15975626962034895 
Pedestrian 200 0 -9999.0 -9999.0 -9999.0 -9999.0 1.7521106512660325 0.9162872598483918 0.6944942567378337 -5.826432272294521 3.116724094714496 1.8291087391316125 -3.0274087977160544 
Pedestrian 111 0 -9999.0 -9999.0 -9999.0 -9999.0 1.83889513307586 0.7017705575400481 0.6922125420881973 16.73010756834422 4.945611736418778 0.05859940005898538 0.2735518912856687 
Pedestrian 47 0 -9999.0 -9999.0 -9999.0 -9999.0 1.739259612086605 0.9765708634005151 0.6968829901888434 -13.384289399739679 2.4278649956928082 2.354312035210904 0.2707132107866119 
Pedestrian 24 0 -9999.0 -9999.0 -9999.0 -9999.0 1.5665724604937843 0.8256175940025915 0.7327379765104859 21.858376957535597 -5.117762089929129 -1.0994639043533314 3.131483008430541 
Pedestrian 46 0 -9999.0 -9999.0 -9999.0 -9999.0 1.739259612086605 0.8137808070594968 0.7631092640473314 -13.314606815532155 3.0539585193345222 2.3562332789614406 0.27069578097693103 
Pedestrian 35 0 -9999.0 -9999.0 -9999.0 -9999.0 1.85 0.8455221526426029 0.8055941736449839 6.020877823352183 3.390183452737455 0.6440971960829791 -3.081574500933309 
Pedestrian 31 0 -9999.0 -9999.0 -9999.0 -9999.0 1.6183186744299025 0.6340866970656824 0.5322695037304019 58.59976799900673 -2.421137577773874 -4.244945891575582 -3.0553355148965053 
Pedestrian 32 0 -9999.0 -9999.0 -9999.0 -9999.0 1.6264157795512513 0.6356555012147109 0.5322695037304019 58.409497137621024 -1.598018682677697 -4.274647800092839 -3.056922019186569 
Pedestrian 33 0 -9999.0 -9999.0 -9999.0 -9999.0 1.85 1.011633098401595 1.1292297078013385 42.00715319985137 -6.089022846831947 -2.613509687948594 2.750518124358825 
Pedestrian 39 0 -9999.0 -9999.0 -9999.0 -9999.0 1.6992181517554945 0.7236988029930532 0.6130136573276566 -5.84924497264636 2.455584085921952 1.7589372263366556 -3.024103597731772 
Pedestrian 49 0 -9999.0 -9999.0 -9999.0 -9999.0 1.8880449392725787 0.7266739568839767 0.719062337692116 -12.99336847645543 -2.207804664649764 1.975121020603646 1.1335962628785392 
Pedestrian 51 0 -9999.0 -9999.0 -9999.0 -9999.0 1.7084772160642387 0.6876926218915868 0.6022575416759411 -8.518686822694711 -2.757965427140627 1.7734102497664195 1.7806207929365527 
Pedestrian 50 0 -9999.0 -9999.0 -9999.0 -9999.0 1.6682901068147347 0.7378107948553352 0.6318862957964667 -9.205276513123513 -2.378359673531536 1.8340424957466999 1.774286363237355 
Pedestrian 37 0 -9999.0 -9999.0 -9999.0 -9999.0 1.7674898152527898 0.7851268766529278 0.7077031440696406 -1.0663340391305047 1.4510958312243967 1.289332527162645 -2.935650246498076 
Pedestrian 38 0 -9999.0 -9999.0 -9999.0 -9999.0 1.768936684463284 0.7798122203956248 0.6543593384916504 -1.0721663404823192 2.204032809716984 1.3144000052316303 -2.9459316344859765 
Pedestrian 48 0 -9999.0 -9999.0 -9999.0 -9999.0 1.8437648405814306 0.63 0.8639507388388924 -12.595569999382546 -1.5793737887708126 1.9412293709471367 0.1831885272806506 
Pedestrain_sitting 557 0 -9999.0 -9999.0 -9999.0 -9999.0 1.3003415906177906 0.5495013160563614 0.4849281347249202 22.591954305392456 -8.827795225460617 -0.9494494027335088 -0.004784642369035197 
Pedestrain_sitting 556 0 -9999.0 -9999.0 -9999.0 -9999.0 1.3003415906177906 0.5495013160563614 0.4849281347249202 21.220450651877268 -8.713541351052415 -0.9548264001469181 3.1368080825650217 
Pedestrain_sitting 555 0 -9999.0 -9999.0 -9999.0 -9999.0 1.3003415906177906 0.5495013160563614 0.4849281347249202 21.200768384835815 -7.97629494188518 -0.9546806901544217 3.1368080825650217 
Pedestrian 23 0 -9999.0 -9999.0 -9999.0 -9999.0 1.733985410563253 0.6134757942819711 0.7222749871810963 17.215471287311743 -4.877406512448577 -0.5314789255785021 -2.0191023197871907 
