Car 2 0 -9999.0 -9999.0 -9999.0 -9999.0 1.7161032172723623 4.3042446659889535 2.497900330371051 29.618915503708642 1.2098274289274096 -2.2562981096448054 0.07281321653102601 
Pedestrian 26 0 -9999.0 -9999.0 -9999.0 -9999.0 1.8 0.880638232653005 0.7173897124333324 26.44781304978402 -3.9516727032618557 -1.9042092901065673 -2.954805073580406 
Pedestrian 25 0 -9999.0 -9999.0 -9999.0 -9999.0 1.8 0.880638232653005 0.7173897124333324 26.537807205845635 -3.164236003746302 -1.933336522724081 -2.954805073580406 
Car 3 0 -9999.0 -9999.0 -9999.0 -9999.0 1.4301220212552401 4 1.8633935758759457 55.42734023601282 -0.18475392294411186 -3.518187205640263 -3.0521482483721982 
Pedestrian 42 0 -9999.0 -9999.0 -9999.0 -9999.0 1.9110630666244788 0.6648425352273584 0.7730646177530336 -27.33185951471966 0.39539436875358513 2.6148189467555656 1.1164056826496562 
Pedestrian 41 0 -9999.0 -9999.0 -9999.0 -9999.0 1.7717383253829708 0.6171990397476583 0.6601212154854279 -26.769931069545564 0.8345630600957924 2.5524267540713126 1.124721062312906 
Pedestrain_sitting 21 0 -9999.0 -9999.0 -9999.0 -9999.0 0.9170967942404316 0.6239191457374971 0.6351946031908755 11.706240614328541 5.242505313360484 -0.9109174702738125 0.12995393712619396 
Pedestrian 1001 0 -9999.0 -9999.0 -9999.0 -9999.0 1.8190235843771385 0.6309324708718423 0.6213012349133786 32.22800567829551 2.6135264056675345 -2.200472305841267 1.5959482736606212 
Pedestrian 765 0 -9999.0 -9999.0 -9999.0 -9999.0 1.765427731387784 0.6045377694180526 0.7280996093110779 29.47810654295942 2.4093244045662034 -2.0864773205992875 -1.7089806505025464 
Pedestrian 888 0 -9999.0 -9999.0 -9999.0 -9999.0 1.5366259275535865 0.5877254913696837 0.6357928477663076 12.2931716492918 8.279177167803333 -0.4259351389310183 -3.1057591939067386 
Pedestrian 223 0 -9999.0 -9999.0 -9999.0 -9999.0 1.7272234413230434 0.6942712320825266 0.6155335882708507 37.14891657551429 -7.061809115313606 -2.9512633127681926 0.6419837652147473 
Pedestrian 3 0 -9999.0 -9999.0 -9999.0 -9999.0 1.6413741868673242 0.9102319618606736 0.749658509723502 10.06444048399311 3.003860008016139 -0.7557274696230047 -2.86591423304586 
Pedestrian 5 0 -9999.0 -9999.0 -9999.0 -9999.0 1.6467102258502564 0.8504990806290904 0.946862823709426 5.487185305625869 2.9637399424459603 -0.3292016494828648 -0.06795577181661017 
Pedestrian 4 0 -9999.0 -9999.0 -9999.0 -9999.0 1.7335733350919327 0.8234084053360446 0.7316008376188541 4.692360072779643 3.355195927205737 -0.21612935009612322 -0.0019727456535285626 
Pedestrian 1 0 -9999.0 -9999.0 -9999.0 -9999.0 1.830187787627785 0.8467364901875526 1.030957247409183 2.1868296977677137 3.6055914887405183 0.04438950157321206 -3.0719650992500345 
Pedestrian 2 0 -9999.0 -9999.0 -9999.0 -9999.0 1.6047004871739794 0.8225193905720728 0.8427564948210492 2.897766946442223 3.855885840779663 -0.15176667506375105 0.4440704441380019 
Pedestrian 6 0 -9999.0 -9999.0 -9999.0 -9999.0 1.8 0.7815797515521649 0.729516349447393 14.167326429333148 -0.7830536582527664 -0.9338630608948199 -3.0167461281096895 
Pedestrian 7 0 -9999.0 -9999.0 -9999.0 -9999.0 1.85 0.7446143281153959 0.7378356243838986 13.960856072238522 -1.410533798739892 -0.9109714653336418 -3.0167473323324607 
Pedestrian 9 0 -9999.0 -9999.0 -9999.0 -9999.0 1.7388951330758573 0.762844615165235 0.6125796005267553 15.70786808163659 2.0034894700101273 -1.1806910153117272 -3.07692185031795 
Pedestrian 10 0 -9999.0 -9999.0 -9999.0 -9999.0 1.7238665634959034 0.765649395571576 0.6782236572752955 15.946644284303094 1.487913800085442 -1.2014374498506253 -3.0770145098682438 
Car 1 0 -9999.0 -9999.0 -9999.0 -9999.0 1.9636838768401188 5.159477280173534 1.9749927503715075 8.423090561189092 -3.0865535057761493 -0.330888483654472 0.07789770983428479 
Pedestrian 11 0 -9999.0 -9999.0 -9999.0 -9999.0 1.833843394516407 0.888361750840276 0.8547891083331658 30.25251008997762 -1.2318435418383624 -2.268355116382408 -3.0700747669813406 
Pedestrian 44 0 -9999.0 -9999.0 -9999.0 -9999.0 1.773026559218124 1 0.9694486388550138 -29.0154275973085 3.767588345560929 2.9414243225738685 -3.04454540873596 
Pedestrian 43 0 -9999.0 -9999.0 -9999.0 -9999.0 1.6975355979754738 1 1.115836959245979 -29.094362375464478 2.8054856635679246 2.8737831583800233 -3.0445454105862115 
Pedestrian 18 0 -9999.0 -9999.0 -9999.0 -9999.0 1.553791531556044 0.9350978240778415 0.7014189842208715 13.703350234877236 -3.433347835245367 -1.0634447210213644 0.26491606167657444 
Pedestrian 17 0 -9999.0 -9999.0 -9999.0 -9999.0 1.6786936986616088 0.9385842718372612 0.8570610823441984 14.009541734263209 -2.9404648031936165 -1.008928977357179 0.27276514921409856 
Pedestrian 19 0 -9999.0 -9999.0 -9999.0 -9999.0 1.88766995436284 0.8473523143195599 0.8020167022554571 32.010918246181326 -0.12221584832553603 -2.2624134747355704 -0.013870063473184757 
Pedestrian 20 0 -9999.0 -9999.0 -9999.0 -9999.0 1.8942850025152396 0.7837367986462382 0.6986151564054772 31.56622803274775 -0.7304723230853888 -2.2417896104856494 -0.017474374743079224 
Pedestrian 8 0 -9999.0 -9999.0 -9999.0 -9999.0 1.7182020193881877 0.84040506779357 0.7617142683117479 14.067358958923935 -2.379771319969417 -0.9869028843560765 -3.0177450287474876 
Pedestrian 36 0 -9999.0 -9999.0 -9999.0 -9999.0 1.85 0.8455221526426029 0.7795427445654814 -6.070544340339295 5.023621949377152 0.7198175326894083 -1.1387562286928734 
Pedestrian 1002 0 -9999.0 -9999.0 -9999.0 -9999.0 1.5480067025273518 0.5644233003512866 0.6213012349133786 19.614576875652652 -2.159687282329742 -1.5095816400214606 -3.043520129541184 
Pedestrian 16 0 -9999.0 -9999.0 -9999.0 -9999.0 1.5480067025273518 0.5644233003512866 0.6213012349133786 19.372306627197013 -2.8837708625376406 -1.4989768369568968 -3.043520123189655 
Pedestrian 34 0 -9999.0 -9999.0 -9999.0 -9999.0 1.8 0.742563890087286 0.7166973150341831 -6.764098313002037 5.2683130860209335 0.6879549593806733 -1.2337196666267545 
Pedestrian 503 0 -9999.0 -9999.0 -9999.0 -9999.0 1.5098862519504819 0.7016892788347073 0.6244449312827264 23.407366528103122 4.948947712636959 -1.8901336109430054 2.395193348729382 
Pedestrian 14 0 -9999.0 -9999.0 -9999.0 -9999.0 1.5350666013118595 0.6767124353147551 0.6338965826401189 21.85157432802026 -0.9104891921843837 -1.7317361916537508 -3.0778278300539057 
Pedestrian 15 0 -9999.0 -9999.0 -9999.0 -9999.0 1.4995242359067946 0.6433493585685015 0.616020103352135 21.788599087469343 -1.5297245466590428 -1.7152489132991418 -3.0824357240518125 
Pedestrian 22 0 -9999.0 -9999.0 -9999.0 -9999.0 1.7272234413230434 0.8930338539667776 0.7589542967325148 20.653898551213246 -3.733172904964947 -1.6429824717052242 -3.0157875090903925 
Pedestrian 777 0 -9999.0 -9999.0 -9999.0 -9999.0 1.5601539586488533 0.7742910735758141 0.7734620811052282 -6.938800265933715 -1.0239146958691046 0.7727998682836128 0.7824429145763983 
Pedestrian 502 0 -9999.0 -9999.0 -9999.0 -9999.0 1.5580631857725595 0.6324640994580073 0.6231826615974934 22.53085315680924 5.230389670370079 -1.668594710550684 2.38483097983174 
Pedestrian 45 0 -9999.0 -9999.0 -9999.0 -9999.0 1.840803791853019 0.9047965827395252 0.7795427445654814 -0.3863395780231448 -2.369318473167116 0.35786481185864816 3.1354613119275374 
Pedestrain_sitting 20 0 -9999.0 -9999.0 -9999.0 -9999.0 0.9288023059382893 0.630173997091732 0.7116151379014846 10.928833366472215 5.345356745966047 -0.7896077405922008 -3.0334479541253003 
Car 4 0 -9999.0 -9999.0 -9999.0 -9999.0 2.0589564776245735 4.5 2.044844764170049 -33.37471208027885 6.806917564484196 3.5061149993237017 0.15975626962034806 
Pedestrian 52 0 -9999.0 -9999.0 -9999.0 -9999.0 1.85 0.8063422351422711 0.648255271894977 -2.040094979062403 -10.540493105638765 0.7628704416448382 3.0157783739316972 
Pedestrian 200 0 -9999.0 -9999.0 -9999.0 -9999.0 1.7521106512660325 0.9162872598483918 0.6944942567378337 -18.26339692208889 4.046706082096697 1.8698181344940146 -3.0358645910353843 
Pedestrian 47 0 -9999.0 -9999.0 -9999.0 -9999.0 1.739259612086605 0.9765708634005151 0.6968829901888434 -7.66654906618533 -1.1593046895004984 0.9713621191335978 0.36411054643643226 
Pedestrian 24 0 -9999.0 -9999.0 -9999.0 -9999.0 1.5665724604937843 0.8256175940025915 0.7327379765104859 17.644281054008125 -4.756209012194782 -1.4120039547512537 -1.6969115496159795 
Pedestrian 46 0 -9999.0 -9999.0 -9999.0 -9999.0 1.739259612086605 0.8137808070594968 0.7631092640473314 -7.496034347737778 -0.4600043200262668 0.9604043818832889 0.3736602626385661 
Pedestrian 35 0 -9999.0 -9999.0 -9999.0 -9999.0 1.85 0.8455221526426029 0.8055941736449839 -5.469979968662035 3.887081549122418 0.8339963574377527 3.0750821107601496 
Pedestrian 39 0 -9999.0 -9999.0 -9999.0 -9999.0 1.6992181517554945 0.7236988029930532 0.6130136573276566 -18.220867713187925 3.389302937116643 1.926756624621413 -3.0358656569933338 
Pedestrian 49 0 -9999.0 -9999.0 -9999.0 -9999.0 1.8880449392725787 0.7266739568839767 0.719062337692116 -13.338555726982735 -1.8060267121825087 1.474184079527979 1.133858412362832 
Pedestrian 51 0 -9999.0 -9999.0 -9999.0 -9999.0 1.7084772160642387 0.6876926218915868 0.6022575416759411 -8.649637717729844 -2.336005882424685 1.0173631233500502 1.7806207929365527 
Pedestrian 50 0 -9999.0 -9999.0 -9999.0 -9999.0 1.6682901068147347 0.7378107948553352 0.6318862957964667 -9.36521301943218 -2.0452175800664922 1.001929507520635 1.774286363237355 
Pedestrian 37 0 -9999.0 -9999.0 -9999.0 -9999.0 1.7674898152527898 0.7851268766529278 0.7077031440696406 -13.603681605258586 3.592485240108008 1.3474693399670121 -2.949516965047975 
Pedestrian 38 0 -9999.0 -9999.0 -9999.0 -9999.0 1.768936684463284 0.7798122203956248 0.6543593384916504 -13.583641556831687 4.282516754542219 1.3415372440872435 -2.9489871499181213 
Pedestrian 48 0 -9999.0 -9999.0 -9999.0 -9999.0 1.8437648405814306 0.63 0.8639507388388924 -12.811393958941807 -1.4521771379005508 1.4372864810072015 0.18306884995158512 
Pedestrian 23 0 -9999.0 -9999.0 -9999.0 -9999.0 1.733985410563253 0.6134757942819711 0.7222749871810963 16.918752188335894 -4.86196698151496 -1.2911307891237607 -2.0191023197871907 
