Car 2 0 -9999.0 -9999.0 -9999.0 -9999.0 1.7161032172723623 4.3042446659889535 2.497900330371051 29.60892701240513 1.0424779545490328 -2.476148178176713 0.07281321653102601 
Pedestrian 26 0 -9999.0 -9999.0 -9999.0 -9999.0 1.8 0.880638232653005 0.7173897124333324 25.055807915006504 -3.8099663686433387 -2.0294222844138203 -2.954805073580406 
Car 3 0 -9999.0 -9999.0 -9999.0 -9999.0 1.4301220212552401 4 1.8633935758759457 55.40480198723233 -0.18273260943755237 -3.549429457093657 -3.0521482483721982 
Pedestrian 42 0 -9999.0 -9999.0 -9999.0 -9999.0 1.9110630666244788 0.6648425352273584 0.7730646177530336 -27.28502472894734 0.3526765500609063 2.450188519943457 1.1262744149375141 
Pedestrian 41 0 -9999.0 -9999.0 -9999.0 -9999.0 1.7717383253829708 0.6171990397476583 0.6601212154854279 -26.863837163616285 0.8608843433928368 2.365301075640168 1.124721062312906 
Pedestrain_sitting 21 0 -9999.0 -9999.0 -9999.0 -9999.0 0.9170967942404316 0.6239191457374971 0.6351946031908755 11.697056608668369 5.242427798778799 -1.0720815071157426 0.1301177901131627 
Pedestrian 1001 0 -9999.0 -9999.0 -9999.0 -9999.0 1.8190235843771385 0.6309324708718423 0.6213012349133786 32.210460564798744 2.663967495143858 -2.428022782953651 1.595948274830418 
Pedestrian 765 0 -9999.0 -9999.0 -9999.0 -9999.0 1.765427731387784 0.6045377694180526 0.7280996093110779 29.38815800805602 2.2710797987620244 -2.4200893864584287 -1.3891403261239645 
Pedestrian 888 0 -9999.0 -9999.0 -9999.0 -9999.0 1.5366259275535865 0.5877254913696837 0.6357928477663076 12.33752881928674 8.369931959872511 -1.0738252019275851 -3.105579508871923 
Pedestrian 223 0 -9999.0 -9999.0 -9999.0 -9999.0 1.7272234413230434 0.6942712320825266 0.6155335882708507 37.10782067771777 -7.105011000624856 -3.3025145497927615 0.6419837862959543 
Pedestrian 3 0 -9999.0 -9999.0 -9999.0 -9999.0 1.6413741868673242 0.9102319618606736 0.749658509723502 8.539110407785817 3.3497550739752837 -0.8904841327451294 -2.86591423304586 
Pedestrian 5 0 -9999.0 -9999.0 -9999.0 -9999.0 1.6467102258502564 0.8504990806290904 0.946862823709426 5.9841404972010945 2.9240148803178956 -0.5982253050266035 -0.031060572501754535 
Pedestrian 4 0 -9999.0 -9999.0 -9999.0 -9999.0 1.7335733350919327 0.8234084053360446 0.7316008376188541 5.472573752564249 3.2291946867328267 -0.5164584123684343 0.33200293304523587 
Pedestrian 1 0 -9999.0 -9999.0 -9999.0 -9999.0 1.830187787627785 0.8467364901875526 1.030957247409183 2.152751915780084 3.581950487770509 -0.19591750516443665 3.128565925779492 
Pedestrian 2 0 -9999.0 -9999.0 -9999.0 -9999.0 1.6047004871739794 0.8225193905720728 0.8427564948210492 2.9489151201035986 3.834978758704552 -0.39410826550205696 0.44407070560497175 
Pedestrian 6 0 -9999.0 -9999.0 -9999.0 -9999.0 1.8 0.7815797515521649 0.729516349447393 12.842910326446976 -0.6563956910502395 -0.9050374872271236 -3.0167461129928697 
Pedestrian 7 0 -9999.0 -9999.0 -9999.0 -9999.0 1.85 0.7446143281153959 0.7378356243838986 12.483378956537376 -1.3845063273811788 -0.8785857256496626 -3.0167473323324607 
Pedestrian 9 0 -9999.0 -9999.0 -9999.0 -9999.0 1.7388951330758573 0.762844615165235 0.6125796005267553 14.777577441591212 2.0637093913114 -1.3178216033912769 -3.0618558249705004 
Pedestrian 10 0 -9999.0 -9999.0 -9999.0 -9999.0 1.7238665634959034 0.765649395571576 0.6782236572752955 14.882095418213623 1.569130180556571 -1.3204328137945083 -3.062031000739111 
Car 1 0 -9999.0 -9999.0 -9999.0 -9999.0 1.9636838768401188 5.159477280173534 1.9749927503715075 8.434151370937503 -3.102068764151661 -0.5298948330338039 0.07789770849498545 
Pedestrian 11 0 -9999.0 -9999.0 -9999.0 -9999.0 1.833843394516407 0.888361750840276 0.8547891083331658 28.29488169715044 -0.9607967522453738 -2.395881839046699 -3.0700747701203834 
Pedestrian 44 0 -9999.0 -9999.0 -9999.0 -9999.0 1.773026559218124 1 0.9694486388550138 -30.908394268000222 3.8059344446614265 2.6695140090295646 -3.0445454020074365 
Pedestrian 43 0 -9999.0 -9999.0 -9999.0 -9999.0 1.6975355979754738 1 1.115836959245979 -30.957612189475007 2.9000398343534246 2.94409889289856 -3.0445453860487905 
Pedestrian 18 0 -9999.0 -9999.0 -9999.0 -9999.0 1.553791531556044 0.9350978240778415 0.7014189842208715 15.058520987590635 -3.75942953569183 -1.308432018157559 0.23344830344530187 
Pedestrian 17 0 -9999.0 -9999.0 -9999.0 -9999.0 1.6786936986616088 0.9385842718372612 0.8570610823441984 15.26335441422095 -3.063263889280916 -1.2431924890041746 0.21701671872636474 
Pedestrian 19 0 -9999.0 -9999.0 -9999.0 -9999.0 1.88766995436284 0.8473523143195599 0.8020167022554571 33.05052665162244 -0.04101303171143172 -2.528717647446202 -0.013733145570762773 
Pedestrian 20 0 -9999.0 -9999.0 -9999.0 -9999.0 1.8942850025152396 0.7837367986462382 0.6986151564054772 32.66056765261075 -0.6695195915138539 -2.506427219985724 -0.01997448085606557 
Pedestrian 8 0 -9999.0 -9999.0 -9999.0 -9999.0 1.7182020193881877 0.84040506779357 0.7617142683117479 12.86313305143419 -2.458486167579344 -0.9494943450867073 -3.0802587262745273 
Pedestrian 36 0 -9999.0 -9999.0 -9999.0 -9999.0 1.85 0.8455221526426029 0.7795427445654814 -6.430794301958557 4.79880684527945 0.6089457489618664 -1.1626274343439622 
Pedestrian 1002 0 -9999.0 -9999.0 -9999.0 -9999.0 1.5480067025273518 0.5644233003512866 0.6213012349133786 18.11162822433985 -2.0129116960983677 -1.4057667905997435 -3.043520129541184 
Pedestrian 16 0 -9999.0 -9999.0 -9999.0 -9999.0 1.5480067025273518 0.5644233003512866 0.6213012349133786 17.890654854162936 -2.6221288744682174 -1.4074628446735127 -3.0435201293389174 
Pedestrian 34 0 -9999.0 -9999.0 -9999.0 -9999.0 1.8 0.742563890087286 0.7166973150341831 -7.0653851203755345 4.6124964031351885 0.6473894348153421 2.9548682913794693 
Pedestrian 503 0 -9999.0 -9999.0 -9999.0 -9999.0 1.5098862519504819 0.7016892788347073 0.6244449312827264 23.370805669186602 5.065520242524837 -1.7030310747850481 2.395193348729382 
Pedestrian 14 0 -9999.0 -9999.0 -9999.0 -9999.0 1.5350666013118595 0.6767124353147551 0.6338965826401189 20.51692016019121 -1.0973906875987844 -1.694534795289985 -2.9150972948846565 
Pedestrian 15 0 -9999.0 -9999.0 -9999.0 -9999.0 1.4995242359067946 0.6433493585685015 0.616020103352135 20.46232186066634 -1.8082722577124066 -1.7272204367654005 -2.9215596439830964 
Pedestrian 22 0 -9999.0 -9999.0 -9999.0 -9999.0 1.7272234413230434 0.8930338539667776 0.7589542967325148 19.74455811317764 -4.08564227740778 -1.6686981682151356 -3.0157911235166193 
Pedestrian 777 0 -9999.0 -9999.0 -9999.0 -9999.0 1.5601539586488533 0.7742910735758141 0.7734620811052282 -5.776424939981889 -2.285014956943266 0.494396583067438 0.6438369913968742 
Pedestrian 502 0 -9999.0 -9999.0 -9999.0 -9999.0 1.5580631857725595 0.6324640994580073 0.6231826615974934 22.82067628085244 5.423560186701058 -1.7162547706772984 2.384830979883464 
Pedestrian 45 0 -9999.0 -9999.0 -9999.0 -9999.0 1.840803791853019 0.9047965827395252 0.7795427445654814 -1.8494682575180765 -2.251152391773856 0.3412951868840767 3.1354613119275374 
Pedestrain_sitting 20 0 -9999.0 -9999.0 -9999.0 -9999.0 0.9288023059382893 0.630173997091732 0.7116151379014846 10.944748353519314 5.366312311749851 -0.9494135334421301 -3.0334410055396717 
Car 4 0 -9999.0 -9999.0 -9999.0 -9999.0 2.0589564776245735 4.5 2.044844764170049 -33.17858386481951 6.745225414488153 2.8819811882813338 0.15975626962034895 
Pedestrian 52 0 -9999.0 -9999.0 -9999.0 -9999.0 1.85 0.8063422351422711 0.648255271894977 -2.0517745365210627 -10.356383065077972 0.60006419435043 3.0157783739316972 
Pedestrian 53 0 -9999.0 -9999.0 -9999.0 -9999.0 1.85 0.6635819251292966 0.5936944772056624 -0.7881742031815994 -10.78060394914195 0.4991654454818547 2.928476607281148 
Pedestrian 200 0 -9999.0 -9999.0 -9999.0 -9999.0 1.7521106512660325 0.9162872598483918 0.6944942567378337 -19.83354519488168 4.001158883025714 1.6877933708602637 -3.0360256914713126 
Pedestrian 47 0 -9999.0 -9999.0 -9999.0 -9999.0 1.739259612086605 0.9765708634005151 0.6968829901888434 -6.52702685844801 -2.103161561356876 0.7146884362243111 0.6097863210240329 
Pedestrian 24 0 -9999.0 -9999.0 -9999.0 -9999.0 1.5665724604937843 0.8256175940025915 0.7327379765104859 17.665010894111983 -4.760706104904747 -1.3523637607104608 -1.696911431075506 
Pedestrian 46 0 -9999.0 -9999.0 -9999.0 -9999.0 1.739259612086605 0.8137808070594968 0.7631092640473314 -6.230935493005821 -1.4791929843568856 0.6967068833877238 0.6244661859865346 
Pedestrian 35 0 -9999.0 -9999.0 -9999.0 -9999.0 1.85 0.8455221526426029 0.8055941736449839 -7.181858190708874 3.5627335420152595 0.705873714918526 -3.1214745762980876 
Pedestrian 39 0 -9999.0 -9999.0 -9999.0 -9999.0 1.6992181517554945 0.7236988029930532 0.6130136573276566 -19.786230523943942 3.3319416434997966 1.7143054558902604 -3.0360244277127197 
Pedestrian 49 0 -9999.0 -9999.0 -9999.0 -9999.0 1.8880449392725787 0.7266739568839767 0.719062337692116 -13.4072449301783 -1.8784653058725698 1.2316525967368688 1.1476900130136745 
Pedestrian 51 0 -9999.0 -9999.0 -9999.0 -9999.0 1.7084772160642387 0.6876926218915868 0.6022575416759411 -8.691576009958759 -2.316336663182595 0.7990999339457922 1.7806207929365527 
Pedestrian 50 0 -9999.0 -9999.0 -9999.0 -9999.0 1.6682901068147347 0.7378107948553352 0.6318862957964667 -9.509517666531092 -2.124771350779484 0.8330016178697661 1.774286363237355 
Pedestrian 37 0 -9999.0 -9999.0 -9999.0 -9999.0 1.7674898152527898 0.7851268766529278 0.7077031440696406 -15.067907165836754 3.6414447406005417 1.1597600989129202 -2.950137382554203 
Pedestrian 38 0 -9999.0 -9999.0 -9999.0 -9999.0 1.768936684463284 0.7798122203956248 0.6543593384916504 -14.913832489246957 4.27374973371181 1.1408246067207466 -2.9494735709760036 
Pedestrian 48 0 -9999.0 -9999.0 -9999.0 -9999.0 1.8437648405814306 0.63 0.8639507388388924 -12.826884674357705 -1.4832472127044278 1.2225865177649105 0.1830687559816937 
Pedestrian 23 0 -9999.0 -9999.0 -9999.0 -9999.0 1.733985410563253 0.6134757942819711 0.7222749871810963 16.90287761550103 -4.883244014867959 -1.304672213512923 -2.0191023197871907 
