Car 2 0 -9999.0 -9999.0 -9999.0 -9999.0 1.7161032172723623 4.3042446659889535 2.497900330371051 29.68121727217397 1.4223185844884318 -1.9674480494805795 0.07281321653102601 
Pedestrian 26 0 -9999.0 -9999.0 -9999.0 -9999.0 1.8 0.880638232653005 0.7173897124333324 30.145224795377175 -3.872816688504081 -2.095922791201911 -2.954805073580406 
Pedestrian 25 0 -9999.0 -9999.0 -9999.0 -9999.0 1.8 0.880638232653005 0.7173897124333324 30.16085455829804 -3.114953266623834 -2.1013100090494374 -2.954805073580406 
Car 3 0 -9999.0 -9999.0 -9999.0 -9999.0 1.4301220212552401 4 1.8633935758759457 55.4885726389734 -0.19024547130480374 -3.4333075794979355 -3.0521482483721982 
Pedestrian 42 0 -9999.0 -9999.0 -9999.0 -9999.0 1.9110630666244788 0.6648425352273584 0.7730646177530336 -27.16709015911451 -0.051025683621202515 2.979388896156225 1.4331518480709633 
Pedestrian 41 0 -9999.0 -9999.0 -9999.0 -9999.0 1.7717383253829708 0.6171990397476583 0.6601212154854279 -26.769302190440815 0.5628746748722473 2.890679024492699 1.4384371885748042 
Pedestrain_sitting 21 0 -9999.0 -9999.0 -9999.0 -9999.0 0.9170967942404316 0.6239191457374971 0.6351946031908755 11.731191920033492 5.2427159066566755 -0.4730635206268713 0.12950877777854153 
Pedestrian 702 0 -9999.0 -9999.0 -9999.0 -9999.0 1.7242744269198185 0.63 0.6898739737048278 -36.94811936521521 5.112199238888362 3.8874994602952087 -3.00732011091074 
Pedestrian 703 0 -9999.0 -9999.0 -9999.0 -9999.0 1.7717383253829708 0.63 0.6566716672544799 -36.80168532611739 5.804622041352931 3.9211729110059714 -3.00732011091074 
Pedestrian 1001 0 -9999.0 -9999.0 -9999.0 -9999.0 1.8190235843771385 0.6309324708718423 0.6213012349133786 32.05495302588331 2.991862681866629 -2.034212172666162 1.5959482667640144 
Pedestrian 765 0 -9999.0 -9999.0 -9999.0 -9999.0 1.765427731387784 0.6045377694180526 0.7280996093110779 29.39382378171709 2.4334109196050866 -1.905008611551146 -1.691303248079132 
Pedestrian 888 0 -9999.0 -9999.0 -9999.0 -9999.0 1.5366259275535865 0.5877254913696837 0.6357928477663076 13.280730175697851 7.964425386488185 -0.45921653619286157 -3.103150020812482 
Pedestrian 223 0 -9999.0 -9999.0 -9999.0 -9999.0 1.7272234413230434 0.6942712320825266 0.6155335882708507 37.42135625652551 -6.885331651574304 -2.627998899851507 0.6419837500766281 
Pedestrian 3 0 -9999.0 -9999.0 -9999.0 -9999.0 1.6413741868673242 0.9102319618606736 0.749658509723502 14.178812170805973 2.2141149754411384 -0.7090446657007088 -2.86591423304586 
Pedestrian 5 0 -9999.0 -9999.0 -9999.0 -9999.0 1.6467102258502564 0.8504990806290904 0.946862823709426 4.0687151827545955 2.4489007091960433 0.22135670423871762 0.6522096064696692 
Pedestrian 4 0 -9999.0 -9999.0 -9999.0 -9999.0 1.7335733350919327 0.8234084053360446 0.7316008376188541 2.08797410623164 2.82648454266477 0.4129354435423349 0.11327968289080825 
Pedestrian 1 0 -9999.0 -9999.0 -9999.0 -9999.0 1.830187787627785 0.8467364901875526 1.030957247409183 2.183796248908543 3.480739539513224 0.41859884808315373 -3.0656978837314455 
Pedestrian 2 0 -9999.0 -9999.0 -9999.0 -9999.0 1.6047004871739794 0.8225193905720728 0.8427564948210492 3.0239184351007395 3.7884011601930143 0.23052602498911773 0.4439099614397879 
Pedestrian 6 0 -9999.0 -9999.0 -9999.0 -9999.0 1.8 0.7815797515521649 0.729516349447393 18.03312038788671 -1.5046689552724284 -0.910706943376126 -3.0167461106019857 
Pedestrian 7 0 -9999.0 -9999.0 -9999.0 -9999.0 1.85 0.7446143281153959 0.7378356243838986 17.863319590548738 -2.1948873986870936 -0.8835295814000298 -3.0167473323324607 
Pedestrian 9 0 -9999.0 -9999.0 -9999.0 -9999.0 1.7388951330758573 0.762844615165235 0.6125796005267553 17.80624900624211 2.2518088920940538 -0.9773214235167484 2.5924263815529773 
Pedestrian 10 0 -9999.0 -9999.0 -9999.0 -9999.0 1.7238665634959034 0.765649395571576 0.6782236572752955 18.348359517576746 1.8847728818306102 -1.0355778507069384 2.5937598977119407 
Car 1 0 -9999.0 -9999.0 -9999.0 -9999.0 1.9636838768401188 5.159477280173534 1.9749927503715075 8.464554349902402 -3.1071341853354952 0.03059430783866711 0.07789770970793608 
Pedestrian 11 0 -9999.0 -9999.0 -9999.0 -9999.0 1.833843394516407 0.888361750840276 0.8547891083331658 35.79590230613232 -1.4063726572745456 -2.6943003516462607 -3.0700747909964115 
Pedestrian 44 0 -9999.0 -9999.0 -9999.0 -9999.0 1.773026559218124 1 0.9694486388550138 -23.80981705436998 3.1791764184068763 2.740164459495292 -3.0445454060345973 
Pedestrian 43 0 -9999.0 -9999.0 -9999.0 -9999.0 1.6975355979754738 1 1.115836959245979 -23.9136492336298 2.15668923650226 2.724939728690975 -3.0445454060345973 
Pedestrian 18 0 -9999.0 -9999.0 -9999.0 -9999.0 1.553791531556044 0.9350978240778415 0.7014189842208715 10.272318409940747 -1.9018857217748517 -0.3246861189701757 0.09844569488396537 
Pedestrian 17 0 -9999.0 -9999.0 -9999.0 -9999.0 1.6786936986616088 0.9385842718372612 0.8570610823441984 10.849448976109432 -1.3661278157459982 -0.316409774351232 0.22484828772314458 
Pedestrian 19 0 -9999.0 -9999.0 -9999.0 -9999.0 1.88766995436284 0.8473523143195599 0.8020167022554571 29.128251834030927 -0.22159180540890933 -2.0127130577358145 -0.030570894757600442 
Pedestrian 20 0 -9999.0 -9999.0 -9999.0 -9999.0 1.8942850025152396 0.7837367986462382 0.6986151564054772 28.592245902488674 -0.6310605425920396 -1.9203340324075073 -0.009844110127835037 
Pedestrian 8 0 -9999.0 -9999.0 -9999.0 -9999.0 1.7182020193881877 0.84040506779357 0.7617142683117479 17.142909841043764 -3.098577813682514 -0.8223285654411876 -3.0043151866996745 
Pedestrian 36 0 -9999.0 -9999.0 -9999.0 -9999.0 1.85 0.8455221526426029 0.7795427445654814 -6.314278500229092 5.043809068393333 1.227562231476614 -1.1350935540575087 
Pedestrian 1002 0 -9999.0 -9999.0 -9999.0 -9999.0 1.5480067025273518 0.5644233003512866 0.6213012349133786 23.721847390473062 -2.929446911104407 -1.3155583045829795 -3.043520129541184 
Pedestrian 16 0 -9999.0 -9999.0 -9999.0 -9999.0 1.5480067025273518 0.5644233003512866 0.6213012349133786 23.475878215157785 -3.5091484182023063 -1.3310639325088989 -3.043520130562724 
Pedestrian 34 0 -9999.0 -9999.0 -9999.0 -9999.0 1.8 0.742563890087286 0.7166973150341831 -7.135690030890506 5.359760638544054 1.3139099211502951 -1.2324364162907884 
Pedestrian 27 0 -9999.0 -9999.0 -9999.0 -9999.0 1.8 0.8271693526588353 0.8407252643496999 30.40019363067703 -0.18354551372168984 -2.0999570881011413 1.5884337178659766 
Pedestrian 503 0 -9999.0 -9999.0 -9999.0 -9999.0 1.5098862519504819 0.7016892788347073 0.6244449312827264 23.895103006082984 5.311519424715207 -1.3705296344681974 2.395193348729382 
Pedestrian 14 0 -9999.0 -9999.0 -9999.0 -9999.0 1.5350666013118595 0.6767124353147551 0.6338965826401189 24.29158098874471 1.1866241783963114 -1.555411563832332 2.1801619989225394 
Pedestrian 15 0 -9999.0 -9999.0 -9999.0 -9999.0 1.4995242359067946 0.6433493585685015 0.616020103352135 24.782304736983363 0.8355814167873027 -1.5504950430865188 2.1485167143842805 
Pedestrian 22 0 -9999.0 -9999.0 -9999.0 -9999.0 1.7272234413230434 0.8930338539667776 0.7589542967325148 22.868369291281926 -4.14096495261638 -1.3529023124950084 -3.015780943525632 
Pedestrian 777 0 -9999.0 -9999.0 -9999.0 -9999.0 1.5601539586488533 0.7742910735758141 0.7734620811052282 -11.60909779097831 0.9676176544463344 1.6141254076657086 0.5231378156044943 
Pedestrian 502 0 -9999.0 -9999.0 -9999.0 -9999.0 1.5580631857725595 0.6324640994580073 0.6231826615974934 23.138979560750276 5.607736015618785 -1.3609727975562653 2.384831093959267 
Pedestrian 45 0 -9999.0 -9999.0 -9999.0 -9999.0 1.840803791853019 0.9047965827395252 0.7795427445654814 3.708104794378974 -2.026871137237571 0.41786112546989324 3.1354613119275374 
Pedestrain_sitting 20 0 -9999.0 -9999.0 -9999.0 -9999.0 0.9288023059382893 0.630173997091732 0.7116151379014846 10.89709838753117 5.302760766799249 -0.3602182048484208 -3.0334668321933993 
Car 4 0 -9999.0 -9999.0 -9999.0 -9999.0 2.0589564776245735 4.5 2.044844764170049 -33.28323720686664 6.810125889792054 3.720847962735148 0.15975626962034895 
Pedestrian 200 0 -9999.0 -9999.0 -9999.0 -9999.0 1.7521106512660325 0.9162872598483918 0.6944942567378337 -14.226076752374523 3.358332269583204 1.873291516964862 -3.03593827465569 
Pedestrian 47 0 -9999.0 -9999.0 -9999.0 -9999.0 1.739259612086605 0.9765708634005151 0.6968829901888434 -11.438446076680494 -0.15436376893332623 1.6715366559918894 0.7769927502835561 
Pedestrian 24 0 -9999.0 -9999.0 -9999.0 -9999.0 1.5665724604937843 0.8256175940025915 0.7327379765104859 17.751876594485946 -4.832534042156943 -1.054264125626204 -1.6970395853257454 
Pedestrian 46 0 -9999.0 -9999.0 -9999.0 -9999.0 1.739259612086605 0.8137808070594968 0.7631092640473314 -10.939376386007687 0.3242090666447708 1.6282654520330977 0.8326129574672185 
Pedestrian 35 0 -9999.0 -9999.0 -9999.0 -9999.0 1.85 0.8455221526426029 0.8055941736449839 -1.301379100188722 5.081960269550825 0.7420948392429892 -3.0817746350703406 
Pedestrian 39 0 -9999.0 -9999.0 -9999.0 -9999.0 1.6992181517554945 0.7236988029930532 0.6130136573276566 -14.310070181048875 2.7505039231196116 1.9204612198284334 -3.0349533700485374 
Pedestrian 49 0 -9999.0 -9999.0 -9999.0 -9999.0 1.8880449392725787 0.7266739568839767 0.719062337692116 -13.325244698633114 -2.082528213446161 1.8513494003157305 1.133596236092222 
Pedestrian 51 0 -9999.0 -9999.0 -9999.0 -9999.0 1.7084772160642387 0.6876926218915868 0.6022575416759411 -8.618850970042699 -2.427810315463567 1.3862287109883566 1.7806207929365527 
Pedestrian 50 0 -9999.0 -9999.0 -9999.0 -9999.0 1.6682901068147347 0.7378107948553352 0.6318862957964667 -9.345265309945278 -2.1288470652702154 1.3874530287548057 1.774286363237355 
Pedestrian 37 0 -9999.0 -9999.0 -9999.0 -9999.0 1.7674898152527898 0.7851268766529278 0.7077031440696406 -9.516686022657664 2.869296357989811 1.5108863890529973 -2.950106812974914 
Pedestrian 38 0 -9999.0 -9999.0 -9999.0 -9999.0 1.768936684463284 0.7798122203956248 0.6543593384916504 -9.441409055030746 3.5107806432397055 1.4760109076335772 -2.9496211972368336 
Pedestrian 48 0 -9999.0 -9999.0 -9999.0 -9999.0 1.8437648405814306 0.63 0.8639507388388924 -12.765689630463589 -1.6890663908358716 1.8233388872429286 0.18306880697216155 
Pedestrain_sitting 556 0 -9999.0 -9999.0 -9999.0 -9999.0 1.3003415906177906 0.5495013160563614 0.4849281347249202 21.218560573810095 -8.612757153352343 -1.1882873722991265 3.1368080825650217 
Pedestrain_sitting 555 0 -9999.0 -9999.0 -9999.0 -9999.0 1.3003415906177906 0.5495013160563614 0.4849281347249202 21.20137753831268 -7.8785584498966035 -1.209594068794199 3.1368080825650217 
Pedestrian 23 0 -9999.0 -9999.0 -9999.0 -9999.0 1.733985410563253 0.6134757942819711 0.7222749871810963 17.015466034260168 -4.842634636009396 -0.9504061153565251 -2.0191023197871907 
