Car 2 0 -9999.0 -9999.0 -9999.0 -9999.0 1.7161032172723623 4.3042446659889535 2.497900330371051 29.764386331484165 1.3377890038636542 -1.8460872674531426 0.07281321653102601 
Pedestrian 26 0 -9999.0 -9999.0 -9999.0 -9999.0 1.8 0.880638232653005 0.7173897124333324 32.61326606925244 -3.7542456937731963 -2.111993997629284 -2.954805073580406 
Pedestrian 25 0 -9999.0 -9999.0 -9999.0 -9999.0 1.8 0.880638232653005 0.7173897124333324 32.626745698921184 -3.0062987154678296 -2.1190701318846794 -2.954805073580406 
Car 3 0 -9999.0 -9999.0 -9999.0 -9999.0 1.4301220212552401 4 1.8633935758759457 55.52723038498441 -0.19371244093967882 -3.3797206733784515 -3.0521482483721982 
Pedestrian 42 0 -9999.0 -9999.0 -9999.0 -9999.0 1.9110630666244788 0.6648425352273584 0.7730646177530336 -25.664712105760454 0.6756740321220329 3.173590370174833 -3.0582216621535636 
Pedestrian 41 0 -9999.0 -9999.0 -9999.0 -9999.0 1.7717383253829708 0.6171990397476583 0.6601212154854279 -25.74999088451486 -0.014855794877087068 3.1079899693345827 -3.0591592951960678 
Pedestrain_sitting 21 0 -9999.0 -9999.0 -9999.0 -9999.0 0.9170967942404316 0.6239191457374971 0.6351946031908755 11.746944384283603 5.242848860154533 -0.19663395136331063 0.12922773610511484 
Pedestrian 702 0 -9999.0 -9999.0 -9999.0 -9999.0 1.7242744269198185 0.63 0.6898739737048278 -33.73574520871398 4.499577110366345 3.9138737602495723 -3.00732011091074 
Pedestrian 703 0 -9999.0 -9999.0 -9999.0 -9999.0 1.7717383253829708 0.63 0.6566716672544799 -33.545982746581885 5.2308252634396215 3.9734929658211033 -3.00732011091074 
Pedestrian 1001 0 -9999.0 -9999.0 -9999.0 -9999.0 1.8190235843771385 0.6309324708718423 0.6213012349133786 32.284636444999165 2.9552650390915773 -1.7878534830957318 1.5959482666453866 
Pedestrian 765 0 -9999.0 -9999.0 -9999.0 -9999.0 1.765427731387784 0.6045377694180526 0.7280996093110779 29.353615025668475 2.3206191525782964 -1.7732325795828525 -1.7373808412207659 
Pedestrian 888 0 -9999.0 -9999.0 -9999.0 -9999.0 1.5366259275535865 0.5877254913696837 0.6357928477663076 13.534704778687171 7.900392692472714 -0.1565275891845007 -3.098007020504813 
Pedestrian 223 0 -9999.0 -9999.0 -9999.0 -9999.0 1.7272234413230434 0.6942712320825266 0.6155335882708507 37.47924940192922 -6.928286132660275 -2.670383389626847 0.6419837624925542 
Pedestrian 3 0 -9999.0 -9999.0 -9999.0 -9999.0 1.6413741868673242 0.9102319618606736 0.749658509723502 16.731906545059946 1.8637271939402613 -0.7055747007551545 -2.865914019479252 
Pedestrian 5 0 -9999.0 -9999.0 -9999.0 -9999.0 1.6467102258502564 0.8504990806290904 0.946862823709426 3.1769115750325243 2.5868331748855757 0.4404293486398466 0.31934341683617795 
Pedestrian 4 0 -9999.0 -9999.0 -9999.0 -9999.0 1.7335733350919327 0.8234084053360446 0.7316008376188541 2.17675640937846 2.615425383314096 0.40680748335668115 0.07151788528662983 
Pedestrian 1 0 -9999.0 -9999.0 -9999.0 -9999.0 1.830187787627785 0.8467364901875526 1.030957247409183 2.2493492829713433 3.573968250428925 0.6324512272548606 -3.0356199590226716 
Pedestrian 2 0 -9999.0 -9999.0 -9999.0 -9999.0 1.6047004871739794 0.8225193905720728 0.8427564948210492 2.8120569077531585 3.7593176882420165 0.39450967414350757 0.44288435239876556 
Pedestrian 6 0 -9999.0 -9999.0 -9999.0 -9999.0 1.8 0.7815797515521649 0.729516349447393 20.730592459814925 -1.7314314718802966 -0.9676503802488657 -3.0167856652301417 
Pedestrian 7 0 -9999.0 -9999.0 -9999.0 -9999.0 1.85 0.7446143281153959 0.7378356243838986 20.281303821175765 -2.4182845547271925 -0.9580872318595123 -3.0167473323324607 
Pedestrian 9 0 -9999.0 -9999.0 -9999.0 -9999.0 1.7388951330758573 0.762844615165235 0.6125796005267553 18.800896737798208 2.495347299455348 -0.9298016200641874 1.99731191900511 
Pedestrian 10 0 -9999.0 -9999.0 -9999.0 -9999.0 1.7238665634959034 0.765649395571576 0.6782236572752955 19.382573423714025 2.2333690419949295 -1.0016324102397332 1.9995579652719613 
Car 1 0 -9999.0 -9999.0 -9999.0 -9999.0 1.9636838768401188 5.159477280173534 1.9749927503715075 8.575479066089082 -3.1232761587420206 0.2110456971255682 0.07789770957224906 
Pedestrian 11 0 -9999.0 -9999.0 -9999.0 -9999.0 1.833843394516407 0.888361750840276 0.8547891083331658 39.39328124939213 -1.7616665386077144 -2.8276071558857665 -3.070074751083686 
Pedestrian 44 0 -9999.0 -9999.0 -9999.0 -9999.0 1.773026559218124 1 0.9694486388550138 -20.415475202363712 2.9471491128634852 2.864488744503346 -3.041330050533972 
Pedestrian 43 0 -9999.0 -9999.0 -9999.0 -9999.0 1.6975355979754738 1 1.115836959245979 -20.516597682494602 1.912283191714761 2.7524994562329144 -3.041022596142575 
Pedestrian 18 0 -9999.0 -9999.0 -9999.0 -9999.0 1.553791531556044 0.9350978240778415 0.7014189842208715 8.64883402515514 -1.828964303267892 -0.001918778023423072 0.23197800397959245 
Pedestrian 17 0 -9999.0 -9999.0 -9999.0 -9999.0 1.6786936986616088 0.9385842718372612 0.8570610823441984 8.693988660419516 -1.0891102084302462 0.06970088310326873 0.1838633284903679 
Pedestrian 19 0 -9999.0 -9999.0 -9999.0 -9999.0 1.88766995436284 0.8473523143195599 0.8020167022554571 27.579501892391846 0.11716499131958233 -1.5886255596311858 0.07044896435085057 
Pedestrian 20 0 -9999.0 -9999.0 -9999.0 -9999.0 1.8942850025152396 0.7837367986462382 0.6986151564054772 27.059609450963755 -0.38867978685636456 -1.5627928699475324 0.16223776099767662 
Pedestrian 8 0 -9999.0 -9999.0 -9999.0 -9999.0 1.7182020193881877 0.84040506779357 0.7617142683117479 19.21696699417388 -3.5009957830157417 -0.9211016529770351 -3.024571206611789 
Pedestrian 36 0 -9999.0 -9999.0 -9999.0 -9999.0 1.85 0.8455221526426029 0.7795427445654814 -6.388715303884639 5.121159220380628 1.2859779191787386 -1.1350951625841024 
Pedestrian 1002 0 -9999.0 -9999.0 -9999.0 -9999.0 1.5480067025273518 0.5644233003512866 0.6213012349133786 26.49882190706449 -2.877157535180905 -1.7206605099405519 -3.043520129541184 
Pedestrian 16 0 -9999.0 -9999.0 -9999.0 -9999.0 1.5480067025273518 0.5644233003512866 0.6213012349133786 26.43250039298277 -3.6600169480113327 -1.7039770562345429 -3.0435201293394805 
Pedestrian 34 0 -9999.0 -9999.0 -9999.0 -9999.0 1.8 0.742563890087286 0.7166973150341831 -7.260384450594511 5.030973330363089 1.4061954624861541 -1.2340428991107686 
Pedestrian 27 0 -9999.0 -9999.0 -9999.0 -9999.0 1.8 0.8271693526588353 0.8407252643496999 29.632852827408364 -0.2850889419642803 -1.8228611268802588 1.5885285770076996 
Pedestrian 503 0 -9999.0 -9999.0 -9999.0 -9999.0 1.5098862519504819 0.7016892788347073 0.6244449312827264 23.914708763180734 5.283644904855163 -1.3643276722969773 2.395193348729382 
Pedestrian 14 0 -9999.0 -9999.0 -9999.0 -9999.0 1.5350666013118595 0.6767124353147551 0.6338965826401189 25.66071823618253 3.1919385032612064 -1.5409037012393467 1.7561885857474646 
Pedestrian 15 0 -9999.0 -9999.0 -9999.0 -9999.0 1.4995242359067946 0.6433493585685015 0.616020103352135 26.20984763708002 3.061364563421584 -1.6208157399383007 1.750050887779956 
Pedestrian 22 0 -9999.0 -9999.0 -9999.0 -9999.0 1.7272234413230434 0.8930338539667776 0.7589542967325148 24.35129863254531 -4.211406236816658 -1.386359577175152 -3.0167003574118496 
Pedestrian 777 0 -9999.0 -9999.0 -9999.0 -9999.0 1.5601539586488533 0.7742910735758141 0.7734620811052282 -12.149977419353316 1.7227580365112818 1.861664468750906 1.6200189125797788 
Pedestrian 502 0 -9999.0 -9999.0 -9999.0 -9999.0 1.5580631857725595 0.6324640994580073 0.6231826615974934 23.234942867504362 5.557624019502635 -1.222258622343581 2.384830060302864 
Pedestrian 45 0 -9999.0 -9999.0 -9999.0 -9999.0 1.840803791853019 0.9047965827395252 0.7795427445654814 5.736787560867018 -1.9401469439899015 0.33373966944591504 3.1354613119275374 
Pedestrain_sitting 20 0 -9999.0 -9999.0 -9999.0 -9999.0 0.9288023059382893 0.630173997091732 0.7116151379014846 10.889896117519706 5.29186251611659 -0.09445865374519136 -3.033478750451158 
Car 4 0 -9999.0 -9999.0 -9999.0 -9999.0 2.0589564776245735 4.5 2.044844764170049 -33.24648789013757 6.761787274186261 3.9539145946514274 0.15975626962034895 
Pedestrian 200 0 -9999.0 -9999.0 -9999.0 -9999.0 1.7521106512660325 0.9162872598483918 0.6944942567378337 -11.74404465465129 3.4325030026207157 1.9840205607410053 -3.0444230270416544 
Pedestrian 47 0 -9999.0 -9999.0 -9999.0 -9999.0 1.739259612086605 0.9765708634005151 0.6968829901888434 -11.150556900943846 1.5280162361796163 1.7779331118355266 1.4255167566456564 
Pedestrian 24 0 -9999.0 -9999.0 -9999.0 -9999.0 1.5665724604937843 0.8256175940025915 0.7327379765104859 18.115520481414478 -5.048256896856597 -1.0281280192234667 -1.920355632971539 
Pedestrian 46 0 -9999.0 -9999.0 -9999.0 -9999.0 1.739259612086605 0.8137808070594968 0.7631092640473314 -10.517566130623356 1.9214274055581406 1.8404399873221824 1.4010413056492812 
Pedestrian 35 0 -9999.0 -9999.0 -9999.0 -9999.0 1.85 0.8455221526426029 0.8055941736449839 1.1315490617772515 5.160999624474193 0.6721977660805268 -3.0818218928680388 
Pedestrian 39 0 -9999.0 -9999.0 -9999.0 -9999.0 1.6992181517554945 0.7236988029930532 0.6130136573276566 -11.701699283140503 2.7748148447546748 1.9661473192746375 -3.0445444953177336 
Pedestrian 49 0 -9999.0 -9999.0 -9999.0 -9999.0 1.8880449392725787 0.7266739568839767 0.719062337692116 -13.279702319156899 -2.0831397788273334 1.8318397790493806 1.1335970420417105 
Pedestrian 51 0 -9999.0 -9999.0 -9999.0 -9999.0 1.7084772160642387 0.6876926218915868 0.6022575416759411 -8.481370449091237 -2.5007368716113034 1.6172274220094613 1.7806207929365527 
Pedestrian 50 0 -9999.0 -9999.0 -9999.0 -9999.0 1.6682901068147347 0.7378107948553352 0.6318862957964667 -9.314341955341428 -2.3153958348831822 1.6056922416463557 1.774286363237355 
Pedestrian 37 0 -9999.0 -9999.0 -9999.0 -9999.0 1.7674898152527898 0.7851268766529278 0.7077031440696406 -6.859236331662601 2.3789107081666954 1.4153370331241644 -2.9497406668315787 
Pedestrian 38 0 -9999.0 -9999.0 -9999.0 -9999.0 1.768936684463284 0.7798122203956248 0.6543593384916504 -6.819047163822521 3.089435412245583 1.4129024112322037 -2.949478663323914 
Pedestrian 48 0 -9999.0 -9999.0 -9999.0 -9999.0 1.8437648405814306 0.63 0.8639507388388924 -12.644225010216735 -1.8448405174279148 1.801465634302998 0.18306397893904602 
Pedestrain_sitting 556 0 -9999.0 -9999.0 -9999.0 -9999.0 1.3003415906177906 0.5495013160563614 0.4849281347249202 21.225503502241445 -8.628654836023577 -1.1035501570258093 3.1368080825650217 
Pedestrain_sitting 555 0 -9999.0 -9999.0 -9999.0 -9999.0 1.3003415906177906 0.5495013160563614 0.4849281347249202 21.206086800531843 -7.918600709630031 -1.1045740136010929 3.1368080825650217 
Pedestrian 23 0 -9999.0 -9999.0 -9999.0 -9999.0 1.733985410563253 0.6134757942819711 0.7222749871810963 17.11970225343338 -4.848696347278131 -0.7607891610715063 -2.0191023197871907 
