Car 2 0 -9999.0 -9999.0 -9999.0 -9999.0 1.7161032172723623 4.3042446659889535 2.497900330371051 29.79224718607759 1.2201762421777615 -1.7737237731924014 0.07281321653102601 
Pedestrian 26 0 -9999.0 -9999.0 -9999.0 -9999.0 1.8 0.880638232653005 0.7173897124333324 33.59515188221967 -3.6843570401941332 -2.2148785373596236 -2.954805073580406 
Pedestrian 25 0 -9999.0 -9999.0 -9999.0 -9999.0 1.8 0.880638232653005 0.7173897124333324 33.66196660176531 -2.960035632521923 -2.204865379437585 -2.954805073580406 
Car 3 0 -9999.0 -9999.0 -9999.0 -9999.0 1.4301220212552401 4 1.8633935758759457 55.543350500910456 -0.19515815255489694 -3.3573751610840152 -3.0521482483721982 
Pedestrian 42 0 -9999.0 -9999.0 -9999.0 -9999.0 1.9110630666244788 0.6648425352273584 0.7730646177530336 -24.717123422715975 0.7089386472113788 3.0785154529850423 -3.128970710387321 
Pedestrian 41 0 -9999.0 -9999.0 -9999.0 -9999.0 1.7717383253829708 0.6171990397476583 0.6601212154854279 -24.709223346921597 -0.014397979560772042 2.995064791693378 3.1303539549374264 
Pedestrain_sitting 21 0 -9999.0 -9999.0 -9999.0 -9999.0 0.9170967942404316 0.6239191457374971 0.6351946031908755 11.753513094982885 5.242904301198551 -0.08136399484162138 0.12911054292074375 
Pedestrian 702 0 -9999.0 -9999.0 -9999.0 -9999.0 1.7242744269198185 0.63 0.6898739737048278 -32.31412924550923 4.340495157105639 3.709414541962835 -3.00732011091074 
Pedestrian 703 0 -9999.0 -9999.0 -9999.0 -9999.0 1.7717383253829708 0.63 0.6566716672544799 -32.288820977023015 5.121932912301226 3.7536279648943984 -3.00732011091074 
Pedestrian 1001 0 -9999.0 -9999.0 -9999.0 -9999.0 1.8190235843771385 0.6309324708718423 0.6213012349133786 32.35796788139375 2.896069020354942 -1.644935536970281 1.5959482666036466 
Pedestrian 765 0 -9999.0 -9999.0 -9999.0 -9999.0 1.765427731387784 0.6045377694180526 0.7280996093110779 29.70908357585097 2.293566827690489 -1.69877713087822 -2.282980627645399 
Pedestrian 888 0 -9999.0 -9999.0 -9999.0 -9999.0 1.5366259275535865 0.5877254913696837 0.6357928477663076 12.75064624734359 8.00663463552772 -0.07007550339599869 -3.0693391421245106 
Pedestrian 223 0 -9999.0 -9999.0 -9999.0 -9999.0 1.7272234413230434 0.6942712320825266 0.6155335882708507 37.4955126909628 -6.964817815071066 -2.6325007694218274 0.6419837620573228 
Pedestrian 3 0 -9999.0 -9999.0 -9999.0 -9999.0 1.6413741868673242 0.9102319618606736 0.749658509723502 17.890592424594004 1.7513131109953415 -0.7822180998342988 -2.865908414376161 
Pedestrian 5 0 -9999.0 -9999.0 -9999.0 -9999.0 1.6467102258502564 0.8504990806290904 0.946862823709426 2.633010175916377 2.5762546960274766 0.5582101236406968 0.32153492637602454 
Pedestrian 4 0 -9999.0 -9999.0 -9999.0 -9999.0 1.7335733350919327 0.8234084053360446 0.7316008376188541 2.242119392840886 2.611512616220596 0.5430514601442513 0.07653661918796661 
Pedestrian 1 0 -9999.0 -9999.0 -9999.0 -9999.0 1.830187787627785 0.8467364901875526 1.030957247409183 2.2536525707264157 3.443090027949362 0.6519775283326442 -3.037917965961194 
Pedestrian 2 0 -9999.0 -9999.0 -9999.0 -9999.0 1.6047004871739794 0.8225193905720728 0.8427564948210492 2.440680884400479 4.026576922599693 0.5253844246283013 0.4418070108407175 
Pedestrian 6 0 -9999.0 -9999.0 -9999.0 -9999.0 1.8 0.7815797515521649 0.729516349447393 21.786342571637597 -1.9545020388510244 -1.0956627681955664 -3.0167877583127183 
Pedestrian 7 0 -9999.0 -9999.0 -9999.0 -9999.0 1.85 0.7446143281153959 0.7378356243838986 21.375415824065207 -2.6364382699199433 -1.0835911596517411 -3.0167473323324607 
Pedestrian 9 0 -9999.0 -9999.0 -9999.0 -9999.0 1.7388951330758573 0.762844615165235 0.6125796005267553 19.008661744219772 2.5183867356911334 -0.8896685563517039 2.006889208947978 
Pedestrian 10 0 -9999.0 -9999.0 -9999.0 -9999.0 1.7238665634959034 0.765649395571576 0.6782236572752955 19.66881122432537 2.320972868959424 -0.9711350992618473 2.007298089873725 
Car 1 0 -9999.0 -9999.0 -9999.0 -9999.0 1.9636838768401188 5.159477280173534 1.9749927503715075 8.630957040338123 -3.127753932713296 0.2637409759633483 0.07789770963186626 
Pedestrian 11 0 -9999.0 -9999.0 -9999.0 -9999.0 1.833843394516407 0.888361750840276 0.8547891083331658 40.8469053346207 -1.7418386633308471 -2.8257089964370374 -3.070074741127735 
Pedestrian 44 0 -9999.0 -9999.0 -9999.0 -9999.0 1.773026559218124 1 0.9694486388550138 -19.090671425672014 2.844449391354219 2.71551820465769 -3.036577610927397 
Pedestrian 43 0 -9999.0 -9999.0 -9999.0 -9999.0 1.6975355979754738 1 1.115836959245979 -19.166339728006644 1.8227412896541548 2.654966354452999 -3.0358157365280256 
Pedestrian 18 0 -9999.0 -9999.0 -9999.0 -9999.0 1.553791531556044 0.9350978240778415 0.7014189842208715 7.67843295901193 -1.4565353970384465 0.11272731453982908 0.18498832970093382 
Pedestrian 17 0 -9999.0 -9999.0 -9999.0 -9999.0 1.6786936986616088 0.9385842718372612 0.8570610823441984 7.930902970556001 -0.8962802663349327 0.16588679670270998 0.20734009897002892 
Pedestrian 19 0 -9999.0 -9999.0 -9999.0 -9999.0 1.88766995436284 0.8473523143195599 0.8020167022554571 26.799595766559978 0.4358223084289538 -1.4590308703443775 0.35961304960159346 
Pedestrian 20 0 -9999.0 -9999.0 -9999.0 -9999.0 1.8942850025152396 0.7837367986462382 0.6986151564054772 26.33198967126947 -0.20287187875812554 -1.3931581539918274 0.35961304960159346 
Pedestrian 8 0 -9999.0 -9999.0 -9999.0 -9999.0 1.7182020193881877 0.84040506779357 0.7617142683117479 19.975652916868714 -3.582348528572393 -0.9670557958252761 -3.0506762937787784 
Pedestrian 36 0 -9999.0 -9999.0 -9999.0 -9999.0 1.85 0.8455221526426029 0.7795427445654814 -6.387022679331587 4.95154843738302 1.2964878644511353 -1.1350933946406556 
Pedestrian 1002 0 -9999.0 -9999.0 -9999.0 -9999.0 1.5480067025273518 0.5644233003512866 0.6213012349133786 27.729252829360604 -2.9067541604259737 -1.8031732116670465 -3.043520129541184 
Pedestrian 16 0 -9999.0 -9999.0 -9999.0 -9999.0 1.5480067025273518 0.5644233003512866 0.6213012349133786 27.59383521491441 -3.644120563403605 -1.7914892678550685 -3.043520130434402 
Pedestrian 34 0 -9999.0 -9999.0 -9999.0 -9999.0 1.8 0.742563890087286 0.7166973150341831 -7.249187660216088 4.899385152977697 1.3032139377467784 -1.2336058778902377 
Pedestrian 27 0 -9999.0 -9999.0 -9999.0 -9999.0 1.8 0.8271693526588353 0.8407252643496999 29.65795978962736 -0.27253452747654766 -1.736025721736689 1.5872887121566954 
Pedestrian 503 0 -9999.0 -9999.0 -9999.0 -9999.0 1.5098862519504819 0.7016892788347073 0.6244449312827264 23.97357280098559 5.3336477920746885 -1.125877725207864 2.395193348729382 
Pedestrian 22 0 -9999.0 -9999.0 -9999.0 -9999.0 1.7272234413230434 0.8930338539667776 0.7589542967325148 24.999155413726232 -4.1303227977871835 -1.3463266247535601 -3.0180590445755175 
Pedestrian 777 0 -9999.0 -9999.0 -9999.0 -9999.0 1.5601539586488533 0.7742910735758141 0.7734620811052282 -11.700514018334914 2.445540675587702 1.8560900957067876 1.638371102106059 
Pedestrian 502 0 -9999.0 -9999.0 -9999.0 -9999.0 1.5580631857725595 0.6324640994580073 0.6231826615974934 23.208101243848997 5.563553397422165 -0.9860122134035251 2.384830979894442 
Pedestrian 45 0 -9999.0 -9999.0 -9999.0 -9999.0 1.840803791853019 0.9047965827395252 0.7795427445654814 6.412074294019873 -1.8109940010549164 0.353139286860773 3.1354613119275374 
Pedestrain_sitting 20 0 -9999.0 -9999.0 -9999.0 -9999.0 0.9288023059382893 0.630173997091732 0.7116151379014846 10.889436032835475 5.290487646376119 0.015306403842560545 -3.033483720314033 
Car 4 0 -9999.0 -9999.0 -9999.0 -9999.0 2.0589564776245735 4.5 2.044844764170049 -33.21966573042099 6.7438211930823355 3.984615006331312 0.15975626962034895 
Pedestrian 200 0 -9999.0 -9999.0 -9999.0 -9999.0 1.7521106512660325 0.9162872598483918 0.6944942567378337 -10.56683664745362 3.4413339050531446 1.9039975894393033 -3.0653997976704144 
Pedestrian 47 0 -9999.0 -9999.0 -9999.0 -9999.0 1.739259612086605 0.9765708634005151 0.6968829901888434 -10.892667434981854 1.765216854918399 1.8217824621088308 0.6595906476724505 
Pedestrian 24 0 -9999.0 -9999.0 -9999.0 -9999.0 1.5665724604937843 0.8256175940025915 0.7327379765104859 18.733450293624706 -5.089270852093138 -0.9896292613127281 -2.8617952327812866 
Pedestrian 46 0 -9999.0 -9999.0 -9999.0 -9999.0 1.739259612086605 0.8137808070594968 0.7631092640473314 -10.326878873267413 2.2741476336518414 1.9889743732569705 0.6417694373184579 
Pedestrian 35 0 -9999.0 -9999.0 -9999.0 -9999.0 1.85 0.8455221526426029 0.8055941736449839 2.449989141534747 4.875135033694562 0.6373583070631145 -3.0817623724324186 
Pedestrian 39 0 -9999.0 -9999.0 -9999.0 -9999.0 1.6992181517554945 0.7236988029930532 0.6130136573276566 -10.553861045990049 2.7874820229039003 1.8920983435921004 -3.0653814651474143 
Pedestrian 49 0 -9999.0 -9999.0 -9999.0 -9999.0 1.8880449392725787 0.7266739568839767 0.719062337692116 -13.18488295004525 -2.1639615627876005 1.8811258957267847 1.133596854965127 
Pedestrian 51 0 -9999.0 -9999.0 -9999.0 -9999.0 1.7084772160642387 0.6876926218915868 0.6022575416759411 -8.452322107627735 -2.4578922711707563 1.6735708794131705 1.7806207929365527 
Pedestrian 50 0 -9999.0 -9999.0 -9999.0 -9999.0 1.6682901068147347 0.7378107948553352 0.6318862957964667 -9.246536946419006 -2.32624515042505 1.6622502225151756 1.774286363237355 
Pedestrian 37 0 -9999.0 -9999.0 -9999.0 -9999.0 1.7674898152527898 0.7851268766529278 0.7077031440696406 -5.700662309395203 2.2714057310966327 1.345595077510697 -2.9492398907810653 
Pedestrian 38 0 -9999.0 -9999.0 -9999.0 -9999.0 1.768936684463284 0.7798122203956248 0.6543593384916504 -5.713518514186681 3.009917860246518 1.258327960562678 -2.9494943079035654 
Pedestrian 48 0 -9999.0 -9999.0 -9999.0 -9999.0 1.8437648405814306 0.63 0.8639507388388924 -12.630445764315722 -1.8712247085039042 1.8529261470091514 0.18305684650039655 
Pedestrain_sitting 556 0 -9999.0 -9999.0 -9999.0 -9999.0 1.3003415906177906 0.5495013160563614 0.4849281347249202 21.23137334114764 -8.644580018406657 -1.0966983936728951 3.1368080825650217 
Pedestrain_sitting 555 0 -9999.0 -9999.0 -9999.0 -9999.0 1.3003415906177906 0.5495013160563614 0.4849281347249202 21.212120522721076 -7.9340346154464845 -1.09915750948195 3.1368080825650217 
Pedestrian 23 0 -9999.0 -9999.0 -9999.0 -9999.0 1.733985410563253 0.6134757942819711 0.7222749871810963 17.166073791576643 -4.848948907846755 -0.7491026581929215 -2.0191023197871907 
