Car 2 0 -9999.0 -9999.0 -9999.0 -9999.0 1.7161032172723623 4.3042446659889535 2.497900330371051 29.531821269126343 0.898915641537115 -2.625384356204795 0.07281321653102601 
Pedestrian 26 0 -9999.0 -9999.0 -9999.0 -9999.0 1.8 0.880638232653005 0.7173897124333324 24.455672607157908 -3.7050722335657404 -2.178579759846281 -2.954805073580406 
Pedestrian 42 0 -9999.0 -9999.0 -9999.0 -9999.0 1.9110630666244788 0.6648425352273584 0.7730646177530336 -27.267934796200564 0.37292130251813416 2.2694498189141132 1.151279103082758 
Pedestrian 41 0 -9999.0 -9999.0 -9999.0 -9999.0 1.7717383253829708 0.6171990397476583 0.6601212154854279 -26.842148817489736 0.8634616640245324 2.1804947704404722 1.1247558199576053 
Pedestrain_sitting 21 0 -9999.0 -9999.0 -9999.0 -9999.0 0.9170967942404316 0.6239191457374971 0.6351946031908755 11.693109941056813 5.242394488227795 -1.1413389649056216 0.13018820310076862 
Pedestrian 1001 0 -9999.0 -9999.0 -9999.0 -9999.0 1.8190235843771385 0.6309324708718423 0.6213012349133786 32.19150552623253 2.7015424696803088 -2.55618417359987 1.5959482728017234 
Pedestrian 765 0 -9999.0 -9999.0 -9999.0 -9999.0 1.765427731387784 0.6045377694180526 0.7280996093110779 29.526693149947576 2.252155331135985 -2.612296302290588 -0.9173421203867775 
Pedestrian 888 0 -9999.0 -9999.0 -9999.0 -9999.0 1.5366259275535865 0.5877254913696837 0.6357928477663076 12.289612419371252 8.237843954583248 -1.3819467812907404 -3.105654843413621 
Pedestrian 223 0 -9999.0 -9999.0 -9999.0 -9999.0 1.7272234413230434 0.6942712320825266 0.6155335882708507 37.18142191588208 -7.021492946823037 -3.3033156795761185 0.6419837712319802 
Pedestrian 3 0 -9999.0 -9999.0 -9999.0 -9999.0 1.6413741868673242 0.9102319618606736 0.749658509723502 8.097616291598932 3.4257754919610277 -0.9877113815309472 -2.86591423304586 
Pedestrian 5 0 -9999.0 -9999.0 -9999.0 -9999.0 1.6467102258502564 0.8504990806290904 0.7324788173464449 6.34790276418335 2.826231192705039 -0.7527904860591845 0.36294406623239084 
Pedestrian 4 0 -9999.0 -9999.0 -9999.0 -9999.0 1.7335733350919327 0.8234084053360446 0.7316008376188541 5.798928859154544 3.0442819267433925 -0.6834683063553101 0.44367114339138425 
Pedestrian 1 0 -9999.0 -9999.0 -9999.0 -9999.0 1.830187787627785 0.8467364901875526 1.030957247409183 1.8727910384042568 3.503022318559328 -0.32600390558565784 2.821063885305664 
Pedestrian 2 0 -9999.0 -9999.0 -9999.0 -9999.0 1.6047004871739794 0.8225193905720728 0.8427564948210492 2.8607775301327454 3.850163592367922 -0.5579996688134552 0.4440707671539368 
Pedestrian 6 0 -9999.0 -9999.0 -9999.0 -9999.0 1.8 0.7815797515521649 0.729516349447393 12.153585929552843 -0.5972914447919587 -1.0038068888849143 -3.0167461117581205 
Pedestrian 7 0 -9999.0 -9999.0 -9999.0 -9999.0 1.85 0.7446143281153959 0.7378356243838986 11.958574661554886 -1.3442689257270535 -0.9769000047199031 -3.0167473323324607 
Pedestrian 9 0 -9999.0 -9999.0 -9999.0 -9999.0 1.7388951330758573 0.762844615165235 0.6125796005267553 14.386624432510345 2.1234960532445353 -1.3852664320286436 -3.0681035793776257 
Pedestrian 10 0 -9999.0 -9999.0 -9999.0 -9999.0 1.7238665634959034 0.765649395571576 0.6782236572752955 14.483242508053223 1.6080197473350664 -1.3888142563730466 -3.0682313231313856 
Car 1 0 -9999.0 -9999.0 -9999.0 -9999.0 1.9636838768401188 5.159477280173534 1.9749927503715075 8.441144668720808 -3.113143913136931 -0.6253391529965224 0.07789770765019544 
Pedestrian 11 0 -9999.0 -9999.0 -9999.0 -9999.0 1.833843394516407 0.888361750840276 0.8547891083331658 27.474280418933848 -0.7564635095271447 -2.470518344141359 -3.0700747687165215 
Pedestrian 44 0 -9999.0 -9999.0 -9999.0 -9999.0 1.773026559218124 1 0.9694486388550138 -31.732879474228156 3.7468542199465533 2.5696450073660007 -3.0445453851456854 
Pedestrian 43 0 -9999.0 -9999.0 -9999.0 -9999.0 1.6975355979754738 1 1.115836959245979 -31.80567744633883 2.699705980825961 2.869402715180698 -3.0445453734030217 
Pedestrian 18 0 -9999.0 -9999.0 -9999.0 -9999.0 1.553791531556044 0.9350978240778415 0.7014189842208715 15.643858568503815 -3.652396876214887 -1.4905034268887545 0.20407773361078974 
Pedestrian 17 0 -9999.0 -9999.0 -9999.0 -9999.0 1.6786936986616088 0.9385842718372612 0.8570610823441984 15.901855636122397 -2.886788334448013 -1.4212502483261424 0.2306782992559384 
Pedestrian 19 0 -9999.0 -9999.0 -9999.0 -9999.0 1.88766995436284 0.8473523143195599 0.8020167022554571 33.476168338318864 -0.032445301088921574 -2.6517074490394568 -0.013668154754444828 
Pedestrian 20 0 -9999.0 -9999.0 -9999.0 -9999.0 1.8942850025152396 0.7837367986462382 0.6986151564054772 33.10996541267458 -0.7542134365992782 -2.6256306970048926 -0.020880309521631446 
Pedestrian 8 0 -9999.0 -9999.0 -9999.0 -9999.0 1.7182020193881877 0.84040506779357 0.7617142683117479 12.485816524079674 -2.3986237866423226 -1.1121539131389677 -3.0712678198205268 
Pedestrian 36 0 -9999.0 -9999.0 -9999.0 -9999.0 1.85 0.8455221526426029 0.7795427445654814 -6.586527914302557 4.7658693227080695 0.4623899472843006 -1.3686795037039232 
Pedestrian 1002 0 -9999.0 -9999.0 -9999.0 -9999.0 1.5480067025273518 0.5644233003512866 0.6213012349133786 17.4819583363212 -1.9608884628807082 -1.7071996564923457 -3.043520129541184 
Pedestrian 16 0 -9999.0 -9999.0 -9999.0 -9999.0 1.5480067025273518 0.5644233003512866 0.6213012349133786 17.39043826472895 -2.6367844117733705 -1.7062205644412936 -3.04352013286816 
Pedestrian 34 0 -9999.0 -9999.0 -9999.0 -9999.0 1.8 0.742563890087286 0.7166973150341831 -7.129481894934311 4.104001896820678 0.5047351192226524 2.225389500685136 
Pedestrian 503 0 -9999.0 -9999.0 -9999.0 -9999.0 1.5098862519504819 0.7016892788347073 0.6244449312827264 23.398178311357178 4.973489275278372 -1.9135050863346756 2.395193348729382 
Pedestrian 14 0 -9999.0 -9999.0 -9999.0 -9999.0 1.5350666013118595 0.6767124353147551 0.6338965826401189 20.002953597780092 -1.1373071390818832 -1.6964857548566186 -2.9950091569568684 
Pedestrian 15 0 -9999.0 -9999.0 -9999.0 -9999.0 1.4995242359067946 0.6433493585685015 0.616020103352135 19.910814634604193 -1.8300260475555776 -1.7135049096634245 -2.9961030876234744 
Pedestrian 22 0 -9999.0 -9999.0 -9999.0 -9999.0 1.7272234413230434 0.8930338539667776 0.7589542967325148 19.35186904277629 -4.243907571219001 -1.6568929043903067 -3.015783120964768 
Pedestrian 777 0 -9999.0 -9999.0 -9999.0 -9999.0 1.5601539586488533 0.7742910735758141 0.7734620811052282 -5.4445807307700855 -2.5535178262077634 0.3223499121029587 0.5867483402759586 
Pedestrian 45 0 -9999.0 -9999.0 -9999.0 -9999.0 1.840803791853019 0.9047965827395252 0.7795427445654814 -2.488997823121114 -2.250998231118522 0.2545862538769962 3.1354613119275374 
Car 4 0 -9999.0 -9999.0 -9999.0 -9999.0 2.0589564776245735 4.5 2.044844764170049 -33.145781528663534 6.723570953793586 2.689453430905223 0.15975626962034806 
Pedestrian 52 0 -9999.0 -9999.0 -9999.0 -9999.0 1.85 0.8063422351422711 0.648255271894977 -1.9706929276822338 -10.241513019553718 0.4445274716703994 3.0157783739316972 
Pedestrian 53 0 -9999.0 -9999.0 -9999.0 -9999.0 1.85 0.6635819251292966 0.5936944772056624 -0.8773741605353991 -10.847441052908822 0.42251862769742904 2.928476607281148 
Pedestrian 200 0 -9999.0 -9999.0 -9999.0 -9999.0 1.7521106512660325 0.9162872598483918 0.6944942567378337 -20.5020375810897 3.961393597778444 1.6117579664963322 -3.0359582628727626 
Pedestrian 47 0 -9999.0 -9999.0 -9999.0 -9999.0 1.739259612086605 0.9765708634005151 0.6968829901888434 -6.133707686713344 -2.401334068127754 0.4718085594037196 0.6097833085947038 
Pedestrian 24 0 -9999.0 -9999.0 -9999.0 -9999.0 1.5665724604937843 0.8256175940025915 0.7327379765104859 17.674986626490654 -4.775325639494794 -1.3995531065080775 -1.6969116849733616 
Pedestrian 46 0 -9999.0 -9999.0 -9999.0 -9999.0 1.739259612086605 0.8137808070594968 0.7631092640473314 -5.850608100050374 -1.7884740985901164 0.4331804002143713 0.5845418745475897 
Pedestrian 35 0 -9999.0 -9999.0 -9999.0 -9999.0 1.85 0.8455221526426029 0.8055941736449839 -7.791825939879809 3.424197337225681 0.5811329065563917 -3.1300369832174297 
Pedestrian 39 0 -9999.0 -9999.0 -9999.0 -9999.0 1.6992181517554945 0.7236988029930532 0.6130136573276566 -20.46132210360956 3.291836517338535 1.6168196956513157 -3.035957973901814 
Pedestrian 49 0 -9999.0 -9999.0 -9999.0 -9999.0 1.8880449392725787 0.7266739568839767 0.719062337692116 -13.42841432720093 -1.9260881073643283 1.1369984743026558 1.1422227930525555 
Pedestrian 51 0 -9999.0 -9999.0 -9999.0 -9999.0 1.7084772160642387 0.6876926218915868 0.6022575416759411 -8.6042461577576 -2.312131907662541 0.7094119541536614 1.7806207929365527 
Pedestrian 50 0 -9999.0 -9999.0 -9999.0 -9999.0 1.6682901068147347 0.7378107948553352 0.6318862957964667 -9.441084374470325 -2.14912322993206 0.7134881717155539 1.774286363237355 
Pedestrian 37 0 -9999.0 -9999.0 -9999.0 -9999.0 1.7674898152527898 0.7851268766529278 0.7077031440696406 -15.685602632689104 3.683908657930473 1.2168113557732803 -2.9485899310665733 
Pedestrian 38 0 -9999.0 -9999.0 -9999.0 -9999.0 1.768936684463284 0.7798122203956248 0.6543593384916504 -15.604394352786478 4.344325421735251 1.2128950528183036 -2.9493876101584675 
Pedestrian 48 0 -9999.0 -9999.0 -9999.0 -9999.0 1.8437648405814306 0.63 0.8639507388388924 -12.827138431290109 -1.5449133566532107 1.1140750750840565 0.1830687953129848 
Pedestrian 23 0 -9999.0 -9999.0 -9999.0 -9999.0 1.733985410563253 0.6134757942819711 0.7222749871810963 16.897259034103396 -4.8933005392589815 -1.3365178451251265 -2.0191023197871907 
