Car 2 0 -9999.0 -9999.0 -9999.0 -9999.0 1.7161032172723623 4.3042446659889535 2.497900330371051 29.72090732335126 0.7370568196376144 -1.6266503465557443 0.07281321653102601 
Pedestrian 26 0 -9999.0 -9999.0 -9999.0 -9999.0 1.8 0.880638232653005 0.7173897124333324 34.784464070999555 -3.5401131879422754 -2.3013031074373966 -2.954805073580406 
Pedestrian 25 0 -9999.0 -9999.0 -9999.0 -9999.0 1.8 0.880638232653005 0.7173897124333324 34.83808962047828 -2.810402504830891 -2.301493637895849 -2.954805073580406 
Car 3 0 -9999.0 -9999.0 -9999.0 -9999.0 1.4301220212552401 4 1.8633935758759457 55.562679790504276 -0.19689167473351551 -3.3305811305545197 -3.0521482483721982 
Pedestrian 42 0 -9999.0 -9999.0 -9999.0 -9999.0 1.9110630666244788 0.6648425352273584 0.7730646177530336 -23.581696847806022 0.7716187200839787 3.111963425071699 -3.046475433879312 
Pedestrian 41 0 -9999.0 -9999.0 -9999.0 -9999.0 1.7717383253829708 0.6171990397476583 0.6601212154854279 -23.618707455823877 0.06028671333457805 3.0240920060228573 -3.066080776739046 
Pedestrain_sitting 21 0 -9999.0 -9999.0 -9999.0 -9999.0 0.9170967942404316 0.6239191457374971 0.6351946031908755 11.761389496861566 5.242970779380229 0.05685376868419856 0.12897001905543437 
Pedestrian 702 0 -9999.0 -9999.0 -9999.0 -9999.0 1.7242744269198185 0.63 0.6898739737048278 -31.091511023282195 4.27794656656316 3.6835088743722415 -3.00732011091074 
Pedestrian 703 0 -9999.0 -9999.0 -9999.0 -9999.0 1.7717383253829708 0.63 0.6566716672544799 -30.784467121663692 4.878825740217823 3.713256740400402 -3.00732011091074 
Pedestrian 1001 0 -9999.0 -9999.0 -9999.0 -9999.0 1.8190235843771385 0.6309324708718423 0.6213012349133786 32.37181762598398 2.8494259463503844 -1.5433493499106619 1.5959482666347338 
Pedestrian 765 0 -9999.0 -9999.0 -9999.0 -9999.0 1.765427731387784 0.6045377694180526 0.7280996093110779 29.993693879071373 2.267115418399534 -1.5581836835402119 -2.7867536539234035 
Pedestrian 888 0 -9999.0 -9999.0 -9999.0 -9999.0 1.5366259275535865 0.5877254913696837 0.6357928477663076 11.835994530632352 7.7133325339608545 -0.0016003289282035867 -3.105099157852818 
Pedestrian 223 0 -9999.0 -9999.0 -9999.0 -9999.0 1.7272234413230434 0.6942712320825266 0.6155335882708507 37.57933366120101 -6.98600034953183 -2.5500262168028667 0.6419837606293735 
Pedestrian 3 0 -9999.0 -9999.0 -9999.0 -9999.0 1.6413741868673242 0.9102319618606736 0.749658509723502 19.19867660466912 1.7679487136837735 -0.8238133581658087 -2.86582482522817 
Pedestrian 5 0 -9999.0 -9999.0 -9999.0 -9999.0 1.6467102258502564 0.8504990806290904 0.946862823709426 2.4192511732676194 2.50164229511835 0.7458204700194929 0.31934341683617795 
Pedestrian 4 0 -9999.0 -9999.0 -9999.0 -9999.0 1.7335733350919327 0.8234084053360446 0.7316008376188541 1.7012444999196739 2.8080672721086515 0.7855388187145642 0.0707869025995791 
Pedestrian 1 0 -9999.0 -9999.0 -9999.0 -9999.0 1.830187787627785 0.8467364901875526 1.030957247409183 2.2758629722101604 3.4154293281666885 0.6952784619643745 -2.9743158100073366 
Pedestrian 2 0 -9999.0 -9999.0 -9999.0 -9999.0 1.6047004871739794 0.8225193905720728 0.8427564948210492 1.9573953385350737 4.419973343390842 0.5549538602320893 0.440473520629455 
Pedestrian 6 0 -9999.0 -9999.0 -9999.0 -9999.0 1.8 0.7815797515521649 0.729516349447393 22.98794008959856 -2.1861429311334044 -1.1850464409501844 -3.016788473096234 
Pedestrian 7 0 -9999.0 -9999.0 -9999.0 -9999.0 1.85 0.7446143281153959 0.7378356243838986 22.62483114515696 -2.889786569924191 -1.2004051581128194 -3.0167473323324607 
Pedestrian 9 0 -9999.0 -9999.0 -9999.0 -9999.0 1.7388951330758573 0.762844615165235 0.6125796005267553 19.07950840973347 2.5159178824221344 -0.7620794142349416 2.048968858591616 
Pedestrian 10 0 -9999.0 -9999.0 -9999.0 -9999.0 1.7238665634959034 0.765649395571576 0.6782236572752955 19.738514976823783 2.3930819598266004 -0.8490658299911356 2.0425966845350434 
Car 1 0 -9999.0 -9999.0 -9999.0 -9999.0 1.9636838768401188 5.159477280173534 1.9749927503715075 8.694233616825777 -3.13195822249054 0.2900109833212276 0.07789770970793608 
Pedestrian 11 0 -9999.0 -9999.0 -9999.0 -9999.0 1.833843394516407 0.888361750840276 0.8547891083331658 42.700871474675324 -1.6921879183781867 -2.845697564075788 -3.0700747308587637 
Pedestrian 44 0 -9999.0 -9999.0 -9999.0 -9999.0 1.773026559218124 1 0.9694486388550138 -17.374994159290786 2.823220139007036 2.4843291312696483 -3.0631236064347718 
Pedestrian 43 0 -9999.0 -9999.0 -9999.0 -9999.0 1.6975355979754738 1 1.115836959245979 -17.502053427904315 1.7980037905101929 2.4649157902758976 -3.0649000299854965 
Pedestrian 18 0 -9999.0 -9999.0 -9999.0 -9999.0 1.553791531556044 0.9350978240778415 0.7014189842208715 6.542346761488741 -1.3656049070375944 0.2698163241064516 0.031283673681269164 
Pedestrian 17 0 -9999.0 -9999.0 -9999.0 -9999.0 1.6786936986616088 0.9385842718372612 0.8570610823441984 6.908084240527103 -0.6630771678967745 0.2897231269231918 0.09222525002638982 
Pedestrian 19 0 -9999.0 -9999.0 -9999.0 -9999.0 1.88766995436284 0.8473523143195599 0.8020167022554571 26.09351415664556 0.9145349592381333 -1.3723854257066082 0.579823266542248 
Pedestrian 20 0 -9999.0 -9999.0 -9999.0 -9999.0 1.8942850025152396 0.7837367986462382 0.6986151564054772 25.487945902943373 0.19639115479341943 -1.2726553189159406 0.5798233357208202 
Pedestrian 8 0 -9999.0 -9999.0 -9999.0 -9999.0 1.7182020193881877 0.84040506779357 0.7617142683117479 20.899401020936043 -3.649958225337105 -0.9356566068777025 -3.113631412671328 
Pedestrian 36 0 -9999.0 -9999.0 -9999.0 -9999.0 1.85 0.8455221526426029 0.7795427445654814 -6.341122282815199 4.951387247842018 1.2640322596558649 -1.1350936569170127 
Pedestrian 1002 0 -9999.0 -9999.0 -9999.0 -9999.0 1.5480067025273518 0.5644233003512866 0.6213012349133786 29.156966625639576 -3.1702393414641357 -1.8775025634395557 -3.043520129541184 
Pedestrian 16 0 -9999.0 -9999.0 -9999.0 -9999.0 1.5480067025273518 0.5644233003512866 0.6213012349133786 29.057438935817864 -3.8917230683056965 -1.9056481013195736 -3.043520131630018 
Pedestrian 34 0 -9999.0 -9999.0 -9999.0 -9999.0 1.8 0.742563890087286 0.7166973150341831 -7.298713979727374 4.85782500915531 1.2931891212888293 -1.2337590063104074 
Pedestrian 27 0 -9999.0 -9999.0 -9999.0 -9999.0 1.8 0.8271693526588353 0.8407252643496999 29.728750916650057 -0.26897005083126674 -1.659513625500487 1.5995461001202091 
Pedestrian 503 0 -9999.0 -9999.0 -9999.0 -9999.0 1.5098862519504819 0.7016892788347073 0.6244449312827264 24.000305417334975 5.325166571744545 -1.0627419624599954 2.395193348729382 
Pedestrian 22 0 -9999.0 -9999.0 -9999.0 -9999.0 1.7272234413230434 0.8930338539667776 0.7589542967325148 25.794027916036097 -4.172671482602347 -1.3934858615653538 -3.010469388127948 
Pedestrian 777 0 -9999.0 -9999.0 -9999.0 -9999.0 1.5601539586488533 0.7742910735758141 0.7734620811052282 -11.466467383185392 2.899644770608523 1.9157742101660031 0.31979817378657494 
Pedestrian 502 0 -9999.0 -9999.0 -9999.0 -9999.0 1.5580631857725595 0.6324640994580073 0.6231826615974934 23.327960283973166 5.597268725830936 -0.9549554170903257 2.3848285657167416 
Pedestrian 45 0 -9999.0 -9999.0 -9999.0 -9999.0 1.840803791853019 0.9047965827395252 0.7795427445654814 7.554673095526602 -1.7584706554621743 0.25683785540426557 -3.103411943375413 
Pedestrain_sitting 20 0 -9999.0 -9999.0 -9999.0 -9999.0 0.9288023059382893 0.630173997091732 0.7116151379014846 10.890557279448931 5.290924051537119 0.14622902650496727 -3.033489679571348 
Car 4 0 -9999.0 -9999.0 -9999.0 -9999.0 2.0589564776245735 4.5 2.044844764170049 -33.178106095571195 6.731314611778657 4.021287893845694 0.15975626962034895 
Pedestrian 200 0 -9999.0 -9999.0 -9999.0 -9999.0 1.7521106512660325 0.9162872598483918 0.6944942567378337 -9.124103561156465 3.3790360521015472 1.874660827996247 -3.0383043449129055 
Pedestrian 111 0 -9999.0 -9999.0 -9999.0 -9999.0 1.83889513307586 0.7017705575400481 0.6922125420881973 17.41725076708136 5.0166689385338366 -0.3987117940121798 0.27355194845295827 
Pedestrian 47 0 -9999.0 -9999.0 -9999.0 -9999.0 1.739259612086605 0.9765708634005151 0.6968829901888434 -10.781693826891647 2.048638523656277 1.9506131610775723 0.33005760112832405 
Pedestrian 24 0 -9999.0 -9999.0 -9999.0 -9999.0 1.5665724604937843 0.8256175940025915 0.7327379765104859 19.63192641007987 -5.028392611666892 -0.9621412952407444 3.131483008430541 
Pedestrian 46 0 -9999.0 -9999.0 -9999.0 -9999.0 1.739259612086605 0.8137808070594968 0.7631092640473314 -10.539498211373212 2.7195816027447433 1.9590563508664816 0.3300481708500884 
Pedestrian 35 0 -9999.0 -9999.0 -9999.0 -9999.0 1.85 0.8455221526426029 0.8055941736449839 3.6439295147195976 4.59800160493804 0.48177250660659643 -3.081775379158211 
Pedestrian 32 0 -9999.0 -9999.0 -9999.0 -9999.0 1.6264157795512513 0.6356555012147109 0.5322695037304019 61.47017663763554 -1.6768846437290001 -5.004936063229873 -3.056922019186569 
Pedestrian 39 0 -9999.0 -9999.0 -9999.0 -9999.0 1.6992181517554945 0.7236988029930532 0.6130136573276566 -9.176803600731573 2.728224008850423 1.8057825166656323 -3.0386253275553834 
Pedestrian 49 0 -9999.0 -9999.0 -9999.0 -9999.0 1.8880449392725787 0.7266739568839767 0.719062337692116 -13.1112179890588 -2.164919153559487 1.8849459654712173 1.1335959300845602 
Pedestrian 51 0 -9999.0 -9999.0 -9999.0 -9999.0 1.7084772160642387 0.6876926218915868 0.6022575416759411 -8.478946706077116 -2.4658080841151406 1.8362837826846905 1.7806207929365527 
Pedestrian 50 0 -9999.0 -9999.0 -9999.0 -9999.0 1.6682901068147347 0.7378107948553352 0.6318862957964667 -9.176754250514199 -2.3402100279281752 1.8211528653034403 1.774286363237355 
Pedestrian 37 0 -9999.0 -9999.0 -9999.0 -9999.0 1.7674898152527898 0.7851268766529278 0.7077031440696406 -4.378534584861873 2.300887149810172 1.401814732385433 -2.94968484834925 
Pedestrian 38 0 -9999.0 -9999.0 -9999.0 -9999.0 1.768936684463284 0.7798122203956248 0.6543593384916504 -4.311520578915934 3.0344647308121693 1.22218156334217 -2.9505726430523804 
Pedestrian 48 0 -9999.0 -9999.0 -9999.0 -9999.0 1.8437648405814306 0.63 0.8639507388388924 -12.607224714061816 -1.7443296361171288 1.868950021885684 0.18310004448410666 
Pedestrain_sitting 557 0 -9999.0 -9999.0 -9999.0 -9999.0 1.3003415906177906 0.5495013160563614 0.4849281347249202 22.69675551834126 -8.828588468720973 -1.0839146783968658 -0.0047846910257209885 
Pedestrain_sitting 556 0 -9999.0 -9999.0 -9999.0 -9999.0 1.3003415906177906 0.5495013160563614 0.4849281347249202 21.237828499786353 -8.668958798346807 -1.097168675802043 3.1368080825650217 
Pedestrain_sitting 555 0 -9999.0 -9999.0 -9999.0 -9999.0 1.3003415906177906 0.5495013160563614 0.4849281347249202 21.218549071285036 -7.950572526846955 -1.099721948618467 3.1368080825650217 
Pedestrian 23 0 -9999.0 -9999.0 -9999.0 -9999.0 1.733985410563253 0.6134757942819711 0.7222749871810963 17.20717397196639 -4.85213380214776 -0.6532180652931694 -2.0191023197871907 
