Car 2 0 -9999.0 -9999.0 -9999.0 -9999.0 1.7161032172723623 4.3042446659889535 2.497900330371051 29.82828420761655 0.6176570140439305 -1.2173941383321771 0.07281321653102601 
Pedestrian 26 0 -9999.0 -9999.0 -9999.0 -9999.0 1.8 0.880638232653005 0.7173897124333324 39.178752848409104 -3.203510902200906 -2.2932574504463052 -2.954805073580406 
Pedestrian 25 0 -9999.0 -9999.0 -9999.0 -9999.0 1.8 0.880638232653005 0.7173897124333324 39.244758236900736 -2.481238251866415 -2.2835371303492127 -2.954805073580406 
Car 3 0 -9999.0 -9999.0 -9999.0 -9999.0 1.4301220212552401 4 1.8633935758759457 55.627144625959595 -0.20267311959523016 -3.241220745068814 -3.0521482483721982 
Pedestrain_sitting 21 0 -9999.0 -9999.0 -9999.0 -9999.0 0.9170967942404316 0.6239191457374971 0.6351946031908755 11.787657971376609 5.243192489806908 0.5178218420034744 0.12850135993525846 
Pedestrian 1006 0 -9999.0 -9999.0 -9999.0 -9999.0 1.8319269034634074 0.7746621567225385 0.7296367421575172 28.789275188442133 -4.999281555716737 -1.3273177864217147 0.22361362698590348 
Pedestrian 1005 0 -9999.0 -9999.0 -9999.0 -9999.0 1.7182020193881877 0.7271215203340413 0.7172417616036824 29.03414182061911 -4.382808964386039 -1.376000629773357 0.24545018716655242 
Pedestrian 999 0 -9999.0 -9999.0 -9999.0 -9999.0 1.7478363069824068 0.6324640994580073 0.6450381271264 20.80484120300032 5.846831053339641 -0.19360171704548162 2.302956934976642 
Pedestrian 702 0 -9999.0 -9999.0 -9999.0 -9999.0 1.7242744269198185 0.63 0.6898739737048278 -26.103275435306404 3.0379973786258163 3.752525005521903 -3.00732011091074 
Pedestrian 703 0 -9999.0 -9999.0 -9999.0 -9999.0 1.7717383253829708 0.63 0.6566716672544799 -25.98598332349539 3.80329081375491 3.770558946683364 -3.00732011091074 
Pedestrian 1001 0 -9999.0 -9999.0 -9999.0 -9999.0 1.8190235843771385 0.6309324708718423 0.6213012349133786 32.48970884383898 2.727617714637049 -1.4898116435654163 1.5959482666449425 
Pedestrian 888 0 -9999.0 -9999.0 -9999.0 -9999.0 1.5366259275535865 0.5877254913696837 0.6357928477663076 13.379933125366877 7.153983265279927 0.3458257086291737 -0.2841082603842402 
Pedestrian 223 0 -9999.0 -9999.0 -9999.0 -9999.0 1.7272234413230434 0.6942712320825266 0.6155335882708507 37.223683769487984 -7.252132699860262 -2.0595421645016376 0.6419837606327654 
Pedestrian 3 0 -9999.0 -9999.0 -9999.0 -9999.0 1.6413741868673242 0.9102319618606736 0.749658509723502 23.49735335235678 2.0976864911891835 -0.7963352522525162 -2.8839547640333336 
Pedestrian 5 0 -9999.0 -9999.0 -9999.0 -9999.0 1.6467102258502564 0.8504990806290904 0.946862823709426 -0.6724357856947349 3.2665855725797153 1.4107419761816764 0.3174191419742307 
Pedestrian 4 0 -9999.0 -9999.0 -9999.0 -9999.0 1.7335733350919327 0.8234084053360446 0.7316008376188541 -1.11596720995973 3.7945559037809833 1.4760798068218084 0.07146574732918154 
Pedestrian 1 0 -9999.0 -9999.0 -9999.0 -9999.0 1.830187787627785 0.8467364901875526 1.030957247409183 2.2684222777424363 3.6147097955214345 1.1131430694726032 -1.3448703091889982 
Pedestrian 2 0 -9999.0 -9999.0 -9999.0 -9999.0 1.6047004871739794 0.8225193905720728 0.8427564948210492 0.33272012411619317 4.933589520185839 1.256085079872732 0.4396537102483631 
Pedestrian 6 0 -9999.0 -9999.0 -9999.0 -9999.0 1.8 0.7815797515521649 0.729516349447393 27.04738260547671 -2.6509025209672075 -1.078459175040823 -3.016788348214998 
Pedestrian 7 0 -9999.0 -9999.0 -9999.0 -9999.0 1.85 0.7446143281153959 0.7378356243838986 26.804817691294225 -3.3741623156228737 -1.0770737607550447 -3.0167473323324607 
Pedestrian 9 0 -9999.0 -9999.0 -9999.0 -9999.0 1.7388951330758573 0.762844615165235 0.6125796005267553 19.066722469829905 2.501779198295807 -0.3293964622862875 2.036895166698727 
Pedestrian 10 0 -9999.0 -9999.0 -9999.0 -9999.0 1.7238665634959034 0.765649395571576 0.6782236572752955 19.6430475001499 2.4979367043199505 -0.384138375117561 1.9641547390348357 
Car 1 0 -9999.0 -9999.0 -9999.0 -9999.0 1.9636838768401188 5.159477280173534 1.9749927503715075 8.798625933746372 -3.1342389438134575 0.5999148243448632 0.07789770970329979 
Pedestrian 11 0 -9999.0 -9999.0 -9999.0 -9999.0 1.833843394516407 0.888361750840276 0.8547891083331658 48.59932377684329 -1.867560840893601 -3.2782704153209594 -3.0700746882537064 
Pedestrian 44 0 -9999.0 -9999.0 -9999.0 -9999.0 1.773026559218124 1 0.9694486388550138 -12.24060185021257 1.9525214265293334 2.4800692466268064 -2.932669372186531 
Pedestrian 43 0 -9999.0 -9999.0 -9999.0 -9999.0 1.6975355979754738 1 1.115836959245979 -12.070468009765824 0.8690132995085871 2.44610069238734 -2.9371994087238384 
Pedestrian 18 0 -9999.0 -9999.0 -9999.0 -9999.0 1.553791531556044 0.9350978240778415 0.7014189842208715 4.1203023110077295 -1.1597433228045622 0.762325638935937 0.05102507680559221 
Pedestrian 17 0 -9999.0 -9999.0 -9999.0 -9999.0 1.6786936986616088 0.9385842718372612 0.8570610823441984 3.3260657477978826 -0.617022369340399 0.8531902208066031 -0.015467655018003512 
Pedestrian 19 0 -9999.0 -9999.0 -9999.0 -9999.0 1.88766995436284 0.8473523143195599 0.8020167022554571 23.049762520626935 1.345698643729145 -0.6479863701865246 -0.016934475801036797 
Pedestrian 20 0 -9999.0 -9999.0 -9999.0 -9999.0 1.8942850025152396 0.7837367986462382 0.6986151564054772 22.6374202151537 0.7799393316666392 -0.5857116133200473 -0.016738749162909627 
Pedestrian 8 0 -9999.0 -9999.0 -9999.0 -9999.0 1.7182020193881877 0.84040506779357 0.7617142683117479 24.667019634171364 -3.794388843727844 -0.9199664700875457 2.997179694733763 
Pedestrian 36 0 -9999.0 -9999.0 -9999.0 -9999.0 1.85 0.8455221526426029 0.7795427445654814 -5.988022516310157 5.380982112626732 1.6031375384706092 -1.1350935540575087 
Pedestrian 1002 0 -9999.0 -9999.0 -9999.0 -9999.0 1.5480067025273518 0.5644233003512866 0.6213012349133786 33.526536217486715 -3.154303597240564 -1.6774895467334197 -3.043520129541184 
Pedestrian 16 0 -9999.0 -9999.0 -9999.0 -9999.0 1.5480067025273518 0.5644233003512866 0.6213012349133786 33.61456344903913 -4.065903702352185 -1.8833382995475012 -3.043520128950611 
Pedestrian 34 0 -9999.0 -9999.0 -9999.0 -9999.0 1.8 0.742563890087286 0.7166973150341831 -7.024261698314671 5.29832696075378 1.5704738250606236 -1.2337196666267545 
Pedestrian 27 0 -9999.0 -9999.0 -9999.0 -9999.0 1.8 0.8271693526588353 0.8407252643496999 30.0612455500417 -0.16307377126748576 -1.2187253777814564 2.0252404940247732 
Pedestrian 503 0 -9999.0 -9999.0 -9999.0 -9999.0 1.5098862519504819 0.7016892788347073 0.6244449312827264 23.952213283004635 5.211026318123728 -0.31625343951185225 2.395193348729382 
Pedestrian 28 0 -9999.0 -9999.0 -9999.0 -9999.0 1.9344750647178444 0.9180852004756592 0.7505107045290647 38.45801932687665 -1.0072139563174412 -1.946782888127241 0.005317858511155293 
Pedestrian 29 0 -9999.0 -9999.0 -9999.0 -9999.0 1.914706511234499 0.9112747753301017 0.7505107045290647 38.453583599661854 -0.2575913697498314 -1.9443199297279032 0.005317858512576379 
Pedestrian 22 0 -9999.0 -9999.0 -9999.0 -9999.0 1.7272234413230434 0.8930338539667776 0.7589542967325148 27.97372767557287 -4.976390252447291 -1.3504057164111822 -2.4023749935730656 
Pedestrian 777 0 -9999.0 -9999.0 -9999.0 -9999.0 1.5601539586488533 0.7742910735758141 0.7734620811052282 -15.408544018027749 3.6451031735505834 2.430827813857622 0.2463172792491255 
Pedestrian 502 0 -9999.0 -9999.0 -9999.0 -9999.0 1.5580631857725595 0.6324640994580073 0.6231826615974934 23.48798411101938 5.79006007233114 -0.25116859371109085 2.380280288025043 
Pedestrian 45 0 -9999.0 -9999.0 -9999.0 -9999.0 1.840803791853019 0.9047965827395252 0.7795427445654814 11.482508079189827 -2.2179219469644105 0.2812026867010256 -2.679757065962294 
Pedestrain_sitting 20 0 -9999.0 -9999.0 -9999.0 -9999.0 0.9288023059382893 0.630173997091732 0.7116151379014846 10.916373195153792 5.3035097271268645 0.5729008730694767 -3.0335095542046258 
Pedestrian 30 0 -9999.0 -9999.0 -9999.0 -9999.0 1.6574581668813668 0.5844020196858356 0.6601390122619767 56.105441067314835 -3.247549976368708 -4.034945653775505 0.1885709568639875 
Car 4 0 -9999.0 -9999.0 -9999.0 -9999.0 2.0589564776245735 4.5 2.044844764170049 -33.16802267615068 6.759737007881266 4.36800334502874 0.15975626962034895 
Pedestrian 200 0 -9999.0 -9999.0 -9999.0 -9999.0 1.7521106512660325 0.9162872598483918 0.6944942567378337 -4.7311800133212385 2.8695942996904393 1.825534729022916 -3.0610266334785887 
Pedestrian 47 0 -9999.0 -9999.0 -9999.0 -9999.0 1.739259612086605 0.9765708634005151 0.6968829901888434 -14.608830318610131 2.81399807961195 2.553048827873751 0.2707116464143864 
Pedestrian 24 0 -9999.0 -9999.0 -9999.0 -9999.0 1.5665724604937843 0.8256175940025915 0.7327379765104859 22.55487323273216 -5.20322435913692 -0.9530016739396427 3.131483008430541 
Pedestrian 46 0 -9999.0 -9999.0 -9999.0 -9999.0 1.739259612086605 0.8137808070594968 0.7631092640473314 -14.445797347092702 3.4105518019980967 2.561575425114824 0.2706886890640776 
Pedestrian 35 0 -9999.0 -9999.0 -9999.0 -9999.0 1.85 0.8455221526426029 0.8055941736449839 7.093923703563353 3.567970353238279 0.6079181086628855 -3.0816319302992827 
Pedestrian 31 0 -9999.0 -9999.0 -9999.0 -9999.0 1.6183186744299025 0.6340866970656824 0.5322695037304019 57.76126392637469 -2.574218666747585 -4.074402049171237 -3.0553355148965053 
Pedestrian 32 0 -9999.0 -9999.0 -9999.0 -9999.0 1.6264157795512513 0.6356555012147109 0.5322695037304019 57.24245737384305 -1.6959834712649966 -4.132755647454207 -3.056922019186569 
Pedestrian 33 0 -9999.0 -9999.0 -9999.0 -9999.0 1.85 1.011633098401595 1.1292297078013385 42.062039716755365 -6.314670745875553 -2.455864009895603 2.750518124358825 
Pedestrian 39 0 -9999.0 -9999.0 -9999.0 -9999.0 1.6992181517554945 0.7236988029930532 0.6130136573276566 -4.7254149715014995 2.2029951078416885 1.8064733234716124 -3.054339151908552 
Pedestrian 49 0 -9999.0 -9999.0 -9999.0 -9999.0 1.8880449392725787 0.7266739568839767 0.719062337692116 -13.05426480516124 -2.2321592891229156 2.1449381944638626 1.1335962162002282 
Pedestrian 51 0 -9999.0 -9999.0 -9999.0 -9999.0 1.7084772160642387 0.6876926218915868 0.6022575416759411 -8.415912949183488 -2.3011447468771515 1.916306351990357 1.7806207929365527 
Pedestrian 50 0 -9999.0 -9999.0 -9999.0 -9999.0 1.6682901068147347 0.7378107948553352 0.6318862957964667 -9.11006153650315 -1.9859348436490512 1.9237663417268973 1.774286363237355 
Pedestrian 37 0 -9999.0 -9999.0 -9999.0 -9999.0 1.7674898152527898 0.7851268766529278 0.7077031440696406 -0.3030734018650943 1.5235604357014825 1.2864709888084254 -2.8509964287815848 
Pedestrian 38 0 -9999.0 -9999.0 -9999.0 -9999.0 1.768936684463284 0.7798122203956248 0.6543593384916504 -0.14986837904293476 2.235735768205828 1.319949724082875 -2.9492407365260167 
Pedestrian 48 0 -9999.0 -9999.0 -9999.0 -9999.0 1.8437648405814306 0.63 0.8639507388388924 -12.617274299556946 -1.6374108824070703 2.1174939190582576 0.1831272396813972 
Pedestrain_sitting 557 0 -9999.0 -9999.0 -9999.0 -9999.0 1.3003415906177906 0.5495013160563614 0.4849281347249202 22.556995701457264 -8.825890150389908 -0.8070176945463521 -0.00478462614223929 
Pedestrain_sitting 556 0 -9999.0 -9999.0 -9999.0 -9999.0 1.3003415906177906 0.5495013160563614 0.4849281347249202 21.19576006652987 -8.711754020727254 -0.8115633566708338 3.1368080825650217 
Pedestrain_sitting 555 0 -9999.0 -9999.0 -9999.0 -9999.0 1.3003415906177906 0.5495013160563614 0.4849281347249202 21.17604332473966 -7.978317990837178 -0.7974789780045409 3.1368080825650217 
Pedestrian 23 0 -9999.0 -9999.0 -9999.0 -9999.0 1.733985410563253 0.6134757942819711 0.7222749871810963 17.204693594709823 -4.882871986825286 -0.4054711988700824 -2.0191023197871907 
