Car 2 0 -9999.0 -9999.0 -9999.0 -9999.0 1.7161032172723623 4.3042446659889535 2.497900330371051 29.79601207921722 0.6594513169643855 -1.3239279222351565 0.07281321653102601 
Pedestrian 26 0 -9999.0 -9999.0 -9999.0 -9999.0 1.8 0.880638232653005 0.7173897124333324 38.49897524669514 -3.2675735595254856 -2.2295246324319384 -2.954805073580406 
Pedestrian 25 0 -9999.0 -9999.0 -9999.0 -9999.0 1.8 0.880638232653005 0.7173897124333324 38.580811268311855 -2.5301742134825997 -2.2196003351859535 -2.954805073580406 
Car 3 0 -9999.0 -9999.0 -9999.0 -9999.0 1.4301220212552401 4 1.8633935758759457 55.61746316708074 -0.20180485055686656 -3.254641067813268 -3.0521482483721982 
Pedestrain_sitting 21 0 -9999.0 -9999.0 -9999.0 -9999.0 0.9170967942404316 0.6239191457374971 0.6351946031908755 11.7837129189456 5.243159192888306 0.4485927279479711 0.1285717441062273 
Pedestrian 1006 0 -9999.0 -9999.0 -9999.0 -9999.0 1.8319269034634074 0.7746621567225385 0.7296367421575172 28.857929786051706 -4.77514760122035 -1.3420914593057403 1.260733245562049 
Pedestrian 1005 0 -9999.0 -9999.0 -9999.0 -9999.0 1.7182020193881877 0.7271215203340413 0.7172417616036824 29.430883063370036 -4.565903142373237 -1.5207335188068476 1.258386107287098 
Pedestrian 999 0 -9999.0 -9999.0 -9999.0 -9999.0 1.7478363069824068 0.6324640994580073 0.6450381271264 20.770307621363685 5.738466415103209 -0.026697089787836692 2.308713413428311 
Pedestrian 702 0 -9999.0 -9999.0 -9999.0 -9999.0 1.7242744269198185 0.63 0.6898739737048278 -26.696923458164694 3.449505076516911 3.6593869694949617 -3.00732011091074 
Pedestrian 703 0 -9999.0 -9999.0 -9999.0 -9999.0 1.7717383253829708 0.63 0.6566716672544799 -26.60631557405376 4.176533887287494 3.7022858683003537 -3.00732011091074 
Pedestrian 1001 0 -9999.0 -9999.0 -9999.0 -9999.0 1.8190235843771385 0.6309324708718423 0.6213012349133786 32.427946625260674 2.7580239946534704 -1.5019797076907517 1.5959482666435019 
Pedestrian 888 0 -9999.0 -9999.0 -9999.0 -9999.0 1.5366259275535865 0.5877254913696837 0.6357928477663076 13.426830340670097 7.130467781591609 0.2500574934928289 -1.5420171091152994 
Pedestrian 223 0 -9999.0 -9999.0 -9999.0 -9999.0 1.7272234413230434 0.6942712320825266 0.6155335882708507 37.331871763794645 -7.172616754788661 -2.1652441653314223 0.6419837606348704 
Pedestrian 3 0 -9999.0 -9999.0 -9999.0 -9999.0 1.6413741868673242 0.9102319618606736 0.749658509723502 22.87306709066658 2.1860776930687407 -0.7532142665962743 -2.8815047376489265 
Pedestrian 5 0 -9999.0 -9999.0 -9999.0 -9999.0 1.6467102258502564 0.8504990806290904 0.946862823709426 -0.24497647444733453 3.1022958022355103 1.2356577694254773 0.31959258441693983 
Pedestrian 4 0 -9999.0 -9999.0 -9999.0 -9999.0 1.7335733350919327 0.8234084053360446 0.7316008376188541 -0.8903201859045161 3.403374466600959 1.2945224803373636 0.07166589341491214 
Pedestrian 1 0 -9999.0 -9999.0 -9999.0 -9999.0 1.830187787627785 0.8467364901875526 1.030957247409183 2.298905021485239 3.66338990977895 0.9549369884476475 -2.3656588871271342 
Pedestrian 2 0 -9999.0 -9999.0 -9999.0 -9999.0 1.6047004871739794 0.8225193905720728 0.8427564948210492 0.5133142050938677 4.718888741518558 1.2129176704333235 0.44014635643483047 
Pedestrian 6 0 -9999.0 -9999.0 -9999.0 -9999.0 1.8 0.7815797515521649 0.729516349447393 26.417518674680586 -2.5795934767332005 -1.0402903237121297 -3.016788347569884 
Pedestrian 7 0 -9999.0 -9999.0 -9999.0 -9999.0 1.85 0.7446143281153959 0.7378356243838986 26.182967843359492 -3.2945106277042364 -1.0636036715671293 -3.0167473323324607 
Pedestrian 9 0 -9999.0 -9999.0 -9999.0 -9999.0 1.7388951330758573 0.762844615165235 0.6125796005267553 19.075237358619887 2.517422577189164 -0.4049010172001293 2.036125016387338 
Pedestrian 10 0 -9999.0 -9999.0 -9999.0 -9999.0 1.7238665634959034 0.765649395571576 0.6782236572752955 19.651026395464605 2.4955618387565295 -0.4576524688576181 2.0249565427899743 
Car 1 0 -9999.0 -9999.0 -9999.0 -9999.0 1.9636838768401188 5.159477280173534 1.9749927503715075 8.806648799516418 -3.13679104369543 0.5394891998199282 0.07789770971089816 
Pedestrian 11 0 -9999.0 -9999.0 -9999.0 -9999.0 1.833843394516407 0.888361750840276 0.8547891083331658 47.66771341778803 -1.879606995169853 -3.1646287333182737 -3.070074694516048 
Pedestrian 44 0 -9999.0 -9999.0 -9999.0 -9999.0 1.773026559218124 1 0.9694486388550138 -12.903975938912351 1.8860484291356814 2.437753413602859 -2.8958019492887104 
Pedestrian 43 0 -9999.0 -9999.0 -9999.0 -9999.0 1.6975355979754738 1 1.115836959245979 -13.001585814982974 0.9135879372776046 2.405118783211779 -2.8958019492887104 
Pedestrian 18 0 -9999.0 -9999.0 -9999.0 -9999.0 1.553791531556044 0.9350978240778415 0.7014189842208715 4.496524928544934 -1.1684462699128964 0.672964373636592 0.049038394809482355 
Pedestrian 17 0 -9999.0 -9999.0 -9999.0 -9999.0 1.6786936986616088 0.9385842718372612 0.8570610823441984 3.837961528665537 -0.6506944257410608 0.762477632758708 -0.005326600365849643 
Pedestrian 19 0 -9999.0 -9999.0 -9999.0 -9999.0 1.88766995436284 0.8473523143195599 0.8020167022554571 23.52558095861412 1.3505676110766809 -0.7337594212984613 -0.013783621728958195 
Pedestrian 20 0 -9999.0 -9999.0 -9999.0 -9999.0 1.8942850025152396 0.7837367986462382 0.6986151564054772 23.171533501613904 0.732670158686914 -0.7013824529532927 -0.013669741373416144 
Pedestrian 8 0 -9999.0 -9999.0 -9999.0 -9999.0 1.7182020193881877 0.84040506779357 0.7617142683117479 24.06941011153299 -3.820358764130744 -0.9363475851161722 3.036817671463883 
Pedestrian 36 0 -9999.0 -9999.0 -9999.0 -9999.0 1.85 0.8455221526426029 0.7795427445654814 -6.075776761038994 5.21980168636261 1.564035130185237 -1.1350935520420329 
Pedestrian 1002 0 -9999.0 -9999.0 -9999.0 -9999.0 1.5480067025273518 0.5644233003512866 0.6213012349133786 32.865066945936 -3.227206220678254 -1.6794053051371358 -3.043520129541184 
Pedestrian 16 0 -9999.0 -9999.0 -9999.0 -9999.0 1.5480067025273518 0.5644233003512866 0.6213012349133786 32.95993670055827 -4.089614602987281 -1.6582704259434178 -3.043520129469151 
Pedestrian 34 0 -9999.0 -9999.0 -9999.0 -9999.0 1.8 0.742563890087286 0.7166973150341831 -7.106844849229853 5.227849614345872 1.5016753966916006 -1.2337224858008344 
Pedestrian 27 0 -9999.0 -9999.0 -9999.0 -9999.0 1.8 0.8271693526588353 0.8407252643496999 30.0209090582033 -0.18924176621872316 -1.2311999603879322 1.9278292446487644 
Pedestrian 503 0 -9999.0 -9999.0 -9999.0 -9999.0 1.5098862519504819 0.7016892788347073 0.6244449312827264 23.990406841677267 5.221533323468001 -0.36663125905390576 2.395193348729382 
Pedestrian 28 0 -9999.0 -9999.0 -9999.0 -9999.0 1.9344750647178444 0.9180852004756592 0.7505107045290647 39.23551203120672 -1.0751719570886373 -2.1674540552163735 0.005317858517853935 
Pedestrian 29 0 -9999.0 -9999.0 -9999.0 -9999.0 1.914706511234499 0.9112747753301017 0.7505107045290647 39.245063477396656 -0.3079770983571187 -2.1709689100036216 0.005317858512576379 
Pedestrian 22 0 -9999.0 -9999.0 -9999.0 -9999.0 1.7272234413230434 0.8930338539667776 0.7589542967325148 27.68223356328302 -4.802571932726418 -1.3912916024738302 -2.7620591621113455 
Pedestrian 777 0 -9999.0 -9999.0 -9999.0 -9999.0 1.5601539586488533 0.7742910735758141 0.7734620811052282 -14.773685534987182 3.411212277357708 2.320840191883968 0.24300149362346968 
Pedestrian 502 0 -9999.0 -9999.0 -9999.0 -9999.0 1.5580631857725595 0.6324640994580073 0.6231826615974934 23.515331708572887 5.844290272814376 -0.31105738532101845 2.3799011431672774 
Pedestrian 45 0 -9999.0 -9999.0 -9999.0 -9999.0 1.840803791853019 0.9047965827395252 0.7795427445654814 10.934954931080025 -2.001480720959007 0.24532846119472612 -2.7409633204244166 
Pedestrain_sitting 20 0 -9999.0 -9999.0 -9999.0 -9999.0 0.9288023059382893 0.630173997091732 0.7116151379014846 10.915322062875617 5.300294728043625 0.507411799608505 -3.0335065693921557 
Pedestrian 30 0 -9999.0 -9999.0 -9999.0 -9999.0 1.6574581668813668 0.5844020196858356 0.6601390122619767 56.7501696296264 -3.2445812844587194 -4.329353167389197 0.1885648374996265 
Car 4 0 -9999.0 -9999.0 -9999.0 -9999.0 2.0589564776245735 4.5 2.044844764170049 -33.161517296515555 6.7507051846030475 4.276601911792984 0.15975626962034895 
Pedestrian 200 0 -9999.0 -9999.0 -9999.0 -9999.0 1.7521106512660325 0.9162872598483918 0.6944942567378337 -5.398422536943286 3.0383887794200763 1.8162276365906453 -3.0445454061045716 
Pedestrian 47 0 -9999.0 -9999.0 -9999.0 -9999.0 1.739259612086605 0.9765708634005151 0.6968829901888434 -13.834199776249623 2.4572501514186595 2.413265774701782 0.2707125858329036 
Pedestrian 24 0 -9999.0 -9999.0 -9999.0 -9999.0 1.5665724604937843 0.8256175940025915 0.7327379765104859 22.171796172938883 -5.140301249836725 -1.0605374839107817 3.131483008430541 
Pedestrian 46 0 -9999.0 -9999.0 -9999.0 -9999.0 1.739259612086605 0.8137808070594968 0.7631092640473314 -13.768287170813661 3.1491635600284162 2.407688885953142 0.27069272492456786 
Pedestrian 35 0 -9999.0 -9999.0 -9999.0 -9999.0 1.85 0.8455221526426029 0.8055941736449839 6.525058425100044 3.3630717463958084 0.6184412010400485 -3.0816010977262067 
Pedestrian 31 0 -9999.0 -9999.0 -9999.0 -9999.0 1.6183186744299025 0.6340866970656824 0.5322695037304019 58.11235455935351 -2.3217834913906774 -4.3274093605245145 -3.0553355148965053 
Pedestrian 32 0 -9999.0 -9999.0 -9999.0 -9999.0 1.6264157795512513 0.6356555012147109 0.5322695037304019 57.696475451056685 -1.6569333133153308 -4.3154465823745225 -3.056922019186569 
Pedestrian 33 0 -9999.0 -9999.0 -9999.0 -9999.0 1.85 1.011633098401595 1.1292297078013385 42.030536724824465 -6.19024407022389 -2.5481578909009945 2.7504235705395885 
Pedestrian 39 0 -9999.0 -9999.0 -9999.0 -9999.0 1.6992181517554945 0.7236988029930532 0.6130136573276566 -5.405316599242492 2.3759444140812898 1.7735945167000349 -3.0398743758603093 
Pedestrian 49 0 -9999.0 -9999.0 -9999.0 -9999.0 1.8880449392725787 0.7266739568839767 0.719062337692116 -12.983227332428015 -2.265745514446564 2.0400895851243916 1.133596236092222 
Pedestrian 51 0 -9999.0 -9999.0 -9999.0 -9999.0 1.7084772160642387 0.6876926218915868 0.6022575416759411 -8.495923931485816 -2.618727803438423 1.8677967103112465 1.7806207929365527 
Pedestrian 50 0 -9999.0 -9999.0 -9999.0 -9999.0 1.6682901068147347 0.7378107948553352 0.6318862957964667 -9.194834219927644 -2.3947033191440723 1.8998391287043306 1.774286363237355 
Pedestrian 37 0 -9999.0 -9999.0 -9999.0 -9999.0 1.7674898152527898 0.7851268766529278 0.7077031440696406 -0.6629002932046348 1.5058520243089724 1.2337721237679504 -2.975377147000051 
Pedestrian 38 0 -9999.0 -9999.0 -9999.0 -9999.0 1.768936684463284 0.7798122203956248 0.6543593384916504 -0.5811238851848286 2.1616259756220453 1.2574877793894552 -2.9495017643470796 
Pedestrian 48 0 -9999.0 -9999.0 -9999.0 -9999.0 1.8437648405814306 0.63 0.8639507388388924 -12.607655060103848 -1.6249349699095978 2.0061522388639146 0.18316598126157224 
Pedestrain_sitting 557 0 -9999.0 -9999.0 -9999.0 -9999.0 1.3003415906177906 0.5495013160563614 0.4849281347249202 22.57798915126026 -8.827139436900191 -0.8988113700729803 -0.004784635886570854 
Pedestrain_sitting 556 0 -9999.0 -9999.0 -9999.0 -9999.0 1.3003415906177906 0.5495013160563614 0.4849281347249202 21.2117693636104 -8.713955487544755 -0.9037609579358509 3.1368080825650217 
Pedestrain_sitting 555 0 -9999.0 -9999.0 -9999.0 -9999.0 1.3003415906177906 0.5495013160563614 0.4849281347249202 21.19206372198438 -7.977487157015725 -0.9033812897389483 3.1368080825650217 
Pedestrian 23 0 -9999.0 -9999.0 -9999.0 -9999.0 1.733985410563253 0.6134757942819711 0.7222749871810963 17.21125352694183 -4.880130699849562 -0.48571575673249595 -2.0191023197871907 
