Car 2 0 -9999.0 -9999.0 -9999.0 -9999.0 1.7161032172723623 4.3042446659889535 2.497900330371051 29.797190951862294 1.1578432666380643 -1.7487732710081834 0.07281321653102601 
Pedestrian 26 0 -9999.0 -9999.0 -9999.0 -9999.0 1.8 0.880638232653005 0.7173897124333324 33.79481523970189 -3.672075350918898 -2.249591880797822 -2.954805073580406 
Pedestrian 25 0 -9999.0 -9999.0 -9999.0 -9999.0 1.8 0.880638232653005 0.7173897124333324 33.86757740415457 -2.9489812508069364 -2.237798846899264 -2.954805073580406 
Car 3 0 -9999.0 -9999.0 -9999.0 -9999.0 1.4301220212552401 4 1.8633935758759457 55.54658041737674 -0.19544782340918276 -3.352897889429248 -3.0521482483721982 
Pedestrian 42 0 -9999.0 -9999.0 -9999.0 -9999.0 1.9110630666244788 0.6648425352273584 0.7730646177530336 -24.553820240277602 0.692697442854555 3.0681666927594886 -3.12150336787707 
Pedestrian 41 0 -9999.0 -9999.0 -9999.0 -9999.0 1.7717383253829708 0.6171990397476583 0.6601212154854279 -24.527804552212583 -0.01393407702033416 2.9858704270370735 -3.129551069570214 
Pedestrain_sitting 21 0 -9999.0 -9999.0 -9999.0 -9999.0 0.9170967942404316 0.6239191457374971 0.6351946031908755 11.754829238548302 5.242915409675798 -0.05826786250952498 0.12908706143973703 
Pedestrian 702 0 -9999.0 -9999.0 -9999.0 -9999.0 1.7242744269198185 0.63 0.6898739737048278 -32.04432381740002 4.325865550729516 3.7054535515474787 -3.00732011091074 
Pedestrian 703 0 -9999.0 -9999.0 -9999.0 -9999.0 1.7717383253829708 0.63 0.6566716672544799 -31.968918206579673 5.071785494188704 3.747757239347601 -3.00732011091074 
Pedestrian 1001 0 -9999.0 -9999.0 -9999.0 -9999.0 1.8190235843771385 0.6309324708718423 0.6213012349133786 32.36600524487425 2.885838459994246 -1.623443054448497 1.5959482666054887 
Pedestrian 765 0 -9999.0 -9999.0 -9999.0 -9999.0 1.765427731387784 0.6045377694180526 0.7280996093110779 29.79603166778973 2.2856096758381006 -1.6789209080427852 -2.39848231328288 
Pedestrian 888 0 -9999.0 -9999.0 -9999.0 -9999.0 1.5366259275535865 0.5877254913696837 0.6357928477663076 12.798476725648504 7.976768951667761 -0.06601276439458525 -3.0360737489139034 
Pedestrian 223 0 -9999.0 -9999.0 -9999.0 -9999.0 1.7272234413230434 0.6942712320825266 0.6155335882708507 37.50304888509445 -6.970899421981222 -2.6212165095295985 0.6419837617916269 
Pedestrian 3 0 -9999.0 -9999.0 -9999.0 -9999.0 1.6413741868673242 0.9102319618606736 0.749658509723502 18.133182332146916 1.75242658612584 -0.7901224998946544 -2.86591423304586 
Pedestrian 5 0 -9999.0 -9999.0 -9999.0 -9999.0 1.6467102258502564 0.8504990806290904 0.946862823709426 2.5792275864182432 2.571051518780119 0.5897345105132215 0.31881472442906933 
Pedestrian 4 0 -9999.0 -9999.0 -9999.0 -9999.0 1.7335733350919327 0.8234084053360446 0.7316008376188541 2.073858296032436 2.7151181059657827 0.5557065516649473 0.07580438111007926 
Pedestrian 1 0 -9999.0 -9999.0 -9999.0 -9999.0 1.830187787627785 0.8467364901875526 1.030957247409183 2.242206180805282 3.3223181682445144 0.6662865735910002 -3.0349806654646088 
Pedestrian 2 0 -9999.0 -9999.0 -9999.0 -9999.0 1.6047004871739794 0.8225193905720728 0.8427564948210492 2.2986306180859635 4.050438655606021 0.5040921473992137 0.44159134955651513 
Pedestrian 6 0 -9999.0 -9999.0 -9999.0 -9999.0 1.8 0.7815797515521649 0.729516349447393 22.01368542849006 -1.9982263513686667 -1.1105549071397347 -3.0167878806049213 
Pedestrian 7 0 -9999.0 -9999.0 -9999.0 -9999.0 1.85 0.7446143281153959 0.7378356243838986 21.58590907561356 -2.6755411143518253 -1.0992589982953502 -3.0167473323324607 
Pedestrian 9 0 -9999.0 -9999.0 -9999.0 -9999.0 1.7388951330758573 0.762844615165235 0.6125796005267553 19.03325968250088 2.5192472112804256 -0.8754998057170333 2.017193443253916 
Pedestrian 10 0 -9999.0 -9999.0 -9999.0 -9999.0 1.7238665634959034 0.765649395571576 0.6782236572752955 19.704397571016642 2.3352168179030692 -0.9586027959551492 2.016842593275399 
Car 1 0 -9999.0 -9999.0 -9999.0 -9999.0 1.9636838768401188 5.159477280173534 1.9749927503715075 8.641982985627893 -3.128533306148967 0.2713168881478389 0.07789770964592613 
Pedestrian 11 0 -9999.0 -9999.0 -9999.0 -9999.0 1.833843394516407 0.888361750840276 0.8547891083331658 41.12978909676939 -1.7293682876926877 -2.825624486297407 -3.0700747395994554 
Pedestrian 44 0 -9999.0 -9999.0 -9999.0 -9999.0 1.773026559218124 1 0.9694486388550138 -18.818396189981772 2.8306285882948443 2.676817130801882 -3.037909733309011 
Pedestrian 43 0 -9999.0 -9999.0 -9999.0 -9999.0 1.6975355979754738 1 1.115836959245979 -18.89430003195589 1.8108858437187625 2.627488000701419 -3.037275236353807 
Pedestrian 18 0 -9999.0 -9999.0 -9999.0 -9999.0 1.553791531556044 0.9350978240778415 0.7014189842208715 7.479211787807368 -1.3757737740333766 0.1463865528945692 0.1568466636150614 
Pedestrian 17 0 -9999.0 -9999.0 -9999.0 -9999.0 1.6786936986616088 0.9385842718372612 0.8570610823441984 7.665324659762089 -0.8320043709927412 0.20391467503320077 0.19494819893411375 
Pedestrian 19 0 -9999.0 -9999.0 -9999.0 -9999.0 1.88766995436284 0.8473523143195599 0.8020167022554571 26.651861314988345 0.47212413212197685 -1.4645144636423226 0.41560475508851447 
Pedestrian 20 0 -9999.0 -9999.0 -9999.0 -9999.0 1.8942850025152396 0.7837367986462382 0.6986151564054772 26.142987906815204 -0.15361459733897848 -1.3883065131235615 0.41065211642793553 
Pedestrian 8 0 -9999.0 -9999.0 -9999.0 -9999.0 1.7182020193881877 0.84040506779357 0.7617142683117479 20.147354636160436 -3.5882224495626787 -0.993328489924098 -3.066198990311353 
Pedestrian 36 0 -9999.0 -9999.0 -9999.0 -9999.0 1.85 0.8455221526426029 0.7795427445654814 -6.390608905907509 4.890653603700994 1.2824567431148268 -1.1350935540575087 
Pedestrian 1002 0 -9999.0 -9999.0 -9999.0 -9999.0 1.5480067025273518 0.5644233003512866 0.6213012349133786 27.970874175838233 -2.9393311678340575 -1.817115433247624 -3.043520129541184 
Pedestrian 16 0 -9999.0 -9999.0 -9999.0 -9999.0 1.5480067025273518 0.5644233003512866 0.6213012349133786 27.832369958123667 -3.6690722809060663 -1.8020996140910062 -3.043520131849718 
Pedestrian 34 0 -9999.0 -9999.0 -9999.0 -9999.0 1.8 0.742563890087286 0.7166973150341831 -7.271419114560377 4.865590310919202 1.2945332766310629 -1.233637332414112 
Pedestrian 27 0 -9999.0 -9999.0 -9999.0 -9999.0 1.8 0.8271693526588353 0.8407252643496999 29.68549542317486 -0.2685807302856553 -1.7268777278685319 1.588432878886299 
Pedestrian 503 0 -9999.0 -9999.0 -9999.0 -9999.0 1.5098862519504819 0.7016892788347073 0.6244449312827264 24.013543841662173 5.358418930442279 -1.106330706925519 2.395193348729382 
Pedestrian 22 0 -9999.0 -9999.0 -9999.0 -9999.0 1.7272234413230434 0.8930338539667776 0.7589542967325148 25.130629042668296 -4.120293621771282 -1.3433883637534234 -3.0176781526173997 
Pedestrian 777 0 -9999.0 -9999.0 -9999.0 -9999.0 1.5601539586488533 0.7742910735758141 0.7734620811052282 -11.616848998240457 2.5840088864122768 1.8312848833512174 1.5156101068388352 
Pedestrian 502 0 -9999.0 -9999.0 -9999.0 -9999.0 1.5580631857725595 0.6324640994580073 0.6231826615974934 23.221217980734384 5.563232941908882 -0.9646566888362025 2.384831752459437 
Pedestrian 45 0 -9999.0 -9999.0 -9999.0 -9999.0 1.840803791853019 0.9047965827395252 0.7795427445654814 6.5692440652530735 -1.8281860834561752 0.3443027911052713 3.1354613119275374 
Pedestrain_sitting 20 0 -9999.0 -9999.0 -9999.0 -9999.0 0.9288023059382893 0.630173997091732 0.7116151379014846 10.889502393106618 5.290409766515916 0.037233740944499716 -3.0334847161035174 
Car 4 0 -9999.0 -9999.0 -9999.0 -9999.0 2.0589564776245735 4.5 2.044844764170049 -33.21273985921365 6.741002408428621 3.9898894878455096 0.15975626962034895 
Pedestrian 200 0 -9999.0 -9999.0 -9999.0 -9999.0 1.7521106512660325 0.9162872598483918 0.6944942567378337 -10.325500535945222 3.4364064905641993 1.8895951298566314 -3.066397355031855 
Pedestrian 47 0 -9999.0 -9999.0 -9999.0 -9999.0 1.739259612086605 0.9765708634005151 0.6968829901888434 -10.838987270210808 1.7649215493562556 1.8393018774664605 0.5561838931639684 
Pedestrian 24 0 -9999.0 -9999.0 -9999.0 -9999.0 1.5665724604937843 0.8256175940025915 0.7327379765104859 18.8041121131628 -5.068060948107811 -0.9505478314916279 -3.0512296373394783 
Pedestrian 46 0 -9999.0 -9999.0 -9999.0 -9999.0 1.739259612086605 0.8137808070594968 0.7631092640473314 -10.311395251916267 2.325113249346264 1.9934093527552421 0.5372389876622181 
Pedestrian 35 0 -9999.0 -9999.0 -9999.0 -9999.0 1.85 0.8455221526426029 0.8055941736449839 2.6182206099023437 4.830477996816799 0.6316701716068934 -3.081765112120248 
Pedestrian 39 0 -9999.0 -9999.0 -9999.0 -9999.0 1.6992181517554945 0.7236988029930532 0.6130136573276566 -10.323002259176715 2.7840535957161197 1.8754927357949953 -3.066356258384616 
Pedestrian 49 0 -9999.0 -9999.0 -9999.0 -9999.0 1.8880449392725787 0.7266739568839767 0.719062337692116 -13.159756131356716 -2.1899435050588374 1.8888886846920057 1.1335966399812332 
Pedestrian 51 0 -9999.0 -9999.0 -9999.0 -9999.0 1.7084772160642387 0.6876926218915868 0.6022575416759411 -8.476226081651173 -2.469957584565401 1.6668053456248186 1.7806207929365527 
Pedestrian 50 0 -9999.0 -9999.0 -9999.0 -9999.0 1.6682901068147347 0.7378107948553352 0.6318862957964667 -9.238976961842926 -2.359564605356441 1.6688232022543394 1.774286363237355 
Pedestrian 37 0 -9999.0 -9999.0 -9999.0 -9999.0 1.7674898152527898 0.7851268766529278 0.7077031440696406 -5.467234226297321 2.2770028201818193 1.361326207313742 -2.949184103346022 
Pedestrian 38 0 -9999.0 -9999.0 -9999.0 -9999.0 1.768936684463284 0.7798122203956248 0.6543593384916504 -5.4850447721948425 2.9945844388438076 1.2356089316056538 -2.9494928297223204 
Pedestrian 48 0 -9999.0 -9999.0 -9999.0 -9999.0 1.8437648405814306 0.63 0.8639507388388924 -12.628262743027516 -1.8641944246955664 1.862624658312195 0.18305884644383852 
Pedestrain_sitting 556 0 -9999.0 -9999.0 -9999.0 -9999.0 1.3003415906177906 0.5495013160563614 0.4849281347249202 21.232609108701936 -8.648405542399662 -1.0967969734733436 3.1368080825650217 
Pedestrain_sitting 555 0 -9999.0 -9999.0 -9999.0 -9999.0 1.3003415906177906 0.5495013160563614 0.4849281347249202 21.213366099718026 -7.936970397491029 -1.0993775391955765 3.1368080825650217 
Pedestrian 23 0 -9999.0 -9999.0 -9999.0 -9999.0 1.733985410563253 0.6134757942819711 0.7222749871810963 17.174437840314077 -4.849130808005851 -0.7338438159088325 -2.0191023197871907 
