Car 2 0 -9999.0 -9999.0 -9999.0 -9999.0 1.7161032172723623 4.3042446659889535 2.497900330371051 29.628873897892575 1.3006720316707412 -2.324691898307203 0.07281321653102601 
Pedestrian 26 0 -9999.0 -9999.0 -9999.0 -9999.0 1.8 0.880638232653005 0.7173897124333324 30.928849553155857 -3.828522154129148 -2.072147977214407 -2.954805073580406 
Pedestrian 25 0 -9999.0 -9999.0 -9999.0 -9999.0 1.8 0.880638232653005 0.7173897124333324 30.975466452498484 -3.0924454998545694 -2.059592719175506 -2.954805073580406 
Car 3 0 -9999.0 -9999.0 -9999.0 -9999.0 1.4301220212552401 4 1.8633935758759457 55.50146671559177 -0.19140185978365853 -3.4154339643872924 -3.0521482483721982 
Pedestrian 42 0 -9999.0 -9999.0 -9999.0 -9999.0 1.9110630666244788 0.6648425352273584 0.7730646177530336 -27.316788952619426 0.3906132943020099 3.090361365819866 2.011684298207035 
Pedestrian 41 0 -9999.0 -9999.0 -9999.0 -9999.0 1.7717383253829708 0.6171990397476583 0.6601212154854279 -26.691176589419477 0.058153627114898576 3.026302692570971 2.011684358507834 
Pedestrain_sitting 21 0 -9999.0 -9999.0 -9999.0 -9999.0 0.9170967942404316 0.6239191457374971 0.6351946031908755 11.736446067052595 5.242760252557949 -0.38086197207691097 0.12941503788824704 
Pedestrian 702 0 -9999.0 -9999.0 -9999.0 -9999.0 1.7242744269198185 0.63 0.6898739737048278 -35.894210190559185 4.958488479869246 3.7461334799379804 -3.00732011091074 
Pedestrian 703 0 -9999.0 -9999.0 -9999.0 -9999.0 1.7717383253829708 0.63 0.6566716672544799 -35.72817656113189 5.694237183182979 3.781890280289682 -3.00732011091074 
Pedestrian 1001 0 -9999.0 -9999.0 -9999.0 -9999.0 1.8190235843771385 0.6309324708718423 0.6213012349133786 32.10458095948757 3.023263559590774 -2.0393165299233065 1.5959482668257623 
Pedestrian 765 0 -9999.0 -9999.0 -9999.0 -9999.0 1.765427731387784 0.6045377694180526 0.7280996093110779 29.344325077637247 2.434978659230599 -1.8418715439030682 -1.6505562759668173 
Pedestrian 888 0 -9999.0 -9999.0 -9999.0 -9999.0 1.5366259275535865 0.5877254913696837 0.6357928477663076 13.494752861978107 7.934452682479554 -0.38057769010227044 -3.1077193116451944 
Pedestrian 223 0 -9999.0 -9999.0 -9999.0 -9999.0 1.7272234413230434 0.6942712320825266 0.6155335882708507 37.45399966652659 -6.8866835844858345 -2.655747949812029 0.6419837560052919 
Pedestrian 3 0 -9999.0 -9999.0 -9999.0 -9999.0 1.6413741868673242 0.9102319618606736 0.749658509723502 14.988994531881033 1.961949895558332 -0.7072356600937935 -2.86591423304586 
Pedestrian 5 0 -9999.0 -9999.0 -9999.0 -9999.0 1.6467102258502564 0.8504990806290904 0.946862823709426 4.04404095283956 2.5134751106752153 0.27137646015803807 0.6097624928904946 
Pedestrian 4 0 -9999.0 -9999.0 -9999.0 -9999.0 1.7335733350919327 0.8234084053360446 0.7316008376188541 2.1435074931407625 2.8224987145189906 0.5017494448277755 0.058057974487114805 
Pedestrian 1 0 -9999.0 -9999.0 -9999.0 -9999.0 1.830187787627785 0.8467364901875526 1.030957247409183 2.21210745668484 3.593416797685622 0.4947665006623816 -3.057821839193471 
Pedestrian 2 0 -9999.0 -9999.0 -9999.0 -9999.0 1.6047004871739794 0.8225193905720728 0.8427564948210492 2.9502207310660915 3.835011033652931 0.314394832659182 0.4440977370940091 
Pedestrian 6 0 -9999.0 -9999.0 -9999.0 -9999.0 1.8 0.7815797515521649 0.729516349447393 18.954830062062197 -1.5670864300664094 -0.9458873638010645 -3.016721277961567 
Pedestrian 7 0 -9999.0 -9999.0 -9999.0 -9999.0 1.85 0.7446143281153959 0.7378356243838986 18.561140304967967 -2.2691876056905818 -0.9092390005112468 -3.0167473323324607 
Pedestrian 9 0 -9999.0 -9999.0 -9999.0 -9999.0 1.7388951330758573 0.762844615165235 0.6125796005267553 18.181437034961192 2.357221400852053 -0.9558589886394248 2.3362959027768415 
Pedestrian 10 0 -9999.0 -9999.0 -9999.0 -9999.0 1.7238665634959034 0.765649395571576 0.6782236572752955 18.727028551394408 2.023849094637594 -1.0173545844242533 2.3384455479037527 
Car 1 0 -9999.0 -9999.0 -9999.0 -9999.0 1.9636838768401188 5.159477280173534 1.9749927503715075 8.495232614803385 -3.1135259006818194 0.09394711123174396 0.07789770959551312 
Pedestrian 11 0 -9999.0 -9999.0 -9999.0 -9999.0 1.833843394516407 0.888361750840276 0.8547891083331658 36.99924512016764 -1.5388596921381887 -2.760998721883895 -3.0700747828266834 
Pedestrian 44 0 -9999.0 -9999.0 -9999.0 -9999.0 1.773026559218124 1 0.9694486388550138 -22.654843984485673 3.0932981520300302 2.818414782596388 -3.0462936310525937 
Pedestrian 43 0 -9999.0 -9999.0 -9999.0 -9999.0 1.6975355979754738 1 1.115836959245979 -22.768485004497453 2.06932313847116 2.7508135377366236 -3.0464608254401835 
Pedestrian 18 0 -9999.0 -9999.0 -9999.0 -9999.0 1.553791531556044 0.9350978240778415 0.7014189842208715 9.703159499080817 -1.8786617503989624 -0.1948451030135585 0.06649583602673292 
Pedestrian 17 0 -9999.0 -9999.0 -9999.0 -9999.0 1.6786936986616088 0.9385842718372612 0.8570610823441984 10.065844216059485 -1.2987909006502412 -0.162838650861801 0.11047420612934822 
Pedestrian 19 0 -9999.0 -9999.0 -9999.0 -9999.0 1.88766995436284 0.8473523143195599 0.8020167022554571 28.660282193542155 -0.1836141438434885 -1.8441938488257 -0.07188170319268572 
Pedestrian 20 0 -9999.0 -9999.0 -9999.0 -9999.0 1.8942850025152396 0.7837367986462382 0.6986151564054772 28.018110047589225 -0.5000864978433649 -1.8455846224064525 0.013263665446944017 
Pedestrian 8 0 -9999.0 -9999.0 -9999.0 -9999.0 1.7182020193881877 0.84040506779357 0.7617142683117479 17.994660970806105 -3.2725849835635206 -0.8447831864277013 -3.005181484644055 
Pedestrian 36 0 -9999.0 -9999.0 -9999.0 -9999.0 1.85 0.8455221526426029 0.7795427445654814 -6.434416793608139 5.069325314005688 1.2605261927779396 -1.1351026914962077 
Pedestrian 1002 0 -9999.0 -9999.0 -9999.0 -9999.0 1.5480067025273518 0.5644233003512866 0.6213012349133786 24.617178249838204 -2.969627560860761 -1.4272250607035661 -3.043520129541184 
Pedestrian 16 0 -9999.0 -9999.0 -9999.0 -9999.0 1.5480067025273518 0.5644233003512866 0.6213012349133786 24.345560994763282 -3.516228650541983 -1.4628027143460511 -3.0435201291373417 
Pedestrian 34 0 -9999.0 -9999.0 -9999.0 -9999.0 1.8 0.742563890087286 0.7166973150341831 -7.243576851412538 5.1499527161197705 1.4840318374798513 -1.2324768984742853 
Pedestrian 27 0 -9999.0 -9999.0 -9999.0 -9999.0 1.8 0.8271693526588353 0.8407252643496999 29.712706024593093 -0.15708732355388133 -2.0648103742029478 1.588432878886299 
Pedestrian 503 0 -9999.0 -9999.0 -9999.0 -9999.0 1.5098862519504819 0.7016892788347073 0.6244449312827264 23.99862076373599 5.315458184046921 -1.3273006304714412 2.395193348729382 
Pedestrian 14 0 -9999.0 -9999.0 -9999.0 -9999.0 1.5350666013118595 0.6767124353147551 0.6338965826401189 24.805175028652435 1.8032990712182115 -1.5827043518840953 2.0299124971409928 
Pedestrian 15 0 -9999.0 -9999.0 -9999.0 -9999.0 1.4995242359067946 0.6433493585685015 0.616020103352135 25.314739841016703 1.5231575471675975 -1.5608541109370573 2.009623016393956 
Pedestrian 22 0 -9999.0 -9999.0 -9999.0 -9999.0 1.7272234413230434 0.8930338539667776 0.7589542967325148 23.343091772033382 -4.178345875263635 -1.3752351174184159 -3.015280459610036 
Pedestrian 777 0 -9999.0 -9999.0 -9999.0 -9999.0 1.5601539586488533 0.7742910735758141 0.7734620811052282 -12.235254108311853 1.051348143825138 1.7763335845708206 1.331477246378646 
Pedestrian 502 0 -9999.0 -9999.0 -9999.0 -9999.0 1.5580631857725595 0.6324640994580073 0.6231826615974934 23.242458341249453 5.576495986992857 -1.379349974653809 2.3848312958352125 
Pedestrian 45 0 -9999.0 -9999.0 -9999.0 -9999.0 1.840803791853019 0.9047965827395252 0.7795427445654814 4.582691257679385 -1.9235081430553023 0.3750084100575196 3.1354613119275374 
Pedestrain_sitting 20 0 -9999.0 -9999.0 -9999.0 -9999.0 0.9288023059382893 0.630173997091732 0.7116151379014846 10.893656973918795 5.297830629703818 -0.2711442968411404 -3.0334708074621233 
Car 4 0 -9999.0 -9999.0 -9999.0 -9999.0 2.0589564776245735 4.5 2.044844764170049 -33.25266820941219 6.798455454238788 3.842667923350814 0.15975626962034895 
Pedestrian 200 0 -9999.0 -9999.0 -9999.0 -9999.0 1.7521106512660325 0.9162872598483918 0.6944942567378337 -13.438005875296332 3.343017065027546 1.946698109050978 -3.031423231848997 
Pedestrian 47 0 -9999.0 -9999.0 -9999.0 -9999.0 1.739259612086605 0.9765708634005151 0.6968829901888434 -11.606448906570087 0.3951421690674946 1.7283436414252686 1.6344388462636639 
Pedestrian 24 0 -9999.0 -9999.0 -9999.0 -9999.0 1.5665724604937843 0.8256175940025915 0.7327379765104859 17.72132211211959 -4.819676115249732 -0.981100297532576 -1.6973855347900226 
Pedestrian 46 0 -9999.0 -9999.0 -9999.0 -9999.0 1.739259612086605 0.8137808070594968 0.7631092640473314 -10.779763256855482 0.7439892913458435 1.6792412753032204 1.6061103464003086 
Pedestrian 35 0 -9999.0 -9999.0 -9999.0 -9999.0 1.85 0.8455221526426029 0.8055941736449839 -0.5497727853589485 5.224956915783566 0.7491623342206997 -3.082031170240679 
Pedestrian 39 0 -9999.0 -9999.0 -9999.0 -9999.0 1.6992181517554945 0.7236988029930532 0.6130136573276566 -13.477906427519011 2.721082485205182 1.9704066272145342 -3.03038624061638 
Pedestrian 49 0 -9999.0 -9999.0 -9999.0 -9999.0 1.8880449392725787 0.7266739568839767 0.719062337692116 -13.240170224436035 -2.2291090448367923 1.857456932502913 1.133622431007078 
Pedestrian 51 0 -9999.0 -9999.0 -9999.0 -9999.0 1.7084772160642387 0.6876926218915868 0.6022575416759411 -8.59535921220302 -2.5169358814863108 1.4926120188316472 1.7806207929365527 
Pedestrian 50 0 -9999.0 -9999.0 -9999.0 -9999.0 1.6682901068147347 0.7378107948553352 0.6318862957964667 -9.31495260420639 -2.3032281140122324 1.4974547277309835 1.774286363237355 
Pedestrian 37 0 -9999.0 -9999.0 -9999.0 -9999.0 1.7674898152527898 0.7851268766529278 0.7077031440696406 -8.672133256353787 2.738168229150754 1.4762858133976873 -2.9499033089553404 
Pedestrian 38 0 -9999.0 -9999.0 -9999.0 -9999.0 1.768936684463284 0.7798122203956248 0.6543593384916504 -8.624097972372697 3.4150702274131137 1.4241158537702838 -2.9494696189469973 
Pedestrian 48 0 -9999.0 -9999.0 -9999.0 -9999.0 1.8437648405814306 0.63 0.8639507388388924 -12.721832367328497 -1.7245956010384504 1.8367990309003521 0.1830714406013394 
Pedestrain_sitting 556 0 -9999.0 -9999.0 -9999.0 -9999.0 1.3003415906177906 0.5495013160563614 0.4849281347249202 21.220741647305918 -8.61775046138098 -1.1588480485263593 3.1368080825650217 
Pedestrain_sitting 555 0 -9999.0 -9999.0 -9999.0 -9999.0 1.3003415906177906 0.5495013160563614 0.4849281347249202 21.201341778863995 -7.892225554867586 -1.1606563440402005 3.1368080825650217 
Pedestrian 23 0 -9999.0 -9999.0 -9999.0 -9999.0 1.733985410563253 0.6134757942819711 0.7222749871810963 17.047028746008092 -4.845225578726024 -0.8558302602546684 -2.0191023197871907 
