Car 2 0 -9999.0 -9999.0 -9999.0 -9999.0 1.7161032172723623 4.3042446659889535 2.497900330371051 29.645686449277907 1.4807275193440534 -2.0370048442691124 0.07281321653102601 
Pedestrian 26 0 -9999.0 -9999.0 -9999.0 -9999.0 1.8 0.880638232653005 0.7173897124333324 27.435577283305832 -3.9800311917491684 -1.9448042813477566 -2.954805073580406 
Pedestrian 25 0 -9999.0 -9999.0 -9999.0 -9999.0 1.8 0.880638232653005 0.7173897124333324 27.318394298460884 -3.2068871872622844 -1.9514470791259793 -2.954805073580406 
Car 3 0 -9999.0 -9999.0 -9999.0 -9999.0 1.4301220212552401 4 1.8633935758759457 55.44345928365793 -0.18619953875194495 -3.4958431741841056 -3.0521482483721982 
Pedestrian 42 0 -9999.0 -9999.0 -9999.0 -9999.0 1.9110630666244788 0.6648425352273584 0.7730646177530336 -27.20982705559613 0.2603321714787411 2.8247607025308588 1.4003685058987108 
Pedestrian 41 0 -9999.0 -9999.0 -9999.0 -9999.0 1.7717383253829708 0.6171990397476583 0.6601212154854279 -26.802574116973034 0.7194341452503501 2.7951093731242915 1.438437213401338 
Pedestrain_sitting 21 0 -9999.0 -9999.0 -9999.0 -9999.0 0.9170967942404316 0.6239191457374971 0.6351946031908755 11.71280888971902 5.242560750730421 -0.7956551526982245 0.12983675170822018 
Pedestrian 702 0 -9999.0 -9999.0 -9999.0 -9999.0 1.7242744269198185 0.63 0.6898739737048278 -40.53792783994602 5.833572357987156 3.6189750258819458 -3.00732011091074 
Pedestrian 1001 0 -9999.0 -9999.0 -9999.0 -9999.0 1.8190235843771385 0.6309324708718423 0.6213012349133786 32.21025754125734 2.632451681974678 -2.1951213697378265 1.5959482703173498 
Pedestrian 765 0 -9999.0 -9999.0 -9999.0 -9999.0 1.765427731387784 0.6045377694180526 0.7280996093110779 29.46488942429186 2.4797526602984523 -2.060233301906337 -1.661177109555874 
Pedestrian 888 0 -9999.0 -9999.0 -9999.0 -9999.0 1.5366259275535865 0.5877254913696837 0.6357928477663076 12.161957327516706 8.471768528271403 -0.2875678643697023 -3.106177831603585 
Pedestrian 223 0 -9999.0 -9999.0 -9999.0 -9999.0 1.7272234413230434 0.6942712320825266 0.6155335882708507 37.23175943835495 -6.9863666760472025 -2.7322598773387314 0.6419837477972461 
Pedestrian 3 0 -9999.0 -9999.0 -9999.0 -9999.0 1.6413741868673242 0.9102319618606736 0.749658509723502 11.199780626327385 2.8377403052950494 -0.8177183372069712 -2.86591423304586 
Pedestrian 5 0 -9999.0 -9999.0 -9999.0 -9999.0 1.6467102258502564 0.8504990806290904 0.946862823709426 5.036218004979083 2.9942394708712667 -0.16849548460486188 -0.028410452810572195 
Pedestrian 4 0 -9999.0 -9999.0 -9999.0 -9999.0 1.7335733350919327 0.8234084053360446 0.7316008376188541 3.9596145078512532 3.1249535958809704 -0.038510266338617274 -0.10690595454070717 
Pedestrian 1 0 -9999.0 -9999.0 -9999.0 -9999.0 1.830187787627785 0.8467364901875526 1.030957247409183 2.1441772904414194 3.6040040691696267 0.1575308382903032 -3.062990078360029 
Pedestrian 2 0 -9999.0 -9999.0 -9999.0 -9999.0 1.6047004871739794 0.8225193905720728 0.8427564948210492 2.8672182952756717 3.8617190497986518 -0.049795186845590006 0.4440707538360762 
Pedestrian 6 0 -9999.0 -9999.0 -9999.0 -9999.0 1.8 0.7815797515521649 0.729516349447393 15.180369779753837 -0.8713007847382881 -0.9161710138452464 -3.0167460683488727 
Pedestrian 7 0 -9999.0 -9999.0 -9999.0 -9999.0 1.85 0.7446143281153959 0.7378356243838986 15.00732496983031 -1.4894034231394169 -0.8841277706451736 -3.0167473323324607 
Pedestrian 9 0 -9999.0 -9999.0 -9999.0 -9999.0 1.7388951330758573 0.762844615165235 0.6125796005267553 16.36108354461396 1.9897951731283632 -1.119673810103679 3.139146170602201 
Pedestrian 10 0 -9999.0 -9999.0 -9999.0 -9999.0 1.7238665634959034 0.765649395571576 0.6782236572752955 16.69285024043208 1.4824672175591733 -1.1549288326613263 3.138191881346234 
Car 1 0 -9999.0 -9999.0 -9999.0 -9999.0 1.9636838768401188 5.159477280173534 1.9749927503715075 8.42155104093646 -3.085772996647667 -0.21204510116037287 0.07789771016426883 
Pedestrian 11 0 -9999.0 -9999.0 -9999.0 -9999.0 1.833843394516407 0.888361750840276 0.8547891083331658 31.746179795590336 -1.174810028895606 -2.3567023924049795 -3.0700747586344175 
Pedestrian 44 0 -9999.0 -9999.0 -9999.0 -9999.0 1.773026559218124 1 0.9694486388550138 -27.693222089148335 3.334623343288829 2.905927413211699 -3.0446341031830215 
Pedestrian 43 0 -9999.0 -9999.0 -9999.0 -9999.0 1.6975355979754738 1 1.115836959245979 -27.78106050851637 2.3541988939296083 2.805174318057292 -3.044687038324005 
Pedestrian 18 0 -9999.0 -9999.0 -9999.0 -9999.0 1.553791531556044 0.9350978240778415 0.7014189842208715 12.62635539062725 -3.065258587126831 -0.8369268213245915 0.39377829309835555 
Pedestrian 17 0 -9999.0 -9999.0 -9999.0 -9999.0 1.6786936986616088 0.9385842718372612 0.8570610823441984 13.065662428305378 -2.7099104296694065 -0.8043161995035426 0.3818658829818773 
Pedestrian 19 0 -9999.0 -9999.0 -9999.0 -9999.0 1.88766995436284 0.8473523143195599 0.8020167022554571 31.270590160897353 -0.18541369727293128 -2.1005146301877073 -0.013338253513648368 
Pedestrian 20 0 -9999.0 -9999.0 -9999.0 -9999.0 1.8942850025152396 0.7837367986462382 0.6986151564054772 30.750419028924604 -0.7088883262445382 -2.0750250399388808 -0.015792476767817476 
Pedestrian 8 0 -9999.0 -9999.0 -9999.0 -9999.0 1.7182020193881877 0.84040506779357 0.7617142683117479 15.059369014759959 -2.6489293632100424 -1.017144766367863 -3.0573380605012908 
Pedestrian 36 0 -9999.0 -9999.0 -9999.0 -9999.0 1.85 0.8455221526426029 0.7795427445654814 -6.038152664875725 5.153602471031264 0.7712136221524292 -1.134113544539499 
Pedestrian 1002 0 -9999.0 -9999.0 -9999.0 -9999.0 1.5480067025273518 0.5644233003512866 0.6213012349133786 20.67479053882057 -2.3150732785375023 -1.4920170829999528 -3.043520129541184 
Pedestrian 16 0 -9999.0 -9999.0 -9999.0 -9999.0 1.5480067025273518 0.5644233003512866 0.6213012349133786 20.395051016708162 -3.0658587676052305 -1.5291125847953753 -3.043520161818183 
Pedestrian 34 0 -9999.0 -9999.0 -9999.0 -9999.0 1.8 0.742563890087286 0.7166973150341831 -6.888704258191365 5.40290101628718 0.7520408639303806 -1.2828487464110125 
Pedestrian 503 0 -9999.0 -9999.0 -9999.0 -9999.0 1.5098862519504819 0.7016892788347073 0.6244449312827264 23.30019919093247 5.20617994309265 -1.5809221828968663 2.395193348729382 
Pedestrian 14 0 -9999.0 -9999.0 -9999.0 -9999.0 1.5350666013118595 0.6767124353147551 0.6338965826401189 22.651572070018847 -0.5227084615155108 -1.6939711741756553 2.6046519377401864 
Pedestrian 15 0 -9999.0 -9999.0 -9999.0 -9999.0 1.4995242359067946 0.6433493585685015 0.616020103352135 22.80627003148716 -1.1559339408437226 -1.669360053501918 2.6243225914318344 
Pedestrian 22 0 -9999.0 -9999.0 -9999.0 -9999.0 1.7272234413230434 0.8930338539667776 0.7589542967325148 21.283664082168286 -3.8779365681202305 -1.5405929947515364 -3.0157491596346855 
Pedestrian 777 0 -9999.0 -9999.0 -9999.0 -9999.0 1.5601539586488533 0.7742910735758141 0.7734620811052282 -7.939416756832711 -0.07580522172754559 1.0069233789755647 0.7678400285804692 
Pedestrian 502 0 -9999.0 -9999.0 -9999.0 -9999.0 1.5580631857725595 0.6324640994580073 0.6231826615974934 22.53517381223534 5.358654875153155 -1.346135668572333 2.384830980233952 
Pedestrian 45 0 -9999.0 -9999.0 -9999.0 -9999.0 1.840803791853019 0.9047965827395252 0.7795427445654814 0.817542971390532 -2.304006482407439 0.34834613327670944 3.1354613119275374 
Pedestrain_sitting 20 0 -9999.0 -9999.0 -9999.0 -9999.0 0.9288023059382893 0.630173997091732 0.7116151379014846 10.918327017442586 5.331461170093378 -0.6756803273609664 -3.033452923658823 
Car 4 0 -9999.0 -9999.0 -9999.0 -9999.0 2.0589564776245735 4.5 2.044844764170049 -33.482189247118605 6.812627351447961 3.45827209453646 0.15975626962034895 
Pedestrian 52 0 -9999.0 -9999.0 -9999.0 -9999.0 1.85 0.8063422351422711 0.648255271894977 -2.1060342824912626 -10.436713388094368 0.8872981144241469 3.0157783739316972 
Pedestrian 200 0 -9999.0 -9999.0 -9999.0 -9999.0 1.7521106512660325 0.9162872598483918 0.6944942567378337 -17.12892045273953 3.9227729417828745 1.8442773971391042 -3.035529546819747 
Pedestrian 47 0 -9999.0 -9999.0 -9999.0 -9999.0 1.739259612086605 0.9765708634005151 0.6968829901888434 -8.7112463480941 -0.9129334254572954 1.132732722391492 0.12774555607894467 
Pedestrian 24 0 -9999.0 -9999.0 -9999.0 -9999.0 1.5665724604937843 0.8256175940025915 0.7327379765104859 17.634791778832835 -4.784775432450827 -1.298482476136728 -1.6969140347089713 
Pedestrian 46 0 -9999.0 -9999.0 -9999.0 -9999.0 1.739259612086605 0.8137808070594968 0.7631092640473314 -8.624304092002884 -0.2722885120157401 1.1228346469704982 0.1277285135296058 
Pedestrian 35 0 -9999.0 -9999.0 -9999.0 -9999.0 1.85 0.8455221526426029 0.8055941736449839 -4.451992925119908 4.128694956269307 0.7096029483774783 3.0781954017896407 
Pedestrian 39 0 -9999.0 -9999.0 -9999.0 -9999.0 1.6992181517554945 0.7236988029930532 0.6130136573276566 -17.101636414910953 3.2839830758302178 1.875081353455872 -3.0355354571023163 
Pedestrian 49 0 -9999.0 -9999.0 -9999.0 -9999.0 1.8880449392725787 0.7266739568839767 0.719062337692116 -13.37159411988324 -1.9296650924740801 1.5130056142399002 1.134019901910686 
Pedestrian 51 0 -9999.0 -9999.0 -9999.0 -9999.0 1.7084772160642387 0.6876926218915868 0.6022575416759411 -8.68160296337108 -2.42216722189959 1.1700894340722399 1.7806207929365527 
Pedestrian 50 0 -9999.0 -9999.0 -9999.0 -9999.0 1.6682901068147347 0.7378107948553352 0.6318862957964667 -9.289616141513003 -2.136058581429221 1.143666628385479 1.774286363237355 
Pedestrian 37 0 -9999.0 -9999.0 -9999.0 -9999.0 1.7674898152527898 0.7851268766529278 0.7077031440696406 -12.498629421874972 3.275272962339445 1.4302623754341781 -2.9506974351821356 
Pedestrian 38 0 -9999.0 -9999.0 -9999.0 -9999.0 1.768936684463284 0.7798122203956248 0.6543593384916504 -12.35583897250491 3.930359124940541 1.4282433578745832 -2.951056913017709 
Pedestrian 48 0 -9999.0 -9999.0 -9999.0 -9999.0 1.8437648405814306 0.63 0.8639507388388924 -12.804636134698526 -1.57143519021595 1.4717836190032025 0.1830690453833883 
Pedestrian 23 0 -9999.0 -9999.0 -9999.0 -9999.0 1.733985410563253 0.6134757942819711 0.7222749871810963 16.934902579559438 -4.850344314887368 -1.185624928586656 -2.0191023197871907 
