Pedestrian 12 0 -9999.0 -9999.0 -9999.0 -9999.0 1.85 0.6601961343208707 0.6325646732376861 25.195975016438847 3.046062950179749 -2.4936462790396803 1.609268270430757 
Pedestrian 13 0 -9999.0 -9999.0 -9999.0 -9999.0 1.85 0.6324640994580073 0.5664825239758708 25.8228747867831 2.8505172433953256 -2.514340066746138 1.609268273179044 
Car 2 0 -9999.0 -9999.0 -9999.0 -9999.0 1.7161032172723623 4.3042446659889535 2.497900330371051 29.661100559715553 0.5712869874155388 -2.737975460768677 0.07281321653102601 
Pedestrian 26 0 -9999.0 -9999.0 -9999.0 -9999.0 1.8 0.880638232653005 0.7173897124333324 23.28976536183077 -3.486522825781481 -2.413424677316239 -2.954805073580406 
Pedestrian 42 0 -9999.0 -9999.0 -9999.0 -9999.0 1.9110630666244788 0.6648425352273584 0.7730646177530336 -27.209791298650668 0.12421010560336902 2.1263109945063596 1.163083525561099 
Pedestrian 41 0 -9999.0 -9999.0 -9999.0 -9999.0 1.7717383253829708 0.6171990397476583 0.6601212154854279 -26.790207277855203 0.6118617120859023 2.0332284196339474 1.124721062312906 
Pedestrian 1001 0 -9999.0 -9999.0 -9999.0 -9999.0 1.8190235843771385 0.6309324708718423 0.6213012349133786 32.14040477638776 2.7829994262577937 -2.7445576789789707 1.5959482618590481 
Pedestrian 765 0 -9999.0 -9999.0 -9999.0 -9999.0 1.765427731387784 0.6045377694180526 0.7280996093110779 30.50228109106109 2.2498832867646223 -2.8343786929236026 -0.12504030923722986 
Pedestrian 888 0 -9999.0 -9999.0 -9999.0 -9999.0 1.5366259275535865 0.5877254913696837 0.6357928477663076 12.391737732200937 8.147254105534792 -1.7256440551230807 -3.105586031330006 
Pedestrian 3 0 -9999.0 -9999.0 -9999.0 -9999.0 1.6413741868673242 0.9102319618606736 0.749658509723502 6.741084083405652 3.613674012247416 -1.0408152004044735 -2.86591423304586 
Pedestrian 5 0 -9999.0 -9999.0 -9999.0 -9999.0 1.6467102258502564 0.8504990806290904 0.7324788173464449 7.063063161682508 2.599265742334183 -0.9795958655188096 0.3780150781244078 
Pedestrian 4 0 -9999.0 -9999.0 -9999.0 -9999.0 1.7335733350919327 0.8234084053360446 0.7316008376188541 6.389909136423817 2.7267825796291563 -0.9044663156888734 0.43277695863323373 
Pedestrian 1 0 -9999.0 -9999.0 -9999.0 -9999.0 1.830187787627785 0.8467364901875526 1.030957247409183 2.0438997015422027 3.372240794625587 -0.4805427811896789 1.4212526305024795 
Pedestrian 2 0 -9999.0 -9999.0 -9999.0 -9999.0 1.6047004871739794 0.8225193905720728 0.8427564948210492 2.837677210612473 3.780868232474147 -0.7049452792915928 0.4440707472248091 
Pedestrian 6 0 -9999.0 -9999.0 -9999.0 -9999.0 1.8 0.7815797515521649 0.729516349447393 11.062939712417188 -0.6306111323185356 -1.0702991127975339 -3.0167461106019857 
Pedestrian 7 0 -9999.0 -9999.0 -9999.0 -9999.0 1.85 0.7446143281153959 0.7378356243838986 10.752869870422261 -1.24885941899663 -1.0351197796414429 -3.0167473323324607 
Pedestrian 9 0 -9999.0 -9999.0 -9999.0 -9999.0 1.7388951330758573 0.762844615165235 0.6125796005267553 13.633662651682505 2.3466477958423737 -1.5070997823972547 -3.0743907271177378 
Pedestrian 10 0 -9999.0 -9999.0 -9999.0 -9999.0 1.7238665634959034 0.765649395571576 0.6782236572752955 13.800358323466854 1.7359989900708106 -1.5250161314720418 -3.072711852859989 
Car 1 0 -9999.0 -9999.0 -9999.0 -9999.0 1.9636838768401188 5.159477280173534 1.9749927503715075 8.457619801717765 -3.1402095958406253 -0.8269219103251368 0.07789770566123977 
Pedestrian 11 0 -9999.0 -9999.0 -9999.0 -9999.0 1.833843394516407 0.888361750840276 0.8547891083331658 25.795486813723954 -0.4151290245345518 -2.4792252870804123 -3.070074767718168 
Pedestrian 44 0 -9999.0 -9999.0 -9999.0 -9999.0 1.773026559218124 1 0.9694486388550138 -33.36837958361124 3.756366213889811 2.55606390902245 -3.044545372444553 
Pedestrian 43 0 -9999.0 -9999.0 -9999.0 -9999.0 1.6975355979754738 1 1.115836959245979 -33.48130442159848 2.733898269125074 2.50733272398034 -3.044545372444553 
Pedestrian 18 0 -9999.0 -9999.0 -9999.0 -9999.0 1.553791531556044 0.9350978240778415 0.7014189842208715 16.8219339833743 -3.9128324532177414 -1.6670419777992438 0.2368635298520454 
Pedestrian 17 0 -9999.0 -9999.0 -9999.0 -9999.0 1.6786936986616088 0.9385842718372612 0.8570610823441984 17.12746845739672 -3.1816283247977397 -1.6278473145083654 0.22379052903175456 
Pedestrian 19 0 -9999.0 -9999.0 -9999.0 -9999.0 1.88766995436284 0.8473523143195599 0.8020167022554571 34.2893610577934 -0.05583629962200384 -2.909374348384851 -0.013709264815551236 
Pedestrian 20 0 -9999.0 -9999.0 -9999.0 -9999.0 1.8942850025152396 0.7837367986462382 0.6986151564054772 33.95548765121055 -1.051022603505622 -2.8973821380274405 -0.02244554739182192 
Pedestrian 8 0 -9999.0 -9999.0 -9999.0 -9999.0 1.7182020193881877 0.84040506779357 0.7617142683117479 11.805263952761525 -2.078638198076893 -1.2125569193505892 -3.070043144245709 
Pedestrian 36 0 -9999.0 -9999.0 -9999.0 -9999.0 1.85 0.8455221526426029 0.7795427445654814 -6.682115992038916 4.573784388905164 0.30412048465747565 -2.2219460330569696 
Pedestrian 1002 0 -9999.0 -9999.0 -9999.0 -9999.0 1.5480067025273518 0.5644233003512866 0.6213012349133786 16.250332399858227 -1.865687060660635 -1.703188277010321 -3.043520129541184 
Pedestrian 16 0 -9999.0 -9999.0 -9999.0 -9999.0 1.5480067025273518 0.5644233003512866 0.6213012349133786 16.344665446894385 -2.622484357024845 -1.7108474802437903 -3.043520143040256 
Pedestrian 34 0 -9999.0 -9999.0 -9999.0 -9999.0 1.8 0.742563890087286 0.7166973150341831 -7.244613567582773 3.538612702642359 0.28821085884969494 2.6038894492005635 
Pedestrian 503 0 -9999.0 -9999.0 -9999.0 -9999.0 1.5098862519504819 0.7016892788347073 0.6244449312827264 23.478728594239545 5.03295035166863 -2.4561926433188987 2.395193348729382 
Pedestrian 14 0 -9999.0 -9999.0 -9999.0 -9999.0 1.5350666013118595 0.6767124353147551 0.6338965826401189 18.709389684515994 -1.1200692101486014 -1.826917767205678 -3.05868758850006 
Pedestrian 15 0 -9999.0 -9999.0 -9999.0 -9999.0 1.4995242359067946 0.6433493585685015 0.616020103352135 18.69506586768654 -1.744149979232686 -1.660923057617588 -3.0489006227800086 
Pedestrian 22 0 -9999.0 -9999.0 -9999.0 -9999.0 1.7272234413230434 0.8930338539667776 0.7589542967325148 18.577125876804054 -4.230553596571062 -1.6329945216872623 -3.0157778494526504 
Pedestrian 777 0 -9999.0 -9999.0 -9999.0 -9999.0 1.5601539586488533 0.7742910735758141 0.7734620811052282 -4.815183314872389 -3.3151251188161996 0.186941277817611 0.5393731584074652 
Pedestrian 45 0 -9999.0 -9999.0 -9999.0 -9999.0 1.840803791853019 0.9047965827395252 0.7795427445654814 -3.5998521045533796 -2.042855386931913 0.16559774143814907 3.1354613119275374 
Car 4 0 -9999.0 -9999.0 -9999.0 -9999.0 2.0589564776245735 4.5 2.044844764170049 -33.2785369292219 6.72208768444506 2.6592730959855397 0.15975626962034895 
Pedestrian 52 0 -9999.0 -9999.0 -9999.0 -9999.0 1.85 0.8063422351422711 0.648255271894977 -1.976272869030262 -10.222028257275502 0.2612582996862716 3.0157783739316972 
Pedestrian 53 0 -9999.0 -9999.0 -9999.0 -9999.0 1.85 0.6635819251292966 0.5936944772056624 -1.1262522292100423 -10.95482453028129 0.19769791429206074 2.928476607281148 
Pedestrian 200 0 -9999.0 -9999.0 -9999.0 -9999.0 1.7521106512660325 0.9162872598483918 0.6944942567378337 -21.839412279152963 3.9786499041919687 1.6588630946395653 -3.0359329422440524 
Pedestrian 47 0 -9999.0 -9999.0 -9999.0 -9999.0 1.739259612086605 0.9765708634005151 0.6968829901888434 -5.21845531315233 -3.086652437531073 0.20215174990925933 0.5038403388570103 
Pedestrian 24 0 -9999.0 -9999.0 -9999.0 -9999.0 1.5665724604937843 0.8256175940025915 0.7327379765104859 17.69651284826522 -4.8153694844367605 -1.68635835830139 -1.6969115496159795 
Pedestrian 46 0 -9999.0 -9999.0 -9999.0 -9999.0 1.739259612086605 0.8137808070594968 0.7631092640473314 -4.92271813531828 -2.378899723792268 0.20783367563108007 0.4906424570790122 
Pedestrian 35 0 -9999.0 -9999.0 -9999.0 -9999.0 1.85 0.8455221526426029 0.8055941736449839 -9.020474447202819 3.6586594448643592 0.5399052818880893 -3.013085980627629 
Pedestrian 39 0 -9999.0 -9999.0 -9999.0 -9999.0 1.6992181517554945 0.7236988029930532 0.6130136573276566 -21.837625514047367 3.3127611038160287 1.6548656430523803 -3.0359554256018892 
Pedestrian 49 0 -9999.0 -9999.0 -9999.0 -9999.0 1.8880449392725787 0.7266739568839767 0.719062337692116 -13.350576680356689 -1.8299025285335455 1.0310766450135531 1.7258234739239224 
Pedestrian 51 0 -9999.0 -9999.0 -9999.0 -9999.0 1.7084772160642387 0.6876926218915868 0.6022575416759411 -8.374104344065406 -2.5182804259173635 0.570811690692236 1.7806207929365527 
Pedestrian 50 0 -9999.0 -9999.0 -9999.0 -9999.0 1.6682901068147347 0.7378107948553352 0.6318862957964667 -9.493817145240525 -2.256079473132621 0.5685982242841376 1.774286363237355 
Pedestrian 37 0 -9999.0 -9999.0 -9999.0 -9999.0 1.7674898152527898 0.7851268766529278 0.7077031440696406 -16.95022944433778 3.544948397366103 1.0492723234992627 -2.949582980999004 
Pedestrian 38 0 -9999.0 -9999.0 -9999.0 -9999.0 1.768936684463284 0.7798122203956248 0.6543593384916504 -16.811620956737347 4.2297709652071385 1.0343556937526956 -2.949427702350526 
Pedestrian 48 0 -9999.0 -9999.0 -9999.0 -9999.0 1.8437648405814306 0.63 0.8639507388388924 -12.799328983760123 -1.6615739617209335 1.0000820279275675 0.18306882347876474 
Pedestrian 23 0 -9999.0 -9999.0 -9999.0 -9999.0 1.733985410563253 0.6134757942819711 0.7222749871810963 16.88630076604634 -4.91354688391184 -1.544034097693117 -2.0191023197871907 
