Car 2 0 -9999.0 -9999.0 -9999.0 -9999.0 1.7161032172723623 4.3042446659889535 2.497900330371051 29.59890510324947 0.6054192619791481 -2.6944940423331745 0.07281321653102601 
Pedestrian 26 0 -9999.0 -9999.0 -9999.0 -9999.0 1.8 0.880638232653005 0.7173897124333324 23.670581988252806 -3.5518973075513913 -2.3749263796308777 -2.954805073580406 
Pedestrian 42 0 -9999.0 -9999.0 -9999.0 -9999.0 1.9110630666244788 0.6648425352273584 0.7730646177530336 -27.164679847383503 0.24818236402899418 2.15638788723227 1.1654218381215715 
Pedestrian 41 0 -9999.0 -9999.0 -9999.0 -9999.0 1.7717383253829708 0.6171990397476583 0.6601212154854279 -26.75518108353822 0.7986442543792482 2.0737763703631784 1.1247149098397609 
Pedestrian 1001 0 -9999.0 -9999.0 -9999.0 -9999.0 1.8190235843771385 0.6309324708718423 0.6213012349133786 32.158965440957246 2.756147698812722 -2.7010869238124577 1.5959482666453866 
Pedestrian 765 0 -9999.0 -9999.0 -9999.0 -9999.0 1.765427731387784 0.6045377694180526 0.7280996093110779 30.04317667314333 2.2486880124972215 -2.759199030540928 -0.3043625158140877 
Pedestrian 888 0 -9999.0 -9999.0 -9999.0 -9999.0 1.5366259275535865 0.5877254913696837 0.6357928477663076 12.344263917509446 8.161180600913841 -1.638335530296911 -3.105633847306235 
Pedestrian 3 0 -9999.0 -9999.0 -9999.0 -9999.0 1.6413741868673242 0.9102319618606736 0.749658509723502 7.155237383596073 3.6227251528167494 -1.0199679630325444 -2.86591423304586 
Pedestrian 5 0 -9999.0 -9999.0 -9999.0 -9999.0 1.6467102258502564 0.8504990806290904 0.7324788173464449 6.871066013539627 2.6873105248500178 -0.9259973339827376 0.388513107017217 
Pedestrian 4 0 -9999.0 -9999.0 -9999.0 -9999.0 1.7335733350919327 0.8234084053360446 0.7316008376188541 6.2216573009534555 2.753649315657019 -0.8348809421495945 0.45917029532677844 
Pedestrian 1 0 -9999.0 -9999.0 -9999.0 -9999.0 1.830187787627785 0.8467364901875526 1.030957247409183 2.073589461217911 3.417867541349914 -0.45322308632666247 2.0111038229912968 
Pedestrian 2 0 -9999.0 -9999.0 -9999.0 -9999.0 1.6047004871739794 0.8225193905720728 0.8427564948210492 2.851653335388511 3.821112050926819 -0.6811623190124461 0.4440707538360762 
Pedestrian 6 0 -9999.0 -9999.0 -9999.0 -9999.0 1.8 0.7815797515521649 0.729516349447393 11.488666547243188 -0.611041262380794 -1.0610066829587825 -3.0167461099767756 
Pedestrian 7 0 -9999.0 -9999.0 -9999.0 -9999.0 1.85 0.7446143281153959 0.7378356243838986 11.248925413243633 -1.2975346766365399 -1.02938870950307 -3.0167473323324607 
Pedestrian 9 0 -9999.0 -9999.0 -9999.0 -9999.0 1.7388951330758573 0.762844615165235 0.6125796005267553 13.881593646804188 2.258626617403832 -1.4685230147410133 -3.0736271592917355 
Pedestrian 10 0 -9999.0 -9999.0 -9999.0 -9999.0 1.7238665634959034 0.765649395571576 0.6782236572752955 14.045004276211944 1.6626589681092012 -1.4852579919332773 -3.0728043796320694 
Car 1 0 -9999.0 -9999.0 -9999.0 -9999.0 1.9636838768401188 5.159477280173534 1.9749927503715075 8.451841401945636 -3.1306261812952854 -0.7583822077523048 0.07789770635872095 
Pedestrian 11 0 -9999.0 -9999.0 -9999.0 -9999.0 1.833843394516407 0.888361750840276 0.8547891083331658 26.362750641173474 -0.5165201167335928 -2.496917376006067 -3.070074767695967 
Pedestrian 44 0 -9999.0 -9999.0 -9999.0 -9999.0 1.773026559218124 1 0.9694486388550138 -32.82195337995741 3.7573295812042056 2.5257276696920115 -3.0445453693175946 
Pedestrian 43 0 -9999.0 -9999.0 -9999.0 -9999.0 1.6975355979754738 1 1.115836959245979 -32.939735193204505 2.7284866246600954 2.6070032834846186 -3.0445453658619 
Pedestrian 18 0 -9999.0 -9999.0 -9999.0 -9999.0 1.553791531556044 0.9350978240778415 0.7014189842208715 16.3598351065131 -3.882278853440781 -1.6412952959066045 0.23520653869574204 
Pedestrian 17 0 -9999.0 -9999.0 -9999.0 -9999.0 1.6786936986616088 0.9385842718372612 0.8570610823441984 16.70618623426992 -3.1476857130870037 -1.6048816628349378 0.23243220422750532 
Pedestrian 19 0 -9999.0 -9999.0 -9999.0 -9999.0 1.88766995436284 0.8473523143195599 0.8020167022554571 34.02158861774523 -0.0437774398831975 -2.8220418316454823 -0.013677618317460727 
Pedestrian 20 0 -9999.0 -9999.0 -9999.0 -9999.0 1.8942850025152396 0.7837367986462382 0.6986151564054772 33.6822720228653 -0.8787074801514512 -2.8070098725452595 -0.021949416952804057 
Pedestrian 8 0 -9999.0 -9999.0 -9999.0 -9999.0 1.7182020193881877 0.84040506779357 0.7617142683117479 12.027236272331544 -2.234813518659123 -1.2446291814670796 -3.0698315999438606 
Pedestrian 36 0 -9999.0 -9999.0 -9999.0 -9999.0 1.85 0.8455221526426029 0.7795427445654814 -6.682376508369957 4.634357795033846 0.33035123481550205 -1.9749715122315479 
Pedestrian 1002 0 -9999.0 -9999.0 -9999.0 -9999.0 1.5480067025273518 0.5644233003512866 0.6213012349133786 16.659206110184172 -1.8966394094619445 -1.6840443956172333 -3.043520129541184 
Pedestrian 16 0 -9999.0 -9999.0 -9999.0 -9999.0 1.5480067025273518 0.5644233003512866 0.6213012349133786 16.72352878113085 -2.600479774925943 -1.7214115181610805 -3.0435201594592787 
Pedestrian 34 0 -9999.0 -9999.0 -9999.0 -9999.0 1.8 0.742563890087286 0.7166973150341831 -7.176167828442319 3.6883942847524027 0.470541469711309 2.050261348837875 
Pedestrian 503 0 -9999.0 -9999.0 -9999.0 -9999.0 1.5098862519504819 0.7016892788347073 0.6244449312827264 23.503684244923754 5.013168724262182 -2.33143569955826 2.395193348729382 
Pedestrian 14 0 -9999.0 -9999.0 -9999.0 -9999.0 1.5350666013118595 0.6767124353147551 0.6338965826401189 19.176025813717658 -1.1377148597059001 -1.769753126855058 -3.0523581266822166 
Pedestrian 15 0 -9999.0 -9999.0 -9999.0 -9999.0 1.4995242359067946 0.6433493585685015 0.616020103352135 19.118094029043007 -1.7876108500077674 -1.6813751750887842 -3.050080352078231 
Pedestrian 22 0 -9999.0 -9999.0 -9999.0 -9999.0 1.7272234413230434 0.8930338539667776 0.7589542967325148 18.834537800504904 -4.281916294781459 -1.6401981928769482 -3.015777748370832 
Pedestrian 777 0 -9999.0 -9999.0 -9999.0 -9999.0 1.5601539586488533 0.7742910735758141 0.7734620811052282 -5.090557026154683 -3.109610066509496 0.24077562831958702 0.5429771078219634 
Pedestrian 45 0 -9999.0 -9999.0 -9999.0 -9999.0 1.840803791853019 0.9047965827395252 0.7795427445654814 -3.1375124549148703 -2.0468071449423366 0.18080570433798906 3.1354613119275374 
Car 4 0 -9999.0 -9999.0 -9999.0 -9999.0 2.0589564776245735 4.5 2.044844764170049 -33.20207355346632 6.7188959073671795 2.7164206602420267 0.15975626962034895 
Pedestrian 52 0 -9999.0 -9999.0 -9999.0 -9999.0 1.85 0.8063422351422711 0.648255271894977 -2.0947935078173354 -10.240690858728838 0.3595749002065275 3.0157783739316972 
Pedestrian 53 0 -9999.0 -9999.0 -9999.0 -9999.0 1.85 0.6635819251292966 0.5936944772056624 -0.9997068725231923 -10.92389424497946 0.28653879935205784 2.928476607281148 
Pedestrian 200 0 -9999.0 -9999.0 -9999.0 -9999.0 1.7521106512660325 0.9162872598483918 0.6944942567378337 -21.39155646520633 3.9588255787562154 1.6149996535909288 -3.0359350624338486 
Pedestrian 47 0 -9999.0 -9999.0 -9999.0 -9999.0 1.739259612086605 0.9765708634005151 0.6968829901888434 -5.620278347495577 -2.8324100719148033 0.35294783926172496 0.47760075361943155 
Pedestrian 24 0 -9999.0 -9999.0 -9999.0 -9999.0 1.5665724604937843 0.8256175940025915 0.7327379765104859 17.689195836591306 -4.801138792946042 -1.575259413519314 -1.6969116462847111 
Pedestrian 46 0 -9999.0 -9999.0 -9999.0 -9999.0 1.739259612086605 0.8137808070594968 0.7631092640473314 -5.212977059397819 -2.270298878080398 0.3395490792785115 0.4906424570790122 
Pedestrian 35 0 -9999.0 -9999.0 -9999.0 -9999.0 1.85 0.8455221526426029 0.8055941736449839 -8.606463040991196 3.542163631511389 0.5277495838222278 -3.056796230268784 
Pedestrian 39 0 -9999.0 -9999.0 -9999.0 -9999.0 1.6992181517554945 0.7236988029930532 0.6130136573276566 -21.374894986224728 3.2912514550519085 1.6090080304387075 -3.0358725542793756 
Pedestrian 49 0 -9999.0 -9999.0 -9999.0 -9999.0 1.8880449392725787 0.7266739568839767 0.719062337692116 -13.371315553487392 -1.9354314337180223 1.0567860879798392 1.317664336830541 
Pedestrian 51 0 -9999.0 -9999.0 -9999.0 -9999.0 1.7084772160642387 0.6876926218915868 0.6022575416759411 -8.419702361527289 -2.4182755459138203 0.605065356032709 1.7806207929365527 
Pedestrian 50 0 -9999.0 -9999.0 -9999.0 -9999.0 1.6682901068147347 0.7378107948553352 0.6318862957964667 -9.485554922568197 -2.225204987434774 0.5904386028208224 1.774286363237355 
Pedestrian 37 0 -9999.0 -9999.0 -9999.0 -9999.0 1.7674898152527898 0.7851268766529278 0.7077031440696406 -16.544733858459345 3.5900500378817273 1.2091949889967741 -2.9489971685695657 
Pedestrian 38 0 -9999.0 -9999.0 -9999.0 -9999.0 1.768936684463284 0.7798122203956248 0.6543593384916504 -16.427362842631968 4.2614975012099165 1.188898305232666 -2.9494135059049533 
Pedestrian 48 0 -9999.0 -9999.0 -9999.0 -9999.0 1.8437648405814306 0.63 0.8639507388388924 -12.812399049239207 -1.6252705630529487 1.0230239907666587 0.18306882410517744 
Pedestrian 23 0 -9999.0 -9999.0 -9999.0 -9999.0 1.733985410563253 0.6134757942819711 0.7222749871810963 16.88996238778468 -4.9067884666467085 -1.4674364061789869 -2.0191023197871907 
