Car 2 0 -9999.0 -9999.0 -9999.0 -9999.0 1.7161032172723623 4.3042446659889535 2.497900330371051 29.70524013573306 1.172775408706753 -0.8999634035779516 0.07281321653102601 
Pedestrian 26 0 -9999.0 -9999.0 -9999.0 -9999.0 1.8 0.880638232653005 0.7173897124333324 42.637173216303296 -3.6507205902521824 -2.0649410464102607 -2.954805073580406 
Pedestrian 25 0 -9999.0 -9999.0 -9999.0 -9999.0 1.8 0.880638232653005 0.7173897124333324 42.73843852647628 -2.9073713655408016 -2.0467144739095064 -2.954805073580406 
Car 3 0 -9999.0 -9999.0 -9999.0 -9999.0 1.4301220212552401 4 1.8633935758759457 55.67223604645653 -0.20671708495243807 -3.1787155561663005 -3.0521482483721982 
Pedestrain_sitting 21 0 -9999.0 -9999.0 -9999.0 -9999.0 0.9170967942404316 0.6239191457374971 0.6351946031908755 11.809972615013203 5.243380829223384 0.9094067541032054 0.1281032416034229 
Pedestrian 601 0 -9999.0 -9999.0 -9999.0 -9999.0 1.7334194695403702 0.5901000815388179 0.5961420748625704 18.64445149966311 14.285134249930714 0.3820305215065182 1.6689179777696257 
Pedestrian 600 0 -9999.0 -9999.0 -9999.0 -9999.0 1.8985119489706095 0.7891492470282006 0.774319038074053 17.458535585329994 11.928174265152416 0.7286480351926574 -1.6404632147828409 
Pedestrian 1006 0 -9999.0 -9999.0 -9999.0 -9999.0 1.8319269034634074 0.7746621567225385 0.7296367421575172 26.74203411444242 -4.780200018183911 -0.7098790374397361 -0.2238743181194831 
Pedestrian 1005 0 -9999.0 -9999.0 -9999.0 -9999.0 1.7182020193881877 0.7271215203340413 0.7172417616036824 26.762576735484654 -4.254015139056564 -0.7327688410325376 -0.2156610854239034 
Pedestrian 500 0 -9999.0 -9999.0 -9999.0 -9999.0 1.6591565719904136 0.5920739440172947 0.5901695475559555 22.53451784393503 6.430535974739915 0.20242168207444675 0.5475776818638334 
Pedestrian 999 0 -9999.0 -9999.0 -9999.0 -9999.0 1.7478363069824068 0.6324640994580073 0.6450381271264 20.593680947354283 6.072693451966086 0.2558426578336456 2.2191454145663094 
Pedestrian 1001 0 -9999.0 -9999.0 -9999.0 -9999.0 1.8190235843771385 0.6309324708718423 0.6213012349133786 32.43629119426106 2.83584381833168 -0.9343560839451023 1.5959482666453866 
Pedestrian 888 0 -9999.0 -9999.0 -9999.0 -9999.0 1.5366259275535865 0.5877254913696837 0.6357928477663076 10.871330338287285 6.468753867031737 1.281179235900627 -0.41812957609783297 
Pedestrian 223 0 -9999.0 -9999.0 -9999.0 -9999.0 1.7272234413230434 0.6942712320825266 0.6155335882708507 37.3042703429017 -7.03617867476196 -1.7663170336264051 0.6419837606293735 
Pedestrian 3 0 -9999.0 -9999.0 -9999.0 -9999.0 1.6413741868673242 0.9102319618606736 0.749658509723502 26.79019759465001 0.032698593999182755 -0.6146567656615702 -2.673543896273822 
Pedestrian 5 0 -9999.0 -9999.0 -9999.0 -9999.0 1.6467102258502564 0.8504990806290904 0.946862823709426 -3.859356546062294 2.793520031922621 2.2922305458158436 0.05556883992254669 
Pedestrian 4 0 -9999.0 -9999.0 -9999.0 -9999.0 1.7335733350919327 0.8234084053360446 0.7316008376188541 -3.8166465437000734 3.7410865117806025 2.326632457546882 0.07151788528662983 
Pedestrian 1 0 -9999.0 -9999.0 -9999.0 -9999.0 1.830187787627785 0.8467364901875526 1.030957247409183 0.6682177997434074 4.1876368330058895 1.7912527357367165 0.37158471673889437 
Pedestrian 2 0 -9999.0 -9999.0 -9999.0 -9999.0 1.6047004871739794 0.8225193905720728 0.8427564948210492 -0.5772139374868588 5.225549994658967 1.7729844008149271 1.984059052273544 
Pedestrian 6 0 -9999.0 -9999.0 -9999.0 -9999.0 1.8 0.7815797515521649 0.729516349447393 30.571248512291884 -3.045959908641892 -1.1189248255492652 -3.016788347569884 
Pedestrian 10 0 -9999.0 -9999.0 -9999.0 -9999.0 1.7238665634959034 0.765649395571576 0.6782236572752955 20.334515518596497 2.719236499111714 -0.04356298745641871 -3.030587291187702 
Car 1 0 -9999.0 -9999.0 -9999.0 -9999.0 1.9636838768401188 5.159477280173534 1.9749927503715075 8.627151886824638 -3.103354398117543 1.1812795925993167 0.07789770970793608 
Pedestrian 11 0 -9999.0 -9999.0 -9999.0 -9999.0 1.833843394516407 0.888361750840276 0.8547891083331658 53.64928164338049 -2.4218801559256176 -2.962833558707566 -3.0700746524658555 
Pedestrian 44 0 -9999.0 -9999.0 -9999.0 -9999.0 1.773026559218124 1 0.9694486388550138 -7.702019644650088 1.8332151999690975 2.4573763922625833 -3.0445454061045716 
Pedestrian 18 0 -9999.0 -9999.0 -9999.0 -9999.0 1.553791531556044 0.9350978240778415 0.7014189842208715 2.4770148677183736 -1.0361388739402133 1.5020109661017362 0.0228561469600983 
Pedestrian 17 0 -9999.0 -9999.0 -9999.0 -9999.0 1.6786936986616088 0.9385842718372612 0.8570610823441984 2.00511261861268 -0.29219985842251867 1.6294048915700705 0.02099676444383114 
Pedestrian 19 0 -9999.0 -9999.0 -9999.0 -9999.0 1.88766995436284 0.8473523143195599 0.8020167022554571 20.846824537585164 1.6109504319637664 0.01904119940699621 0.053082717313095884 
Pedestrian 20 0 -9999.0 -9999.0 -9999.0 -9999.0 1.8942850025152396 0.7837367986462382 0.6986151564054772 20.477300253043037 1.1300289418208658 0.07516567429610774 0.06964617892483638 
Pedestrian 8 0 -9999.0 -9999.0 -9999.0 -9999.0 1.7182020193881877 0.84040506779357 0.7617142683117479 27.785499525332785 -3.316152252449242 -0.6771602936889676 3.0733065300901607 
Pedestrian 36 0 -9999.0 -9999.0 -9999.0 -9999.0 1.85 0.8455221526426029 0.7795427445654814 -6.187551939717664 5.252247423148276 2.133245533296716 -1.1350935540575087 
Pedestrian 1002 0 -9999.0 -9999.0 -9999.0 -9999.0 1.5480067025273518 0.5644233003512866 0.6213012349133786 37.55649786903104 -2.812972001074654 -1.720657336265688 -3.043520129541184 
Pedestrian 16 0 -9999.0 -9999.0 -9999.0 -9999.0 1.5480067025273518 0.5644233003512866 0.6213012349133786 37.550437348828126 -3.7222999370906957 -1.6507513744752869 -3.0435201594592787 
Pedestrian 34 0 -9999.0 -9999.0 -9999.0 -9999.0 1.8 0.742563890087286 0.7166973150341831 -7.108325434731584 5.207570293851263 2.1329738125880677 -1.2337196666267545 
Pedestrian 28 0 -9999.0 -9999.0 -9999.0 -9999.0 1.9344750647178444 0.9180852004756592 0.7505107045290647 34.77416918296158 -0.8343676422775801 -1.222282241504083 0.005317858512576379 
Pedestrian 29 0 -9999.0 -9999.0 -9999.0 -9999.0 1.914706511234499 0.9112747753301017 0.7505107045290647 34.73824282886314 -0.13540203422815375 -1.2190431928474506 0.005317858512576379 
Pedestrian 22 0 -9999.0 -9999.0 -9999.0 -9999.0 1.7272234413230434 0.8930338539667776 0.7589542967325148 29.52326785311531 -5.671480914518149 -1.0771485614663088 -2.291580002692422 
Pedestrian 502 0 -9999.0 -9999.0 -9999.0 -9999.0 1.5580631857725595 0.6324640994580073 0.6231826615974934 23.165848136641866 5.771904753208971 -0.06941272421745759 2.285357519140046 
Pedestrian 45 0 -9999.0 -9999.0 -9999.0 -9999.0 1.840803791853019 0.9047965827395252 0.7795427445654814 14.443741718881881 -3.6143555358221997 0.47813484201011924 -2.9679753281159567 
Pedestrain_sitting 20 0 -9999.0 -9999.0 -9999.0 -9999.0 0.9288023059382893 0.630173997091732 0.7116151379014846 10.922680460027038 5.325031767143537 0.9433222173091652 -3.033526437383692 
Pedestrian 30 0 -9999.0 -9999.0 -9999.0 -9999.0 1.6574581668813668 0.5844020196858356 0.6601390122619767 51.18983152256404 -2.703552351317817 -2.9027298045354635 0.18860557020244073 
Pedestrian 200 0 -9999.0 -9999.0 -9999.0 -9999.0 1.7521106512660325 0.9162872598483918 0.6944942567378337 -0.8663793402134305 2.3314600185538827 1.8738167683115827 -3.004381658213646 
Pedestrian 24 0 -9999.0 -9999.0 -9999.0 -9999.0 1.5665724604937843 0.8256175940025915 0.7327379765104859 20.726273230022514 -5.148552867132857 -0.19360786525841017 0.4167151985274744 
Pedestrian 35 0 -9999.0 -9999.0 -9999.0 -9999.0 1.85 0.8455221526426029 0.8055941736449839 9.88307691820494 3.810229194788934 0.8290082013417897 -3.0817746350703406 
Pedestrian 31 0 -9999.0 -9999.0 -9999.0 -9999.0 1.6183186744299025 0.6340866970656824 0.5322695037304019 53.65544609028768 -1.705259695115963 -3.2213950042703785 -3.0553355148965053 
Pedestrian 32 0 -9999.0 -9999.0 -9999.0 -9999.0 1.6264157795512513 0.6356555012147109 0.5322695037304019 53.698239524029 -1.163559871120321 -3.197150795273033 -3.056922019186569 
Pedestrian 33 0 -9999.0 -9999.0 -9999.0 -9999.0 1.85 1.011633098401595 1.1292297078013385 42.05791502056839 -5.918921220818253 -1.9492053846654334 0.352434383267509 
Pedestrian 39 0 -9999.0 -9999.0 -9999.0 -9999.0 1.6992181517554945 0.7236988029930532 0.6130136573276566 -0.778496800268901 1.673120603410427 1.8519547955595261 -3.0043816745820813 
Pedestrian 50 0 -9999.0 -9999.0 -9999.0 -9999.0 1.6682901068147347 0.7378107948553352 0.6318862957964667 -9.19928273053398 -1.5866137130033398 2.5760024039818203 1.774286363237355 
Pedestrian 37 0 -9999.0 -9999.0 -9999.0 -9999.0 1.7674898152527898 0.7851268766529278 0.7077031440696406 -0.7333200279621888 -1.1873150413555729 1.788546632533743 -1.5467629934060678 
Pedestrian 38 0 -9999.0 -9999.0 -9999.0 -9999.0 1.768936684463284 0.7798122203956248 0.6543593384916504 0.0018274180283184395 -1.2945769669337048 1.7555273476501307 -1.5467629684620086 
Pedestrian 48 0 -9999.0 -9999.0 -9999.0 -9999.0 1.8437648405814306 0.63 0.8639507388388924 -12.685817976994736 -1.795173874033795 2.521816944979979 0.18306880697216155 
Pedestrain_sitting 557 0 -9999.0 -9999.0 -9999.0 -9999.0 1.3003415906177906 0.5495013160563614 0.4849281347249202 22.43823127654215 -8.815087464530928 -0.06554501364392162 -0.004784571024771367 
Pedestrain_sitting 556 0 -9999.0 -9999.0 -9999.0 -9999.0 1.3003415906177906 0.5495013160563614 0.4849281347249202 21.06324109658443 -8.65926170065683 -0.07118820322853425 3.1368080825650217 
Pedestrain_sitting 555 0 -9999.0 -9999.0 -9999.0 -9999.0 1.3003415906177906 0.5495013160563614 0.4849281347249202 21.043802365178973 -7.969387889423857 -0.07118820322853414 3.1368080825650217 
Pedestrian 23 0 -9999.0 -9999.0 -9999.0 -9999.0 1.733985410563253 0.6134757942819711 0.7222749871810963 17.202212887894223 -4.8511833617142175 0.2035565366448947 -2.0191023197871907 
