Car 2 0 -9999.0 -9999.0 -9999.0 -9999.0 1.7161032172723623 4.3042446659889535 2.497900330371051 29.694308773861962 1.3759013784318361 -2.09987024236369 0.07281321653102601 
Pedestrian 26 0 -9999.0 -9999.0 -9999.0 -9999.0 1.8 0.880638232653005 0.7173897124333324 29.3802430267991 -3.9195557421327125 -2.0929154963951695 -2.954805073580406 
Pedestrian 25 0 -9999.0 -9999.0 -9999.0 -9999.0 1.8 0.880638232653005 0.7173897124333324 29.47570189751196 -3.1810133372108798 -2.1013100090494374 -2.954805073580406 
Car 3 0 -9999.0 -9999.0 -9999.0 -9999.0 1.4301220212552401 4 1.8633935758759457 55.47567864072314 -0.18908908985428996 -3.4511810859756546 -3.0521482483721982 
Pedestrian 42 0 -9999.0 -9999.0 -9999.0 -9999.0 1.9110630666244788 0.6648425352273584 0.7730646177530336 -27.14457126546369 0.2521508859566489 2.9166990128745964 1.4312506301556986 
Pedestrian 41 0 -9999.0 -9999.0 -9999.0 -9999.0 1.7717383253829708 0.6171990397476583 0.6601212154854279 -26.79675516388733 0.6982683893917647 2.8287389464872947 1.4508598069600689 
Pedestrain_sitting 21 0 -9999.0 -9999.0 -9999.0 -9999.0 0.9170967942404316 0.6239191457374971 0.6351946031908755 11.72593780494824 5.24267156102493 -0.5652645087908242 0.12960251709910153 
Pedestrian 702 0 -9999.0 -9999.0 -9999.0 -9999.0 1.7242744269198185 0.63 0.6898739737048278 -37.92530907199625 5.419234547105475 3.8691145503822657 -3.00732011091074 
Pedestrian 703 0 -9999.0 -9999.0 -9999.0 -9999.0 1.7717383253829708 0.63 0.6566716672544799 -37.78066110242226 6.1450053365098105 3.927186272599879 -3.00732011091074 
Pedestrian 1001 0 -9999.0 -9999.0 -9999.0 -9999.0 1.8190235843771385 0.6309324708718423 0.6213012349133786 32.07856220920008 2.8836052449295035 -2.126837428202379 1.5959482664924192 
Pedestrian 765 0 -9999.0 -9999.0 -9999.0 -9999.0 1.765427731387784 0.6045377694180526 0.7280996093110779 29.394450239461644 2.4050088489608146 -1.9884624793271597 -1.6769909832233338 
Pedestrian 888 0 -9999.0 -9999.0 -9999.0 -9999.0 1.5366259275535865 0.5877254913696837 0.6357928477663076 13.61917669740016 8.014022052420897 -0.5684163782755334 -3.100666148097474 
Pedestrian 223 0 -9999.0 -9999.0 -9999.0 -9999.0 1.7272234413230434 0.6942712320825266 0.6155335882708507 37.377203789712695 -6.89747079825751 -2.610085519024773 0.6419837448351604 
Pedestrian 3 0 -9999.0 -9999.0 -9999.0 -9999.0 1.6413741868673242 0.9102319618606736 0.749658509723502 13.321479514481254 2.4033435219861192 -0.7311006555581248 -2.8659142330458973 
Pedestrian 5 0 -9999.0 -9999.0 -9999.0 -9999.0 1.6467102258502564 0.8504990806290904 0.946862823709426 4.238191355723385 2.6193575416257877 0.1109244557382936 0.4520957614977261 
Pedestrian 4 0 -9999.0 -9999.0 -9999.0 -9999.0 1.7335733350919327 0.8234084053360446 0.7316008376188541 2.62892696448873 2.8972806933951643 0.27529662950021755 0.11075820183934404 
Pedestrian 1 0 -9999.0 -9999.0 -9999.0 -9999.0 1.830187787627785 0.8467364901875526 1.030957247409183 2.166471774752567 3.4758454852477256 0.3415927847061247 -3.068223533652503 
Pedestrian 2 0 -9999.0 -9999.0 -9999.0 -9999.0 1.6047004871739794 0.8225193905720728 0.8427564948210492 3.0472199253229237 3.7724522656971304 0.1253528733069703 0.44405779402629086 
Pedestrian 6 0 -9999.0 -9999.0 -9999.0 -9999.0 1.8 0.7815797515521649 0.729516349447393 17.211895467682055 -1.3201855641736324 -0.960474899646226 -3.0167455567492407 
Pedestrian 7 0 -9999.0 -9999.0 -9999.0 -9999.0 1.85 0.7446143281153959 0.7378356243838986 16.84938312373114 -2.0116465732851387 -0.9339515156853918 -3.0167473323324607 
Pedestrian 9 0 -9999.0 -9999.0 -9999.0 -9999.0 1.7388951330758573 0.762844615165235 0.6125796005267553 17.436471408952674 2.1409646683041443 -1.0136058979481803 2.809331155006509 
Pedestrian 10 0 -9999.0 -9999.0 -9999.0 -9999.0 1.7238665634959034 0.765649395571576 0.6782236572752955 17.938966191955032 1.7294221835039063 -1.0677857095113956 2.809398046852383 
Car 1 0 -9999.0 -9999.0 -9999.0 -9999.0 1.9636838768401188 5.159477280173534 1.9749927503715075 8.443002870471743 -3.099804214899216 -0.031256896621455144 0.07789770989696976 
Pedestrian 11 0 -9999.0 -9999.0 -9999.0 -9999.0 1.833843394516407 0.888361750840276 0.8547891083331658 34.65653824947764 -1.4472282666779952 -2.615545299426938 -3.070074782564989 
Pedestrian 44 0 -9999.0 -9999.0 -9999.0 -9999.0 1.773026559218124 1 0.9694486388550138 -24.93471639480378 3.297554544338047 2.710153513040612 -3.043971926423305 
Pedestrian 43 0 -9999.0 -9999.0 -9999.0 -9999.0 1.6975355979754738 1 1.115836959245979 -25.033632596673492 2.257744369496163 2.7238560437012547 -3.043916997919201 
Pedestrian 18 0 -9999.0 -9999.0 -9999.0 -9999.0 1.553791531556044 0.9350978240778415 0.7014189842208715 10.92401963284707 -2.190287980251507 -0.4627348312052017 0.31469667048553873 
Pedestrian 17 0 -9999.0 -9999.0 -9999.0 -9999.0 1.6786936986616088 0.9385842718372612 0.8570610823441984 11.488609941770699 -1.6438531974979282 -0.4430270721713665 0.3947331613194862 
Pedestrian 19 0 -9999.0 -9999.0 -9999.0 -9999.0 1.88766995436284 0.8473523143195599 0.8020167022554571 29.605756148983303 -0.2990900594013026 -1.9700761544453982 -0.009180579752795737 
Pedestrian 20 0 -9999.0 -9999.0 -9999.0 -9999.0 1.8942850025152396 0.7837367986462382 0.6986151564054772 29.216464312390436 -0.7496731623349424 -2.027654841593498 -0.014634483232750739 
Pedestrian 8 0 -9999.0 -9999.0 -9999.0 -9999.0 1.7182020193881877 0.84040506779357 0.7617142683117479 16.640755518213012 -3.0106101836753703 -0.8898339336588573 -3.0404191277902957 
Pedestrian 36 0 -9999.0 -9999.0 -9999.0 -9999.0 1.85 0.8455221526426029 0.7795427445654814 -6.293869976991818 5.097155010493725 1.1602521188760078 -1.1350232328617 
Pedestrian 1002 0 -9999.0 -9999.0 -9999.0 -9999.0 1.5480067025273518 0.5644233003512866 0.6213012349133786 22.80074430089962 -2.79060829330172 -1.3881775962452971 -3.043520129541184 
Pedestrian 16 0 -9999.0 -9999.0 -9999.0 -9999.0 1.5480067025273518 0.5644233003512866 0.6213012349133786 22.61222980819849 -3.5799665722767045 -1.4158298664426467 -3.043520124672053 
Pedestrian 34 0 -9999.0 -9999.0 -9999.0 -9999.0 1.8 0.742563890087286 0.7166973150341831 -7.174786998096178 5.420842544525268 1.2397257320450665 -1.2349158944049243 
Pedestrian 503 0 -9999.0 -9999.0 -9999.0 -9999.0 1.5098862519504819 0.7016892788347073 0.6244449312827264 23.629550435030303 5.221692069994481 -1.5479476952151823 2.395193348729382 
Pedestrian 14 0 -9999.0 -9999.0 -9999.0 -9999.0 1.5350666013118595 0.6767124353147551 0.6338965826401189 23.72201753554354 0.5841797450166013 -1.5667458737609 2.145599882747417 
Pedestrian 15 0 -9999.0 -9999.0 -9999.0 -9999.0 1.4995242359067946 0.6433493585685015 0.616020103352135 24.13452759683125 0.16322002392420254 -1.566293421660935 2.133452622124441 
Pedestrian 22 0 -9999.0 -9999.0 -9999.0 -9999.0 1.7272234413230434 0.8930338539667776 0.7589542967325148 22.423255186890227 -4.158218635121152 -1.3605346979260338 -3.0159468733340073 
Pedestrian 777 0 -9999.0 -9999.0 -9999.0 -9999.0 1.5601539586488533 0.7742910735758141 0.7734620811052282 -10.562027536063516 0.8703578859456321 1.4787239384874207 -0.06048239388910304 
Pedestrian 502 0 -9999.0 -9999.0 -9999.0 -9999.0 1.5580631857725595 0.6324640994580073 0.6231826615974934 22.989461753635517 5.639582914607228 -1.516562042674517 2.3848309361091466 
Pedestrian 45 0 -9999.0 -9999.0 -9999.0 -9999.0 1.840803791853019 0.9047965827395252 0.7795427445654814 2.822993859701899 -2.047809338792636 0.4007490533916736 3.1354613119286547 
Pedestrain_sitting 20 0 -9999.0 -9999.0 -9999.0 -9999.0 0.9288023059382893 0.630173997091732 0.7116151379014846 10.901681360768826 5.30911363712141 -0.44976537483637374 -3.0334628569488338 
Car 4 0 -9999.0 -9999.0 -9999.0 -9999.0 2.0589564776245735 4.5 2.044844764170049 -33.36823206546972 6.8099725484387745 3.5399800166262736 0.15975626962034895 
Pedestrian 200 0 -9999.0 -9999.0 -9999.0 -9999.0 1.7521106512660325 0.9162872598483918 0.6944942567378337 -15.015013396779477 3.4764024753954375 1.8147720351089176 -3.0374631778697836 
Pedestrian 47 0 -9999.0 -9999.0 -9999.0 -9999.0 1.739259612086605 0.9765708634005151 0.6968829901888434 -10.77208033028706 -0.5370478856748186 1.54910864353286 0.12501669077813649 
Pedestrian 24 0 -9999.0 -9999.0 -9999.0 -9999.0 1.5665724604937843 0.8256175940025915 0.7327379765104859 17.713540391816068 -4.835402560041618 -1.114750983395494 -1.6969208088483931 
Pedestrian 46 0 -9999.0 -9999.0 -9999.0 -9999.0 1.739259612086605 0.8137808070594968 0.7631092640473314 -10.703842686847663 0.0902112141978455 1.549616814323667 0.1485509206651967 
Pedestrian 35 0 -9999.0 -9999.0 -9999.0 -9999.0 1.85 0.8455221526426029 0.8055941736449839 -2.1664776831669865 4.9551679493931475 0.7574500902705638 -3.0864176448837117 
Pedestrian 39 0 -9999.0 -9999.0 -9999.0 -9999.0 1.6992181517554945 0.7236988029930532 0.6130136573276566 -15.089434778504673 2.8660094644951997 1.854350423519126 -3.0372222763272116 
Pedestrian 49 0 -9999.0 -9999.0 -9999.0 -9999.0 1.8880449392725787 0.7266739568839767 0.719062337692116 -13.383758431816858 -2.0450335220869365 1.7405377150158021 1.1334865662548594 
Pedestrian 51 0 -9999.0 -9999.0 -9999.0 -9999.0 1.7084772160642387 0.6876926218915868 0.6022575416759411 -8.62823036695471 -2.4233649813795766 1.3949749762671413 1.7806207929365527 
Pedestrian 50 0 -9999.0 -9999.0 -9999.0 -9999.0 1.6682901068147347 0.7378107948553352 0.6318862957964667 -9.298244449645972 -2.138762010813937 1.3729506770161213 1.774286363237355 
Pedestrian 37 0 -9999.0 -9999.0 -9999.0 -9999.0 1.7674898152527898 0.7851268766529278 0.7077031440696406 -10.402943480636988 3.0163591704252313 1.4315509445103705 -2.9500055665132248 
Pedestrian 38 0 -9999.0 -9999.0 -9999.0 -9999.0 1.768936684463284 0.7798122203956248 0.6543593384916504 -10.438074563334798 3.694369413357236 1.403880567664374 -2.9496473706393047 
Pedestrian 48 0 -9999.0 -9999.0 -9999.0 -9999.0 1.8437648405814306 0.63 0.8639507388388924 -12.790046949579617 -1.6899805577295446 1.713157097413439 0.18306791749455797 
Pedestrain_sitting 555 0 -9999.0 -9999.0 -9999.0 -9999.0 1.3003415906177906 0.5495013160563614 0.4849281347249202 21.202386083504372 -7.864705316252378 -1.2669381960808133 3.1368080825650217 
Pedestrian 23 0 -9999.0 -9999.0 -9999.0 -9999.0 1.733985410563253 0.6134757942819711 0.7222749871810963 16.987157349296268 -4.841418368394616 -1.0119710702420557 -2.0191023197871907 
