Pedestrian 12 0 -9999.0 -9999.0 -9999.0 -9999.0 1.85 0.6601961343208707 0.6325646732376861 24.88588086490842 2.5675665539224863 -2.479640219543066 1.609268270430757 
Pedestrian 13 0 -9999.0 -9999.0 -9999.0 -9999.0 1.85 0.6324640994580073 0.5664825239758708 25.494814378205174 2.307548388207578 -2.4643936526115353 1.609268273179044 
Car 2 0 -9999.0 -9999.0 -9999.0 -9999.0 1.7161032172723623 4.3042446659889535 2.497900330371051 29.679532030342074 0.8269570506391836 -2.9383757190128157 0.07281321653102601 
Pedestrian 26 0 -9999.0 -9999.0 -9999.0 -9999.0 1.8 0.880638232653005 0.7173897124333324 22.734272015402244 -3.4078334487044843 -2.3859324047539143 -2.954805073580406 
Pedestrian 42 0 -9999.0 -9999.0 -9999.0 -9999.0 1.9110630666244788 0.6648425352273584 0.7730646177530336 -27.333178227687704 0.13722450594250638 2.0859350707159714 1.1634182218201614 
Pedestrian 41 0 -9999.0 -9999.0 -9999.0 -9999.0 1.7717383253829708 0.6171990397476583 0.6601212154854279 -26.805131925466213 0.513564239575695 2.0031256328592315 1.1247206938938277 
Pedestrian 1001 0 -9999.0 -9999.0 -9999.0 -9999.0 1.8190235843771385 0.6309324708718423 0.6213012349133786 32.11100015363132 2.8221920354929466 -2.781485018489005 1.5959482532602207 
Pedestrian 765 0 -9999.0 -9999.0 -9999.0 -9999.0 1.765427731387784 0.6045377694180526 0.7280996093110779 31.10889564082607 2.299277887800819 -2.9785798251817064 -0.04216350261542523 
Pedestrian 888 0 -9999.0 -9999.0 -9999.0 -9999.0 1.5366259275535865 0.5877254913696837 0.6357928477663076 12.42861418468356 8.096890424532305 -1.8492892517032373 -3.1055055320029297 
Pedestrian 3 0 -9999.0 -9999.0 -9999.0 -9999.0 1.6413741868673242 0.9102319618606736 0.749658509723502 6.110439801730483 3.7053681731753265 -1.02365351051572 -2.86591423304586 
Pedestrian 5 0 -9999.0 -9999.0 -9999.0 -9999.0 1.6467102258502564 0.8504990806290904 0.7324788173464449 7.288238431674279 2.4518285733808933 -1.0329420823253237 0.3489676375919206 
Pedestrian 4 0 -9999.0 -9999.0 -9999.0 -9999.0 1.7335733350919327 0.8234084053360446 0.7316008376188541 6.710310299445951 2.6709028761164864 -1.0231596891651735 0.3571369983070838 
Pedestrian 1 0 -9999.0 -9999.0 -9999.0 -9999.0 1.830187787627785 0.8467364901875526 1.030957247409183 1.9437326156219243 3.2892657287149207 -0.49554488361409604 0.3688967568992023 
Pedestrian 2 0 -9999.0 -9999.0 -9999.0 -9999.0 1.6047004871739794 0.8225193905720728 0.8427564948210492 2.88710608332028 3.859871646127509 -0.7294156211299062 0.44407075094296644 
Pedestrian 6 0 -9999.0 -9999.0 -9999.0 -9999.0 1.8 0.7815797515521649 0.729516349447393 10.423351031359848 -0.6681051138715199 -1.1163871605122542 -3.01674611071563 
Pedestrian 7 0 -9999.0 -9999.0 -9999.0 -9999.0 1.85 0.7446143281153959 0.7378356243838986 10.161408950081796 -1.1825620624016 -1.0886143787609013 -3.0167473323324607 
Pedestrian 9 0 -9999.0 -9999.0 -9999.0 -9999.0 1.7388951330758573 0.762844615165235 0.6125796005267553 13.26553076825695 2.4926481266202796 -1.56275100938101 -3.0741379170081498 
Pedestrian 10 0 -9999.0 -9999.0 -9999.0 -9999.0 1.7238665634959034 0.765649395571576 0.6782236572752955 13.357775946969541 1.9230148267212488 -1.5689569937942847 -3.070887657876039 
Car 1 0 -9999.0 -9999.0 -9999.0 -9999.0 1.9636838768401188 5.159477280173534 1.9749927503715075 8.466570644877574 -3.1551435890215336 -0.9309628495895534 0.07789770458094392 
Pedestrian 11 0 -9999.0 -9999.0 -9999.0 -9999.0 1.833843394516407 0.888361750840276 0.8547891083331658 24.93793941405004 -0.27624561730122255 -2.4312681813822414 -3.070074768123064 
Pedestrian 44 0 -9999.0 -9999.0 -9999.0 -9999.0 1.773026559218124 1 0.9694486388550138 -34.19088926060227 3.7112794064030226 2.669105717708234 -3.044545395768626 
Pedestrian 43 0 -9999.0 -9999.0 -9999.0 -9999.0 1.6975355979754738 1 1.115836959245979 -34.29866399086927 2.718941999526483 2.609267081703399 -3.0445453963109816 
Pedestrian 18 0 -9999.0 -9999.0 -9999.0 -9999.0 1.553791531556044 0.9350978240778415 0.7014189842208715 17.369248928708263 -3.7033546555851444 -1.6827180722343276 0.19555961243297482 
Pedestrian 19 0 -9999.0 -9999.0 -9999.0 -9999.0 1.88766995436284 0.8473523143195599 0.8020167022554571 34.68753928375121 -0.0776757117562825 -3.0414684868349853 -0.01377256766041235 
Pedestrian 20 0 -9999.0 -9999.0 -9999.0 -9999.0 1.8942850025152396 0.7837367986462382 0.6986151564054772 34.39836002033846 -0.9438022699068759 -3.0330401969327943 -0.02316204257467902 
Pedestrian 8 0 -9999.0 -9999.0 -9999.0 -9999.0 1.7182020193881877 0.84040506779357 0.7617142683117479 11.428313970390713 -1.9031223761683544 -1.261850195830468 -3.070128580789188 
Pedestrian 36 0 -9999.0 -9999.0 -9999.0 -9999.0 1.85 0.8455221526426029 0.7795427445654814 -6.6431210363533495 4.57546675787275 0.2924101935810694 -2.2586530792734134 
Pedestrian 1002 0 -9999.0 -9999.0 -9999.0 -9999.0 1.5480067025273518 0.5644233003512866 0.6213012349133786 15.638771879073527 -1.8198098652239694 -1.7536083825481361 -3.043520129541184 
Pedestrian 16 0 -9999.0 -9999.0 -9999.0 -9999.0 1.5480067025273518 0.5644233003512866 0.6213012349133786 15.306172033288338 -2.3912569413849054 -1.6998021072446674 -3.0435201416027766 
Pedestrian 34 0 -9999.0 -9999.0 -9999.0 -9999.0 1.8 0.742563890087286 0.7166973150341831 -7.253349817855744 3.290334973825006 0.31184895723178324 3.13286819205622 
Pedestrian 503 0 -9999.0 -9999.0 -9999.0 -9999.0 1.5098862519504819 0.7016892788347073 0.6244449312827264 23.369187608463367 5.043434126591862 -2.570405735216518 2.395193348729382 
Pedestrian 15 0 -9999.0 -9999.0 -9999.0 -9999.0 1.4995242359067946 0.6433493585685015 0.616020103352135 18.04299993743083 -1.6636822060932128 -1.6272609917598921 -3.0274750184973875 
Pedestrian 22 0 -9999.0 -9999.0 -9999.0 -9999.0 1.7272234413230434 0.8930338539667776 0.7589542967325148 18.19249068665301 -4.104773817212023 -1.623016404176501 -3.015779942798563 
Pedestrian 777 0 -9999.0 -9999.0 -9999.0 -9999.0 1.5601539586488533 0.7742910735758141 0.7734620811052282 -4.335033259793336 -3.4076066810603347 0.08530169886331154 0.5458746519550415 
Pedestrian 45 0 -9999.0 -9999.0 -9999.0 -9999.0 1.840803791853019 0.9047965827395252 0.7795427445654814 -4.081287474573166 -1.9095156670280096 0.15071843885720262 3.1354613119275374 
Car 4 0 -9999.0 -9999.0 -9999.0 -9999.0 2.0589564776245735 4.5 2.044844764170049 -33.399991236346004 6.735333717450099 2.8139724696250217 0.15975626962034895 
Pedestrian 52 0 -9999.0 -9999.0 -9999.0 -9999.0 1.85 0.8063422351422711 0.648255271894977 -1.9631477888354638 -10.216926538245184 0.2276965004764262 3.0157783739316972 
Pedestrian 53 0 -9999.0 -9999.0 -9999.0 -9999.0 1.85 0.6635819251292966 0.5936944772056624 -1.466888701440043 -10.992820204436864 0.2116958645317734 2.928476607281148 
Pedestrian 200 0 -9999.0 -9999.0 -9999.0 -9999.0 1.7521106512660325 0.9162872598483918 0.6944942567378337 -22.511923573028444 4.0245697037461685 1.753874607403006 -3.0359285400986646 
Pedestrian 47 0 -9999.0 -9999.0 -9999.0 -9999.0 1.739259612086605 0.9765708634005151 0.6968829901888434 -4.847362507745602 -3.2041033417374285 0.15788493398066333 0.5038403388570103 
Pedestrian 46 0 -9999.0 -9999.0 -9999.0 -9999.0 1.739259612086605 0.8137808070594968 0.7631092640473314 -4.51405529055848 -2.6113449103664226 0.17662356052229966 0.4906424570790122 
Pedestrian 35 0 -9999.0 -9999.0 -9999.0 -9999.0 1.85 0.8455221526426029 0.8055941736449839 -9.614573231380694 3.7432660093145294 0.5361725753367693 -3.0065008709573764 
Pedestrian 39 0 -9999.0 -9999.0 -9999.0 -9999.0 1.6992181517554945 0.7236988029930532 0.6130136573276566 -22.53671852665908 3.3616010456354655 1.7582833686940607 -3.035934604817344 
Pedestrian 49 0 -9999.0 -9999.0 -9999.0 -9999.0 1.8880449392725787 0.7266739568839767 0.719062337692116 -13.330909446178897 -1.5829397501629923 1.0021242780196342 2.5942838073357706 
Pedestrian 51 0 -9999.0 -9999.0 -9999.0 -9999.0 1.7084772160642387 0.6876926218915868 0.6022575416759411 -8.377401408588424 -2.5442358165240764 0.48768851892447357 1.7806207929365527 
Pedestrian 50 0 -9999.0 -9999.0 -9999.0 -9999.0 1.6682901068147347 0.7378107948553352 0.6318862957964667 -9.491887580150754 -2.2955379444534594 0.5300166398841182 1.774286363237355 
Pedestrian 37 0 -9999.0 -9999.0 -9999.0 -9999.0 1.7674898152527898 0.7851268766529278 0.7077031440696406 -17.537181402052827 3.554656951226758 1.22634233687495 -2.948716514391343 
Pedestrian 38 0 -9999.0 -9999.0 -9999.0 -9999.0 1.768936684463284 0.7798122203956248 0.6543593384916504 -17.40491982913161 4.244073864326369 1.3064709764108928 -2.9492415614195338 
Pedestrian 48 0 -9999.0 -9999.0 -9999.0 -9999.0 1.8437648405814306 0.63 0.8639507388388924 -12.775801934875226 -1.7132179929364826 0.9814140328409698 0.18306881205398096 
Pedestrian 23 0 -9999.0 -9999.0 -9999.0 -9999.0 1.733985410563253 0.6134757942819711 0.7222749871810963 16.880833315193094 -4.92369909613129 -1.6091141719738475 -2.0191023197871907 
