Car 2 0 -9999.0 -9999.0 -9999.0 -9999.0 1.7161032172723623 4.3042446659889535 2.497900330371051 29.688722958209105 1.0991017586767517 -0.8359031584067864 0.07281321653102601 
Pedestrian 26 0 -9999.0 -9999.0 -9999.0 -9999.0 1.8 0.880638232653005 0.7173897124333324 42.05787814756369 -3.7332932192418875 -2.1013100090494374 -2.954805073580406 
Pedestrian 25 0 -9999.0 -9999.0 -9999.0 -9999.0 1.8 0.880638232653005 0.7173897124333324 42.14980780647819 -3.006375168005757 -2.094717001331138 -2.954805073580406 
Car 3 0 -9999.0 -9999.0 -9999.0 -9999.0 1.4301220212552401 4 1.8633935758759457 55.67223604645653 -0.20671708495243807 -3.1787155561663005 -3.0521482483721982 
Pedestrain_sitting 21 0 -9999.0 -9999.0 -9999.0 -9999.0 0.9170967942404316 0.6239191457374971 0.6351946031908755 11.80603206357439 5.243347570293927 0.8402566249807486 0.12817354547163085 
Pedestrian 601 0 -9999.0 -9999.0 -9999.0 -9999.0 1.7334194695403702 0.5901000815388179 0.5961420748625704 18.72519134006372 13.942385023209184 0.3563202046927529 1.6689180046488712 
Pedestrian 600 0 -9999.0 -9999.0 -9999.0 -9999.0 1.8985119489706095 0.7891492470282006 0.774319038074053 17.665826416124656 12.237302755455106 0.5979387625498104 -1.4788939206360325 
Pedestrian 1006 0 -9999.0 -9999.0 -9999.0 -9999.0 1.8319269034634074 0.7746621567225385 0.7296367421575172 27.158047700030064 -4.688576588368936 -0.7570575900016142 -0.23291544843365486 
Pedestrian 1005 0 -9999.0 -9999.0 -9999.0 -9999.0 1.7182020193881877 0.7271215203340413 0.7172417616036824 27.185979093574765 -4.255965247284128 -0.779857646107833 -0.24215546325501514 
Pedestrian 500 0 -9999.0 -9999.0 -9999.0 -9999.0 1.6591565719904136 0.5920739440172947 0.5901695475559555 22.54721707240463 6.411269336829172 0.09565081229047345 0.5475776802544434 
Pedestrian 999 0 -9999.0 -9999.0 -9999.0 -9999.0 1.7478363069824068 0.6324640994580073 0.6450381271264 20.663236844181895 6.065006472468968 0.1691903495139225 2.2364326764343296 
Pedestrian 1001 0 -9999.0 -9999.0 -9999.0 -9999.0 1.8190235843771385 0.6309324708718423 0.6213012349133786 32.476477261273885 2.7958030656002424 -1.0679166651234981 1.595948266645986 
Pedestrian 888 0 -9999.0 -9999.0 -9999.0 -9999.0 1.5366259275535865 0.5877254913696837 0.6357928477663076 11.3856123268963 6.749117637554231 1.019631961447043 -0.5553722491729758 
Pedestrian 223 0 -9999.0 -9999.0 -9999.0 -9999.0 1.7272234413230434 0.6942712320825266 0.6155335882708507 37.31268555868745 -6.983038643312826 -1.7865208300354636 0.6419837606284053 
Pedestrian 3 0 -9999.0 -9999.0 -9999.0 -9999.0 1.6413741868673242 0.9102319618606736 0.749658509723502 26.395991530016346 0.2758625724649403 -0.6887899059417745 -2.680868203640607 
Pedestrian 5 0 -9999.0 -9999.0 -9999.0 -9999.0 1.6467102258502564 0.8504990806290904 0.946862823709426 -3.2686579805485807 2.9458118451813013 2.1507333367163812 0.05556883992254669 
Pedestrian 4 0 -9999.0 -9999.0 -9999.0 -9999.0 1.7335733350919327 0.8234084053360446 0.7316008376188541 -3.270443523326341 3.7741970390371535 1.9700467169387887 0.07153516883867006 
Pedestrian 1 0 -9999.0 -9999.0 -9999.0 -9999.0 1.830187787627785 0.8467364901875526 1.030957247409183 1.1923692958725995 4.087303545041085 1.5198600421307216 0.44854132240186395 
Pedestrian 2 0 -9999.0 -9999.0 -9999.0 -9999.0 1.6047004871739794 0.8225193905720728 0.8427564948210492 -0.66486162835015 5.27956100985153 1.7176294198273347 1.984059052273544 
Pedestrian 6 0 -9999.0 -9999.0 -9999.0 -9999.0 1.8 0.7815797515521649 0.729516349447393 29.986519544260037 -2.9527897698961345 -1.1161704853879646 -3.0167883475509 
Pedestrian 7 0 -9999.0 -9999.0 -9999.0 -9999.0 1.85 0.7446143281153959 0.7378356243838986 29.814710563260576 -3.727713116065397 -1.1174214750053575 -3.0167473323324607 
Pedestrian 9 0 -9999.0 -9999.0 -9999.0 -9999.0 1.7388951330758573 0.762844615165235 0.6125796005267553 19.094547361876266 2.532500921121489 0.0280472861702218 2.036079434823323 
Pedestrian 10 0 -9999.0 -9999.0 -9999.0 -9999.0 1.7238665634959034 0.765649395571576 0.6782236572752955 19.9809476878179 2.657859207144399 -0.06416017558816346 2.791362511858596 
Car 1 0 -9999.0 -9999.0 -9999.0 -9999.0 1.9636838768401188 5.159477280173534 1.9749927503715075 8.664657049165648 -3.1097791828736394 1.0507428836169386 0.07789770970392773 
Pedestrian 11 0 -9999.0 -9999.0 -9999.0 -9999.0 1.833843394516407 0.888361750840276 0.8547891083331658 52.72562586338548 -2.2737926029123297 -3.152756059493291 -3.0700746587697996 
Pedestrian 44 0 -9999.0 -9999.0 -9999.0 -9999.0 1.773026559218124 1 0.9694486388550138 -8.483182731375367 2.1157770015746915 2.4849010156392772 -3.058957861076438 
Pedestrian 43 0 -9999.0 -9999.0 -9999.0 -9999.0 1.6975355979754738 1 1.115836959245979 -8.593591570799944 1.0708179604289918 2.4186904335816717 -3.048947714339082 
Pedestrian 18 0 -9999.0 -9999.0 -9999.0 -9999.0 1.553791531556044 0.9350978240778415 0.7014189842208715 2.7842653529769867 -1.1017210280608392 1.3772414737411776 0.017384041753144786 
Pedestrian 17 0 -9999.0 -9999.0 -9999.0 -9999.0 1.6786936986616088 0.9385842718372612 0.8570610823441984 2.176079863639406 -0.45629710850358235 1.523655226194501 0.03207193701496358 
Pedestrian 19 0 -9999.0 -9999.0 -9999.0 -9999.0 1.88766995436284 0.8473523143195599 0.8020167022554571 21.179297667211525 1.5901367136587439 -0.07623974473764157 0.015052684110665737 
Pedestrian 20 0 -9999.0 -9999.0 -9999.0 -9999.0 1.8942850025152396 0.7837367986462382 0.6986151564054772 20.949089373114035 0.9889370423486613 -0.04610510732233106 0.014736115949332884 
Pedestrian 8 0 -9999.0 -9999.0 -9999.0 -9999.0 1.7182020193881877 0.84040506779357 0.7617142683117479 27.009455756483238 -3.284433430343849 -0.7854408457492308 3.0225938494922744 
Pedestrian 36 0 -9999.0 -9999.0 -9999.0 -9999.0 1.85 0.8455221526426029 0.7795427445654814 -6.120787233655705 5.266761378429071 1.9674692004881753 -1.1350935540502238 
Pedestrian 1002 0 -9999.0 -9999.0 -9999.0 -9999.0 1.5480067025273518 0.5644233003512866 0.6213012349133786 36.84505162075823 -2.8428648767839735 -1.7640328521887678 -3.043520129541184 
Pedestrian 16 0 -9999.0 -9999.0 -9999.0 -9999.0 1.5480067025273518 0.5644233003512866 0.6213012349133786 36.862253939522866 -3.7829803343314747 -1.63935309235148 -3.0435201457399703 
Pedestrian 34 0 -9999.0 -9999.0 -9999.0 -9999.0 1.8 0.742563890087286 0.7166973150341831 -6.942170551519922 5.361552267792539 1.9598490285900343 -1.2337198719045759 
Pedestrian 503 0 -9999.0 -9999.0 -9999.0 -9999.0 1.5098862519504819 0.7016892788347073 0.6244449312827264 23.800606828294583 5.258449739877267 -0.10867700819227721 2.395193348729382 
Pedestrian 28 0 -9999.0 -9999.0 -9999.0 -9999.0 1.9344750647178444 0.9180852004756592 0.7505107045290647 35.61840793674275 -0.7476709619296442 -1.4037627560577821 0.005317858512576379 
Pedestrian 29 0 -9999.0 -9999.0 -9999.0 -9999.0 1.914706511234499 0.9112747753301017 0.7505107045290647 35.593976316627355 -0.14784597730551335 -1.3890299280548781 0.005317858512576379 
Pedestrian 22 0 -9999.0 -9999.0 -9999.0 -9999.0 1.7272234413230434 0.8930338539667776 0.7589542967325148 29.265001041969786 -5.609476412148578 -1.139784756396581 -1.9813555338013291 
Pedestrian 502 0 -9999.0 -9999.0 -9999.0 -9999.0 1.5580631857725595 0.6324640994580073 0.6231826615974934 23.309141956541882 5.772381178955263 -0.01248756295022771 2.350839447420203 
Pedestrian 45 0 -9999.0 -9999.0 -9999.0 -9999.0 1.840803791853019 0.9047965827395252 0.7795427445654814 13.822515616476153 -3.3896545008383776 0.4440952765095545 -2.9679753281159567 
Pedestrain_sitting 20 0 -9999.0 -9999.0 -9999.0 -9999.0 0.9288023059382893 0.630173997091732 0.7116151379014846 10.921542502181087 5.321008324380139 0.8779099414313054 -3.033523455976656 
Pedestrian 30 0 -9999.0 -9999.0 -9999.0 -9999.0 1.6574581668813668 0.5844020196858356 0.6601390122619767 51.93186002420338 -2.825790336977376 -3.01268991603932 0.18859945781978915 
Pedestrian 200 0 -9999.0 -9999.0 -9999.0 -9999.0 1.7521106512660325 0.9162872598483918 0.6944942567378337 -1.5382355166453179 2.327017479411137 1.8924876531937176 -3.0245762693331724 
Pedestrian 24 0 -9999.0 -9999.0 -9999.0 -9999.0 1.5665724604937843 0.8256175940025915 0.7327379765104859 21.359261720013887 -5.279657489983267 -0.36358903774476187 0.4045590887987469 
Pedestrian 35 0 -9999.0 -9999.0 -9999.0 -9999.0 1.85 0.8455221526426029 0.8055941736449839 9.596780421955023 3.913753392886239 0.8457615420891055 -3.0817486102719354 
Pedestrian 31 0 -9999.0 -9999.0 -9999.0 -9999.0 1.6183186744299025 0.6340866970656824 0.5322695037304019 54.6401898252651 -2.079289643962504 -3.3374659017866657 -3.0553355148965053 
Pedestrian 32 0 -9999.0 -9999.0 -9999.0 -9999.0 1.6264157795512513 0.6356555012147109 0.5322695037304019 54.25994308178687 -1.4733847552231858 -3.312426278986491 -3.056922019186569 
Pedestrian 33 0 -9999.0 -9999.0 -9999.0 -9999.0 1.85 1.011633098401595 1.1292297078013385 42.07442784213141 -6.040261278323118 -2.088700816336689 1.3903498707931856 
Pedestrian 39 0 -9999.0 -9999.0 -9999.0 -9999.0 1.6992181517554945 0.7236988029930532 0.6130136573276566 -1.4768224839235826 1.6611264355364792 1.8714816593624515 -3.0211346682424463 
Pedestrian 50 0 -9999.0 -9999.0 -9999.0 -9999.0 1.6682901068147347 0.7378107948553352 0.6318862957964667 -9.26721715723688 -2.0612851913442705 2.4727882582897647 1.774286363237355 
Pedestrian 37 0 -9999.0 -9999.0 -9999.0 -9999.0 1.7674898152527898 0.7851268766529278 0.7077031440696406 -0.5101179554722357 -0.2777751432216539 1.7185292383182789 -1.5196061800519711 
Pedestrian 38 0 -9999.0 -9999.0 -9999.0 -9999.0 1.768936684463284 0.7798122203956248 0.6543593384916504 0.19193628252867545 -0.36284913388241635 1.68080872864667 -1.5196061688997524 
Pedestrian 48 0 -9999.0 -9999.0 -9999.0 -9999.0 1.8437648405814306 0.63 0.8639507388388924 -12.628067887076439 -1.7991600081744104 2.5055492896043785 0.18306991404759465 
Pedestrain_sitting 557 0 -9999.0 -9999.0 -9999.0 -9999.0 1.3003415906177906 0.5495013160563614 0.4849281347249202 22.459205125738187 -8.817244648976418 -0.21132565317502383 -0.00478458075798649 
Pedestrain_sitting 556 0 -9999.0 -9999.0 -9999.0 -9999.0 1.3003415906177906 0.5495013160563614 0.4849281347249202 21.089445359184584 -8.67120549064809 -0.21654913797791564 3.1368080825650217 
Pedestrain_sitting 555 0 -9999.0 -9999.0 -9999.0 -9999.0 1.3003415906177906 0.5495013160563614 0.4849281347249202 21.06993477303304 -7.971875138671915 -0.21116313964207167 3.1368080825650217 
Pedestrian 23 0 -9999.0 -9999.0 -9999.0 -9999.0 1.733985410563253 0.6134757942819711 0.7222749871810963 17.19811328092443 -4.8615807040065455 0.07243403523672742 -2.0191023197871907 
