Car 2 0 -9999.0 -9999.0 -9999.0 -9999.0 1.7161032172723623 4.3042446659889535 2.497900330371051 29.827475717409364 0.712405317023759 -1.2944151680286005 0.07281321653102601 
Pedestrian 26 0 -9999.0 -9999.0 -9999.0 -9999.0 1.8 0.880638232653005 0.7173897124333324 37.38107969992871 -3.3277697437106837 -2.113947623799456 -2.954805073580406 
Pedestrian 25 0 -9999.0 -9999.0 -9999.0 -9999.0 1.8 0.880638232653005 0.7173897124333324 37.43741961301056 -2.637980870514526 -2.1013100090494374 -2.954805073580406 
Car 3 0 -9999.0 -9999.0 -9999.0 -9999.0 1.4301220212552401 4 1.8633935758759457 55.601337507642825 -0.2003586417790018 -3.276994264457692 -3.0521482483721982 
Pedestrain_sitting 21 0 -9999.0 -9999.0 -9999.0 -9999.0 0.9170967942404316 0.6239191457374971 0.6351946031908755 11.777141949346573 5.243103732778787 0.3332831314897564 0.12868897759191 
Pedestrian 999 0 -9999.0 -9999.0 -9999.0 -9999.0 1.7478363069824068 0.6324640994580073 0.6450381271264 20.814507002092594 5.891781374490348 -0.0028386711048471736 2.3096071787065497 
Pedestrian 702 0 -9999.0 -9999.0 -9999.0 -9999.0 1.7242744269198185 0.63 0.6898739737048278 -27.91509396894878 3.6442329237434006 3.514136945418546 -3.00732011091074 
Pedestrian 703 0 -9999.0 -9999.0 -9999.0 -9999.0 1.7717383253829708 0.63 0.6566716672544799 -27.823768606715852 4.38773228661743 3.5602431667187107 -3.00732011091074 
Pedestrian 1001 0 -9999.0 -9999.0 -9999.0 -9999.0 1.8190235843771385 0.6309324708718423 0.6213012349133786 32.32576790818883 2.817908348500704 -1.4880024981499735 1.5959482666429743 
Pedestrian 888 0 -9999.0 -9999.0 -9999.0 -9999.0 1.5366259275535865 0.5877254913696837 0.6357928477663076 13.303918868361453 7.169880176386882 0.24712902708543083 2.9968475854368606 
Pedestrian 223 0 -9999.0 -9999.0 -9999.0 -9999.0 1.7272234413230434 0.6942712320825266 0.6155335882708507 37.51431115077211 -6.995256113643216 -2.291342514746405 0.6419837606331518 
Pedestrian 3 0 -9999.0 -9999.0 -9999.0 -9999.0 1.6413741868673242 0.9102319618606736 0.749658509723502 21.820135756818456 2.132885477202518 -0.7008505342959328 -2.860273807489193 
Pedestrian 5 0 -9999.0 -9999.0 -9999.0 -9999.0 1.6467102258502564 0.8504990806290904 0.946862823709426 0.6984512293071982 2.9741856334839962 1.0282635045429462 0.31934341683617795 
Pedestrian 4 0 -9999.0 -9999.0 -9999.0 -9999.0 1.7335733350919327 0.8234084053360446 0.7316008376188541 -0.07095924082937434 3.2948278637896506 1.1067777301430286 0.0717958603534985 
Pedestrian 1 0 -9999.0 -9999.0 -9999.0 -9999.0 1.830187787627785 0.8467364901875526 1.030957247409183 2.3442479526181845 3.579117711160386 0.9268617038374806 -2.689068801896042 
Pedestrian 2 0 -9999.0 -9999.0 -9999.0 -9999.0 1.6047004871739794 0.8225193905720728 0.8427564948210492 1.2149075311608382 4.558922713815937 1.0059293463415415 0.4406602605783334 
Pedestrian 6 0 -9999.0 -9999.0 -9999.0 -9999.0 1.8 0.7815797515521649 0.729516349447393 25.410456259336158 -2.4498503993457295 -1.1483572327526743 -3.016788347569884 
Pedestrian 7 0 -9999.0 -9999.0 -9999.0 -9999.0 1.85 0.7446143281153959 0.7378356243838986 25.157575444648767 -3.2111621474690843 -1.1398098127567375 -3.0167473323324607 
Pedestrian 9 0 -9999.0 -9999.0 -9999.0 -9999.0 1.7388951330758573 0.762844615165235 0.6125796005267553 19.058452314864507 2.5203406934593877 -0.48492052177176204 2.0335406134211027 
Pedestrian 10 0 -9999.0 -9999.0 -9999.0 -9999.0 1.7238665634959034 0.765649395571576 0.6782236572752955 19.61152264673539 2.478752142160147 -0.5473599379605493 2.0523900317248103 
Car 1 0 -9999.0 -9999.0 -9999.0 -9999.0 1.9636838768401188 5.159477280173534 1.9749927503715075 8.78977541450236 -3.1373526284391255 0.38550162609372085 0.07789770972778509 
Pedestrian 11 0 -9999.0 -9999.0 -9999.0 -9999.0 1.833843394516407 0.888361750840276 0.8547891083331658 46.21149771799066 -1.6770459594258107 -3.0179795572584585 -3.0700747048418346 
Pedestrian 44 0 -9999.0 -9999.0 -9999.0 -9999.0 1.773026559218124 1 0.9694486388550138 -14.35818855776198 2.2511922568580243 2.352813960843113 -2.9229346177625057 
Pedestrian 43 0 -9999.0 -9999.0 -9999.0 -9999.0 1.6975355979754738 1 1.115836959245979 -14.359551532654283 1.273155655777963 2.318822993713492 -2.9138069626917638 
Pedestrian 18 0 -9999.0 -9999.0 -9999.0 -9999.0 1.553791531556044 0.9350978240778415 0.7014189842208715 5.0913212923946904 -1.1926550251282702 0.527393468224817 0.02181966063322882 
Pedestrian 17 0 -9999.0 -9999.0 -9999.0 -9999.0 1.6786936986616088 0.9385842718372612 0.8570610823441984 4.7111033523052335 -0.54323143402444 0.6543894191666176 -0.02779964483391595 
Pedestrian 19 0 -9999.0 -9999.0 -9999.0 -9999.0 1.88766995436284 0.8473523143195599 0.8020167022554571 24.33293373947611 1.3106793693359386 -0.8298562691766088 0.01711099513043912 
Pedestrian 20 0 -9999.0 -9999.0 -9999.0 -9999.0 1.8942850025152396 0.7837367986462382 0.6986151564054772 24.0462166496067 0.7265578641127368 -0.7996272918071103 0.017064025739177424 
Pedestrian 8 0 -9999.0 -9999.0 -9999.0 -9999.0 1.7182020193881877 0.84040506779357 0.7617142683117479 23.151076485521077 -3.800202120388713 -1.0233974011020426 3.074711506305295 
Pedestrian 36 0 -9999.0 -9999.0 -9999.0 -9999.0 1.85 0.8455221526426029 0.7795427445654814 -6.175051523401286 5.20744598981089 1.4922355469574422 -1.1350935633252455 
Pedestrian 1002 0 -9999.0 -9999.0 -9999.0 -9999.0 1.5480067025273518 0.5644233003512866 0.6213012349133786 31.928591032982144 -3.34385627161326 -1.842888139900232 -3.043520129541184 
Pedestrian 16 0 -9999.0 -9999.0 -9999.0 -9999.0 1.5480067025273518 0.5644233003512866 0.6213012349133786 31.894762951418254 -4.114560933591473 -1.8140295446813377 -3.043520129672565 
Pedestrian 34 0 -9999.0 -9999.0 -9999.0 -9999.0 1.8 0.742563890087286 0.7166973150341831 -7.134697581100002 5.077121053967884 1.4717298391096385 -1.2337234819045726 
Pedestrian 27 0 -9999.0 -9999.0 -9999.0 -9999.0 1.8 0.8271693526588353 0.8407252643496999 29.912685291281292 -0.23233218914793072 -1.3054005244254812 1.626876764475135 
Pedestrian 503 0 -9999.0 -9999.0 -9999.0 -9999.0 1.5098862519504819 0.7016892788347073 0.6244449312827264 24.044032595258248 5.257814085003854 -0.5626206310255465 2.395193348729382 
Pedestrian 28 0 -9999.0 -9999.0 -9999.0 -9999.0 1.9344750647178444 0.9180852004756592 0.7505107045290647 40.27581571394935 -0.9540383094204046 -2.7235355408113113 0.005317858512576379 
Pedestrian 29 0 -9999.0 -9999.0 -9999.0 -9999.0 1.914706511234499 0.9112747753301017 0.7505107045290647 40.279722993460986 -0.19283354455129106 -2.7481499628589954 0.005317858512576379 
Pedestrian 22 0 -9999.0 -9999.0 -9999.0 -9999.0 1.7272234413230434 0.8930338539667776 0.7589542967325148 27.20023135226553 -4.597952825632761 -1.4782522982004238 -3.0148274273326408 
Pedestrian 777 0 -9999.0 -9999.0 -9999.0 -9999.0 1.5601539586488533 0.7742910735758141 0.7734620811052282 -13.602422804677412 3.251624666941982 2.251422505952161 0.21344925384921343 
Pedestrian 502 0 -9999.0 -9999.0 -9999.0 -9999.0 1.5580631857725595 0.6324640994580073 0.6231826615974934 23.618600843152674 5.8525639844039645 -0.49139010541216965 2.384830979894442 
Pedestrian 45 0 -9999.0 -9999.0 -9999.0 -9999.0 1.840803791853019 0.9047965827395252 0.7795427445654814 9.972178295887657 -1.9543928062338634 0.16688279817975957 -3.101651593077513 
Pedestrain_sitting 20 0 -9999.0 -9999.0 -9999.0 -9999.0 0.9288023059382893 0.630173997091732 0.7116151379014846 10.9136427505992 5.295599200935484 0.3983300115581966 -3.033501597820205 
Pedestrian 30 0 -9999.0 -9999.0 -9999.0 -9999.0 1.6574581668813668 0.5844020196858356 0.6601390122619767 58.012045213523876 -3.275156633732751 -4.36156140416261 0.18855464494632468 
Car 4 0 -9999.0 -9999.0 -9999.0 -9999.0 2.0589564776245735 4.5 2.044844764170049 -33.15393895855371 6.738121776053671 4.151253192898611 0.15975626962034895 
Pedestrian 200 0 -9999.0 -9999.0 -9999.0 -9999.0 1.7521106512660325 0.9162872598483918 0.6944942567378337 -6.455839246119931 3.1907905327293955 1.8663367443795404 -2.9993644369944334 
Pedestrian 111 0 -9999.0 -9999.0 -9999.0 -9999.0 1.83889513307586 0.7017705575400481 0.6922125420881973 16.964194924449203 4.938586344677981 -0.044561825310070524 0.27355192669518313 
Pedestrian 47 0 -9999.0 -9999.0 -9999.0 -9999.0 1.739259612086605 0.9765708634005151 0.6968829901888434 -12.756037924314269 2.267027211070738 2.070828794526694 0.27071415058473924 
Pedestrian 24 0 -9999.0 -9999.0 -9999.0 -9999.0 1.5665724604937843 0.8256175940025915 0.7327379765104859 21.39669734362377 -5.106767998581337 -1.0083190107331996 3.131483008430541 
Pedestrian 46 0 -9999.0 -9999.0 -9999.0 -9999.0 1.739259612086605 0.8137808070594968 0.7631092640473314 -12.573129706962181 2.9805431104236266 2.0711097065525546 0.2706960291282652 
Pedestrian 35 0 -9999.0 -9999.0 -9999.0 -9999.0 1.85 0.8455221526426029 0.8055941736449839 5.559635754633559 3.608298849601747 0.768570172685211 -3.0815893731390887 
Pedestrian 31 0 -9999.0 -9999.0 -9999.0 -9999.0 1.6183186744299025 0.6340866970656824 0.5322695037304019 58.784229204667426 -2.256174700923471 -4.155364472645741 -3.0553355148965053 
Pedestrian 32 0 -9999.0 -9999.0 -9999.0 -9999.0 1.6264157795512513 0.6356555012147109 0.5322695037304019 58.81726653708996 -1.6419522153025137 -4.656199261839254 -3.056922019186569 
Pedestrian 39 0 -9999.0 -9999.0 -9999.0 -9999.0 1.6992181517554945 0.7236988029930532 0.6130136573276566 -6.508294108847153 2.530095750528912 1.7482926538305328 -2.997919547205049 
Pedestrian 49 0 -9999.0 -9999.0 -9999.0 -9999.0 1.8880449392725787 0.7266739568839767 0.719062337692116 -13.065185469707677 -2.054378245431794 1.8947204151129329 1.1335962876955241 
Pedestrian 51 0 -9999.0 -9999.0 -9999.0 -9999.0 1.7084772160642387 0.6876926218915868 0.6022575416759411 -8.5539290491483 -2.7208727097870637 1.6974387758863347 1.7806207929365527 
Pedestrian 50 0 -9999.0 -9999.0 -9999.0 -9999.0 1.6682901068147347 0.7378107948553352 0.6318862957964667 -9.17449719367227 -2.1120596093074093 1.7738316768992457 1.774286363237355 
Pedestrian 37 0 -9999.0 -9999.0 -9999.0 -9999.0 1.7674898152527898 0.7851268766529278 0.7077031440696406 -1.7684409806835362 1.7437421134188338 1.31451351796552 -2.9527330349252523 
Pedestrian 38 0 -9999.0 -9999.0 -9999.0 -9999.0 1.768936684463284 0.7798122203956248 0.6543593384916504 -1.7191974623856514 2.4345813708572255 1.3389575881097646 -2.950688921654809 
Pedestrian 48 0 -9999.0 -9999.0 -9999.0 -9999.0 1.8437648405814306 0.63 0.8639507388388924 -12.577142168487724 -1.5034557120795875 1.8660616177322595 0.18321022001902865 
Pedestrain_sitting 557 0 -9999.0 -9999.0 -9999.0 -9999.0 1.3003415906177906 0.5495013160563614 0.4849281347249202 22.612952814465924 -8.828487353706423 -1.0081065861337506 -0.004784652116953225 
Pedestrain_sitting 556 0 -9999.0 -9999.0 -9999.0 -9999.0 1.3003415906177906 0.5495013160563614 0.4849281347249202 21.230198716128594 -8.709776026716488 -1.0143951815911953 3.1368080825650217 
Pedestrain_sitting 555 0 -9999.0 -9999.0 -9999.0 -9999.0 1.3003415906177906 0.5495013160563614 0.4849281347249202 21.210577976783277 -7.973424627408682 -1.014743727286258 3.1368080825650217 
Pedestrian 23 0 -9999.0 -9999.0 -9999.0 -9999.0 1.733985410563253 0.6134757942819711 0.7222749871810963 17.220737737644246 -4.872383853257579 -0.594093525515781 -2.0191023197871907 
