Car 2 0 -9999.0 -9999.0 -9999.0 -9999.0 1.7161032172723623 4.3042446659889535 2.497900330371051 29.76054748564001 1.1026066423092051 -0.926863785717071 0.07281321653102601 
Pedestrian 26 0 -9999.0 -9999.0 -9999.0 -9999.0 1.8 0.880638232653005 0.7173897124333324 41.44273888304975 -3.6952146106561488 -2.1131108232153517 -2.954805073580406 
Pedestrian 25 0 -9999.0 -9999.0 -9999.0 -9999.0 1.8 0.880638232653005 0.7173897124333324 41.56462283288367 -2.9633245543451645 -2.111240725659047 -2.954805073580406 
Car 3 0 -9999.0 -9999.0 -9999.0 -9999.0 1.4301220212552401 4 1.8633935758759457 55.66257144496831 -0.20585032774721196 -3.192112511397064 -3.0521482483721982 
Pedestrain_sitting 21 0 -9999.0 -9999.0 -9999.0 -9999.0 0.9170967942404316 0.6239191457374971 0.6351946031908755 11.802093880282703 5.243314331352037 0.7711480529048429 0.12824380708943117 
Pedestrian 603 0 -9999.0 -9999.0 -9999.0 -9999.0 1.8192270588984627 0.6324640994580073 0.6782236572752955 19.253010489613917 18.262058009192547 0.5484827587107528 -1.7910808751871432 
Pedestrian 601 0 -9999.0 -9999.0 -9999.0 -9999.0 1.7334194695403702 0.5901000815388179 0.5961420748625704 18.775826666281286 13.571572609754147 0.3115989218244809 1.6689180267204273 
Pedestrian 600 0 -9999.0 -9999.0 -9999.0 -9999.0 1.8985119489706095 0.7891492470282006 0.774319038074053 17.735540325271394 12.585860168816431 0.6557213488300655 -1.6556878622214093 
Pedestrian 1006 0 -9999.0 -9999.0 -9999.0 -9999.0 1.8319269034634074 0.7746621567225385 0.7296367421575172 27.690884852388553 -4.719682861367542 -0.8100537479149036 -0.5098787349319416 
Pedestrian 1005 0 -9999.0 -9999.0 -9999.0 -9999.0 1.7182020193881877 0.7271215203340413 0.7172417616036824 27.607929733216366 -4.13464288818895 -0.8230574896303305 -0.4655761807769583 
Pedestrian 500 0 -9999.0 -9999.0 -9999.0 -9999.0 1.6591565719904136 0.5920739440172947 0.5901695475559555 22.662287000256956 6.371061478436318 0.024729132564636797 0.5475776795897609 
Pedestrian 999 0 -9999.0 -9999.0 -9999.0 -9999.0 1.7478363069824068 0.6324640994580073 0.6450381271264 20.754011677257054 6.075685333976326 0.1328165594557555 2.253668531620024 
Pedestrian 1001 0 -9999.0 -9999.0 -9999.0 -9999.0 1.8190235843771385 0.6309324708718423 0.6213012349133786 32.51070097533904 2.759827056383011 -1.1945495825442678 1.5959482666464542 
Pedestrian 888 0 -9999.0 -9999.0 -9999.0 -9999.0 1.5366259275535865 0.5877254913696837 0.6357928477663076 11.898638236067244 6.9853162575643415 0.7873341966513566 -0.5577267072454006 
Pedestrian 223 0 -9999.0 -9999.0 -9999.0 -9999.0 1.7272234413230434 0.6942712320825266 0.6155335882708507 37.26396736534222 -7.036555757525746 -1.810361434188867 0.641983760627765 
Pedestrian 3 0 -9999.0 -9999.0 -9999.0 -9999.0 1.6413741868673242 0.9102319618606736 0.749658509723502 25.652733803419803 0.5998563941944556 -0.6926453430808498 -2.6966716234548773 
Pedestrian 5 0 -9999.0 -9999.0 -9999.0 -9999.0 1.6467102258502564 0.8504990806290904 0.946862823709426 -2.7076542370541063 3.0465700002612848 1.9841699292894663 0.05556883639412824 
Pedestrian 4 0 -9999.0 -9999.0 -9999.0 -9999.0 1.7335733350919327 0.8234084053360446 0.7316008376188541 -2.726148501475411 3.7894720882323685 2.00605560620366 0.07152906635418432 
Pedestrian 1 0 -9999.0 -9999.0 -9999.0 -9999.0 1.830187787627785 0.8467364901875526 1.030957247409183 1.4595263192908516 3.860889404239711 1.5191464792470286 0.43997988885824757 
Pedestrian 2 0 -9999.0 -9999.0 -9999.0 -9999.0 1.6047004871739794 0.8225193905720728 0.8427564948210492 -0.5580456199436161 5.278110893090228 1.6894827160271302 1.9840589994537545 
Pedestrian 6 0 -9999.0 -9999.0 -9999.0 -9999.0 1.8 0.7815797515521649 0.729516349447393 29.363506190748694 -2.970546930766986 -1.0571739856965618 -3.0167883475937103 
Pedestrian 7 0 -9999.0 -9999.0 -9999.0 -9999.0 1.85 0.7446143281153959 0.7378356243838986 29.117885961518862 -3.768205853809485 -1.0564922155580745 -3.0167473323324607 
Pedestrian 9 0 -9999.0 -9999.0 -9999.0 -9999.0 1.7388951330758573 0.762844615165235 0.6125796005267553 19.063456434389465 2.4991405387218677 -0.029767479018603868 2.0359945743869208 
Pedestrian 10 0 -9999.0 -9999.0 -9999.0 -9999.0 1.7238665634959034 0.765649395571576 0.6782236572752955 19.748063994696004 2.5968279019772456 -0.10372515322935202 2.3842911942580134 
Car 1 0 -9999.0 -9999.0 -9999.0 -9999.0 1.9636838768401188 5.159477280173534 1.9749927503715075 8.70074771799131 -3.116012999048954 0.925679098698473 0.07789770970053667 
Pedestrian 11 0 -9999.0 -9999.0 -9999.0 -9999.0 1.833843394516407 0.888361750840276 0.8547891083331658 51.82216714175367 -2.1400204158903793 -3.311714927127626 -3.0700746650758557 
Pedestrian 44 0 -9999.0 -9999.0 -9999.0 -9999.0 1.773026559218124 1 0.9694486388550138 -9.28362303809073 2.2089364263148075 2.507447627788161 -3.0648138856425717 
Pedestrian 43 0 -9999.0 -9999.0 -9999.0 -9999.0 1.6975355979754738 1 1.115836959245979 -9.123944056585977 1.0801354732248154 2.449583791591124 -3.057931932010982 
Pedestrian 18 0 -9999.0 -9999.0 -9999.0 -9999.0 1.553791531556044 0.9350978240778415 0.7014189842208715 3.0788481907548784 -1.155630358118472 1.1944429288879521 0.015033978307899432 
Pedestrian 17 0 -9999.0 -9999.0 -9999.0 -9999.0 1.6786936986616088 0.9385842718372612 0.8570610823441984 2.3518045090396384 -0.5860448097652767 1.3055728051142264 0.031229496004659296 
Pedestrian 19 0 -9999.0 -9999.0 -9999.0 -9999.0 1.88766995436284 0.8473523143195599 0.8020167022554571 21.529157853980944 1.5099094435475304 -0.17336734537443446 -0.013828171191889282 
Pedestrian 20 0 -9999.0 -9999.0 -9999.0 -9999.0 1.8942850025152396 0.7837367986462382 0.6986151564054772 21.235336824685437 0.9091926669363981 -0.14877820482565238 -0.01412084251378154 
Pedestrian 8 0 -9999.0 -9999.0 -9999.0 -9999.0 1.7182020193881877 0.84040506779357 0.7617142683117479 26.64794744388854 -3.303596136220901 -0.7618843934299364 2.9932129420931304 
Pedestrian 36 0 -9999.0 -9999.0 -9999.0 -9999.0 1.85 0.8455221526426029 0.7795427445654814 -6.150719010706547 5.2980323156347575 1.9493498271944332 -1.135093554088563 
Pedestrian 1002 0 -9999.0 -9999.0 -9999.0 -9999.0 1.5480067025273518 0.5644233003512866 0.6213012349133786 36.05957256618771 -2.9600457757322274 -1.723899941455797 -3.043520129541184 
Pedestrian 16 0 -9999.0 -9999.0 -9999.0 -9999.0 1.5480067025273518 0.5644233003512866 0.6213012349133786 36.17028721658947 -3.8454437550445295 -1.661906575241143 -3.043520134402714 
Pedestrian 34 0 -9999.0 -9999.0 -9999.0 -9999.0 1.8 0.742563890087286 0.7166973150341831 -7.015110412790472 5.468777655902837 1.9354585932970791 -1.233719799376539 
Pedestrian 503 0 -9999.0 -9999.0 -9999.0 -9999.0 1.5098862519504819 0.7016892788347073 0.6244449312827264 23.915961568254897 5.270085014508238 -0.13296531890776658 2.395193348729382 
Pedestrian 28 0 -9999.0 -9999.0 -9999.0 -9999.0 1.9344750647178444 0.9180852004756592 0.7505107045290647 36.24660320146511 -0.8293914366224932 -1.415515086677798 0.005317858512579043 
Pedestrian 29 0 -9999.0 -9999.0 -9999.0 -9999.0 1.914706511234499 0.9112747753301017 0.7505107045290647 36.230624780105835 -0.1576617473394895 -1.4116948260833082 0.005317858512576379 
Pedestrian 22 0 -9999.0 -9999.0 -9999.0 -9999.0 1.7272234413230434 0.8930338539667776 0.7589542967325148 29.003471237460076 -5.533636499673402 -1.1990078195705394 -1.7453905716812095 
Pedestrian 502 0 -9999.0 -9999.0 -9999.0 -9999.0 1.5580631857725595 0.6324640994580073 0.6231826615974934 23.405224248224034 5.768509221437294 -0.13405439599661223 2.3958620326814355 
Pedestrian 45 0 -9999.0 -9999.0 -9999.0 -9999.0 1.840803791853019 0.9047965827395252 0.7795427445654814 13.272629935165307 -3.171382972110238 0.4029848726725632 -2.942821311509686 
Pedestrain_sitting 20 0 -9999.0 -9999.0 -9999.0 -9999.0 0.9288023059382893 0.630173997091732 0.7116151379014846 10.920409888171536 5.31703029208539 0.8125368661684205 -3.0335204763613497 
Pedestrian 30 0 -9999.0 -9999.0 -9999.0 -9999.0 1.6574581668813668 0.5844020196858356 0.6601390122619767 52.67328587241605 -2.9478879824576176 -3.2651204298605796 0.18859334911048808 
Pedestrian 200 0 -9999.0 -9999.0 -9999.0 -9999.0 1.7521106512660325 0.9162872598483918 0.6944942567378337 -2.21291631745325 2.3468243646164826 1.9040014752182985 -3.0427797505168677 
Pedestrian 24 0 -9999.0 -9999.0 -9999.0 -9999.0 1.5665724604937843 0.8256175940025915 0.7327379765104859 22.00677460736756 -5.398848657360235 -0.5807255333989063 0.4120502452472863 
Pedestrian 35 0 -9999.0 -9999.0 -9999.0 -9999.0 1.85 0.8455221526426029 0.8055941736449839 9.19986894832984 3.8866796611283503 0.7431053555498291 -3.0817247779825916 
Pedestrian 31 0 -9999.0 -9999.0 -9999.0 -9999.0 1.6183186744299025 0.6340866970656824 0.5322695037304019 55.250698372231284 -2.2587605177708623 -3.6143256291726127 -3.0553355148965053 
Pedestrian 32 0 -9999.0 -9999.0 -9999.0 -9999.0 1.6264157795512513 0.6356555012147109 0.5322695037304019 54.82654991241115 -1.5015956177876484 -3.5523455448036283 -3.056922019186569 
Pedestrian 33 0 -9999.0 -9999.0 -9999.0 -9999.0 1.85 1.011633098401595 1.1292297078013385 42.07788526358596 -6.197824043541237 -2.189267847324537 2.711452185657887 
Pedestrian 39 0 -9999.0 -9999.0 -9999.0 -9999.0 1.6992181517554945 0.7236988029930532 0.6130136573276566 -2.174852789788239 1.6748420159038306 1.8843974502867085 -3.0364089915153745 
Pedestrian 49 0 -9999.0 -9999.0 -9999.0 -9999.0 1.8880449392725787 0.7266739568839767 0.719062337692116 -13.161342551114986 -2.3926906503578693 2.4056626577211957 1.1335962538162558 
Pedestrian 50 0 -9999.0 -9999.0 -9999.0 -9999.0 1.6682901068147347 0.7378107948553352 0.6318862957964667 -9.238071273631409 -2.0686925124851228 2.324407886064296 1.774286363237355 
Pedestrian 37 0 -9999.0 -9999.0 -9999.0 -9999.0 1.7674898152527898 0.7851268766529278 0.7077031440696406 -0.3980012462116751 -0.07109894416422032 1.551147883575636 -1.5141434044551598 
Pedestrian 38 0 -9999.0 -9999.0 -9999.0 -9999.0 1.768936684463284 0.7798122203956248 0.6543593384916504 0.34879246816069076 -0.01667322107331587 1.5246351193515688 -1.483741859604967 
Pedestrian 48 0 -9999.0 -9999.0 -9999.0 -9999.0 1.8437648405814306 0.63 0.8639507388388924 -12.618625241013069 -1.8688312591867444 2.3752853909745886 0.18306739138663186 
Pedestrain_sitting 557 0 -9999.0 -9999.0 -9999.0 -9999.0 1.3003415906177906 0.5495013160563614 0.4849281347249202 22.48016613996061 -8.819352398219579 -0.3541551147894463 -0.004784590485352069 
Pedestrain_sitting 556 0 -9999.0 -9999.0 -9999.0 -9999.0 1.3003415906177906 0.5495013160563614 0.4849281347249202 21.115093194073083 -8.68262621950804 -0.35900272494402197 3.1368080825650217 
Pedestrain_sitting 555 0 -9999.0 -9999.0 -9999.0 -9999.0 1.3003415906177906 0.5495013160563614 0.4849281347249202 21.095515187250015 -7.974185286840973 -0.3487931927374992 3.1368080825650217 
Pedestrian 23 0 -9999.0 -9999.0 -9999.0 -9999.0 1.733985410563253 0.6134757942819711 0.7222749871810963 17.195051109354953 -4.870929271782439 -0.03378935512768759 -2.0191023197871907 
