Car 2 0 -9999.0 -9999.0 -9999.0 -9999.0 1.7161032172723623 4.3042446659889535 2.497900330371051 29.658370150113512 1.2824580940686463 -2.178444692424762 0.07281321653102601 
Pedestrian 26 0 -9999.0 -9999.0 -9999.0 -9999.0 1.8 0.880638232653005 0.7173897124333324 28.802013618658673 -3.949102675633221 -2.058854138693526 -2.954805073580406 
Pedestrian 25 0 -9999.0 -9999.0 -9999.0 -9999.0 1.8 0.880638232653005 0.7173897124333324 28.964559883311775 -3.2087576475043154 -2.063267909490188 -2.954805073580406 
Car 3 0 -9999.0 -9999.0 -9999.0 -9999.0 1.4301220212552401 4 1.8633935758759457 55.466016604759005 -0.188222562734753 -3.4645744849075397 -3.0521482483721982 
Pedestrian 42 0 -9999.0 -9999.0 -9999.0 -9999.0 1.9110630666244788 0.6648425352273584 0.7730646177530336 -27.200621742355114 0.18011710550452803 2.7711554178255637 1.4403144508423402 
Pedestrian 41 0 -9999.0 -9999.0 -9999.0 -9999.0 1.7717383253829708 0.6171990397476583 0.6601212154854279 -26.787669294290627 0.5733444799206685 2.7036241384696114 1.4384371885748042 
Pedestrain_sitting 21 0 -9999.0 -9999.0 -9999.0 -9999.0 0.9170967942404316 0.6239191457374971 0.6351946031908755 11.722000667069976 5.242638330906509 -0.6343547355984869 0.12967276006555029 
Pedestrian 702 0 -9999.0 -9999.0 -9999.0 -9999.0 1.7242744269198185 0.63 0.6898739737048278 -38.70669030473829 5.481127283704827 3.87183323040433 -3.00732011091074 
Pedestrian 703 0 -9999.0 -9999.0 -9999.0 -9999.0 1.7717383253829708 0.63 0.6566716672544799 -38.57305277221583 6.220024740291398 3.931601683117653 -3.00732011091074 
Pedestrian 1001 0 -9999.0 -9999.0 -9999.0 -9999.0 1.8190235843771385 0.6309324708718423 0.6213012349133786 32.12969670684064 2.7771757620423143 -2.252862066559775 1.5959482666453866 
Pedestrian 765 0 -9999.0 -9999.0 -9999.0 -9999.0 1.765427731387784 0.6045377694180526 0.7280996093110779 29.377088260959496 2.415849636813296 -2.0479875502490383 -1.6677664638606835 
Pedestrian 888 0 -9999.0 -9999.0 -9999.0 -9999.0 1.5366259275535865 0.5877254913696837 0.6357928477663076 13.593958335019206 8.135348308303344 -0.5352734124919125 -3.1027616491742354 
Pedestrian 223 0 -9999.0 -9999.0 -9999.0 -9999.0 1.7272234413230434 0.6942712320825266 0.6155335882708507 37.33796719818935 -6.915371913092401 -2.6146260285677076 0.6419837425541823 
Pedestrian 3 0 -9999.0 -9999.0 -9999.0 -9999.0 1.6413741868673242 0.9102319618606736 0.749658509723502 12.732980774793914 2.6231239430181796 -0.7426261421099503 -2.86591423304586 
Pedestrian 5 0 -9999.0 -9999.0 -9999.0 -9999.0 1.6467102258502564 0.8504990806290904 0.946862823709426 4.517938928457321 2.6502355273592975 0.018080097669446408 0.2698831367075307 
Pedestrian 4 0 -9999.0 -9999.0 -9999.0 -9999.0 1.7335733350919327 0.8234084053360446 0.7316008376188541 2.996366638663795 2.942962929873913 0.19036701366994915 0.1358077323362039 
Pedestrian 1 0 -9999.0 -9999.0 -9999.0 -9999.0 1.830187787627785 0.8467364901875526 1.030957247409183 2.1597893178667533 3.532998912314441 0.2938645804667114 -3.067268856552971 
Pedestrian 2 0 -9999.0 -9999.0 -9999.0 -9999.0 1.6047004871739794 0.8225193905720728 0.8427564948210492 2.8993662793741564 3.8442276773127775 0.08161591354933087 0.44407480042930914 
Pedestrian 6 0 -9999.0 -9999.0 -9999.0 -9999.0 1.8 0.7815797515521649 0.729516349447393 16.637227029320535 -1.1921209436251496 -0.9955254550991068 -3.0167465058806364 
Pedestrian 7 0 -9999.0 -9999.0 -9999.0 -9999.0 1.85 0.7446143281153959 0.7378356243838986 16.44579777163459 -1.9146383634107706 -0.9676501459938325 -3.0167473323324607 
Pedestrian 9 0 -9999.0 -9999.0 -9999.0 -9999.0 1.7388951330758573 0.762844615165235 0.6125796005267553 17.14948147277353 2.0682132653448924 -1.0464259959568922 2.9386570076651637 
Pedestrian 10 0 -9999.0 -9999.0 -9999.0 -9999.0 1.7238665634959034 0.765649395571576 0.6782236572752955 17.604248405707565 1.621057013925283 -1.0964907050937756 2.9378468231530537 
Car 1 0 -9999.0 -9999.0 -9999.0 -9999.0 1.9636838768401188 5.159477280173534 1.9749927503715075 8.432344827721327 -3.0943985028473207 -0.07899647945706956 0.07789771004432922 
Pedestrian 11 0 -9999.0 -9999.0 -9999.0 -9999.0 1.833843394516407 0.888361750840276 0.8547891083331658 33.82078661034879 -1.4323299942416576 -2.5478532347334664 -3.0700747708222345 
Pedestrian 44 0 -9999.0 -9999.0 -9999.0 -9999.0 1.773026559218124 1 0.9694486388550138 -25.763267812020413 3.3672887629145913 2.7298755337993112 -3.0442112355661948 
Pedestrian 43 0 -9999.0 -9999.0 -9999.0 -9999.0 1.6975355979754738 1 1.115836959245979 -25.860542971836523 2.318722245492559 2.7388650724835197 -3.0441791693816675 
Pedestrian 18 0 -9999.0 -9999.0 -9999.0 -9999.0 1.553791531556044 0.9350978240778415 0.7014189842208715 11.476727288353022 -2.4180279878908797 -0.5817935253728935 0.46110472548184944 
Pedestrian 17 0 -9999.0 -9999.0 -9999.0 -9999.0 1.6786936986616088 0.9385842718372612 0.8570610823441984 12.008870075899305 -1.9363759542858674 -0.5537918646191426 0.4683937075977376 
Pedestrian 19 0 -9999.0 -9999.0 -9999.0 -9999.0 1.88766995436284 0.8473523143195599 0.8020167022554571 30.035292040638094 -0.3401166806118042 -2.1057322224153157 -0.01377256766041235 
Pedestrian 20 0 -9999.0 -9999.0 -9999.0 -9999.0 1.8942850025152396 0.7837367986462382 0.6986151564054772 29.71140439339836 -0.9869319137664448 -2.1167759669087136 -0.01377256766041235 
Pedestrian 8 0 -9999.0 -9999.0 -9999.0 -9999.0 1.7182020193881877 0.84040506779357 0.7617142683117479 16.21497914512797 -2.903973961703708 -0.9215002957496164 -3.0051827297117644 
Pedestrian 36 0 -9999.0 -9999.0 -9999.0 -9999.0 1.85 0.8455221526426029 0.7795427445654814 -6.246738361178325 5.179066324239354 1.0215421880839861 -1.1353536192161524 
Pedestrian 1002 0 -9999.0 -9999.0 -9999.0 -9999.0 1.5480067025273518 0.5644233003512866 0.6213012349133786 22.11795101703065 -2.642454878220874 -1.4759096449892408 -3.043520129541184 
Pedestrian 16 0 -9999.0 -9999.0 -9999.0 -9999.0 1.5480067025273518 0.5644233003512866 0.6213012349133786 21.822092997375403 -3.526125429176511 -1.5209681770190877 -3.043520139167425 
Pedestrian 34 0 -9999.0 -9999.0 -9999.0 -9999.0 1.8 0.742563890087286 0.7166973150341831 -7.21327821487396 5.41456121173811 1.0372059072514541 -1.2192081179231327 
Pedestrian 503 0 -9999.0 -9999.0 -9999.0 -9999.0 1.5098862519504819 0.7016892788347073 0.6244449312827264 23.51047465651472 5.19876846966784 -1.500780040312132 2.395193348729382 
Pedestrian 14 0 -9999.0 -9999.0 -9999.0 -9999.0 1.5350666013118595 0.6767124353147551 0.6338965826401189 23.317794419304064 0.17173199848764226 -1.5977962259571197 2.111238852816104 
Pedestrian 15 0 -9999.0 -9999.0 -9999.0 -9999.0 1.4995242359067946 0.6433493585685015 0.616020103352135 23.754324934030734 -0.365040389327129 -1.5916195907448747 2.1219822473864305 
Pedestrian 22 0 -9999.0 -9999.0 -9999.0 -9999.0 1.7272234413230434 0.8930338539667776 0.7589542967325148 22.09591177620225 -4.157747678917842 -1.390864212416334 -3.0158788830412746 
Pedestrian 777 0 -9999.0 -9999.0 -9999.0 -9999.0 1.5601539586488533 0.7742910735758141 0.7734620811052282 -9.722246977419228 0.7673764881956314 1.2436247113955061 0.22403100930658582 
Pedestrian 502 0 -9999.0 -9999.0 -9999.0 -9999.0 1.5580631857725595 0.6324640994580073 0.6231826615974934 22.87507841704838 5.632870594461506 -1.4165298761448004 2.3848309581089673 
Pedestrian 45 0 -9999.0 -9999.0 -9999.0 -9999.0 1.840803791853019 0.9047965827395252 0.7795427445654814 2.179957852092745 -2.1276856221553713 0.3996759968504097 3.135461311927381 
Pedestrain_sitting 20 0 -9999.0 -9999.0 -9999.0 -9999.0 0.9288023059382893 0.630173997091732 0.7116151379014846 10.905909538365652 5.314863635064181 -0.5171965043620803 -3.0334598781244857 
Car 4 0 -9999.0 -9999.0 -9999.0 -9999.0 2.0589564776245735 4.5 2.044844764170049 -33.442911199491185 6.806404241996646 3.4213697997595305 0.15975626962034895 
Pedestrian 200 0 -9999.0 -9999.0 -9999.0 -9999.0 1.7521106512660325 0.9162872598483918 0.6944942567378337 -15.620714835113537 3.6097305713342305 1.7933347583579093 -3.036858104940949 
Pedestrian 47 0 -9999.0 -9999.0 -9999.0 -9999.0 1.739259612086605 0.9765708634005151 0.6968829901888434 -10.084721769961172 -0.6140588442072061 1.3221429413912587 0.11429177456217587 
Pedestrian 24 0 -9999.0 -9999.0 -9999.0 -9999.0 1.5665724604937843 0.8256175940025915 0.7327379765104859 17.673007266669625 -4.828717078629778 -1.1274557263092477 -1.696910029346217 
Pedestrian 46 0 -9999.0 -9999.0 -9999.0 -9999.0 1.739259612086605 0.8137808070594968 0.7631092640473314 -10.040791941272555 0.06123974439742464 1.3211465851166408 0.13037451778302334 
Pedestrian 35 0 -9999.0 -9999.0 -9999.0 -9999.0 1.85 0.8455221526426029 0.8055941736449839 -2.7713059096346457 4.78406110407717 0.7029986906584863 -3.1284065970378734 
Pedestrian 39 0 -9999.0 -9999.0 -9999.0 -9999.0 1.6992181517554945 0.7236988029930532 0.6130136573276566 -15.661067901689732 2.9940701137032737 1.8169949952147462 -3.0368174368674072 
Pedestrian 49 0 -9999.0 -9999.0 -9999.0 -9999.0 1.8880449392725787 0.7266739568839767 0.719062337692116 -13.401063872657813 -2.0565839757208284 1.6300472682648834 1.1334601973218428 
Pedestrian 51 0 -9999.0 -9999.0 -9999.0 -9999.0 1.7084772160642387 0.6876926218915868 0.6022575416759411 -8.644206916703094 -2.4106168994690584 1.3112269912387822 1.7806207929365527 
Pedestrian 50 0 -9999.0 -9999.0 -9999.0 -9999.0 1.6682901068147347 0.7378107948553352 0.6318862957964667 -9.33806351015238 -2.1774271133792547 1.3030520471491331 1.774286363237355 
Pedestrian 37 0 -9999.0 -9999.0 -9999.0 -9999.0 1.7674898152527898 0.7851268766529278 0.7077031440696406 -11.028205139734451 3.061083074347825 1.428359814904439 -2.9498044548067774 
Pedestrian 38 0 -9999.0 -9999.0 -9999.0 -9999.0 1.768936684463284 0.7798122203956248 0.6543593384916504 -10.913521152381787 3.6922527824681515 1.332033329522682 -2.9495419974360946 
Pedestrian 48 0 -9999.0 -9999.0 -9999.0 -9999.0 1.8437648405814306 0.63 0.8639507388388924 -12.797892360302654 -1.6902335946492382 1.604443191375226 0.18306827043423723 
Pedestrain_sitting 555 0 -9999.0 -9999.0 -9999.0 -9999.0 1.3003415906177906 0.5495013160563614 0.4849281347249202 21.203487220176275 -7.854258478884896 -1.3128934714910643 3.1368080825650217 
Pedestrian 23 0 -9999.0 -9999.0 -9999.0 -9999.0 1.733985410563253 0.6134757942819711 0.7222749871810963 16.9684566393003 -4.842009679828413 -1.0269858040593824 -2.0191023197871907 
