Car 2 0 -9999.0 -9999.0 -9999.0 -9999.0 1.7161032172723623 4.3042446659889535 2.497900330371051 29.772028257475537 1.326691312750981 -1.817657086986824 0.07281321653102601 
Pedestrian 26 0 -9999.0 -9999.0 -9999.0 -9999.0 1.8 0.880638232653005 0.7173897124333324 33.00526976087076 -3.721429059962059 -2.1318176249357523 -2.954805073580406 
Pedestrian 25 0 -9999.0 -9999.0 -9999.0 -9999.0 1.8 0.880638232653005 0.7173897124333324 33.04713737456377 -2.9786887073324158 -2.1399377245165176 -2.954805073580406 
Car 3 0 -9999.0 -9999.0 -9999.0 -9999.0 1.4301220212552401 4 1.8633935758759457 55.53368897640129 -0.19429167130453273 -3.3707678510431336 -3.0521482483721982 
Pedestrian 42 0 -9999.0 -9999.0 -9999.0 -9999.0 1.9110630666244788 0.6648425352273584 0.7730646177530336 -25.229400874955815 0.7781452597910216 3.1374315670657253 -3.066823034365763 
Pedestrian 41 0 -9999.0 -9999.0 -9999.0 -9999.0 1.7717383253829708 0.6171990397476583 0.6601212154854279 -25.263835264392554 0.09084349000740696 3.059748054115581 -3.0681980678849285 
Pedestrain_sitting 21 0 -9999.0 -9999.0 -9999.0 -9999.0 0.9170967942404316 0.6239191457374971 0.6351946031908755 11.749576165515014 5.242871072839149 -0.15045056439323545 0.12918078216891704 
Pedestrian 702 0 -9999.0 -9999.0 -9999.0 -9999.0 1.7242744269198185 0.63 0.6898739737048278 -33.121878711510334 4.4263635964748 3.7885060316052295 -3.00732011091074 
Pedestrian 703 0 -9999.0 -9999.0 -9999.0 -9999.0 1.7717383253829708 0.63 0.6566716672544799 -32.97046819846218 5.141049453259765 3.8142522128281406 -3.00732011091074 
Pedestrian 1001 0 -9999.0 -9999.0 -9999.0 -9999.0 1.8190235843771385 0.6309324708718423 0.6213012349133786 32.32058123194235 2.930391561255352 -1.7228385613584478 1.595948266616233 
Pedestrian 765 0 -9999.0 -9999.0 -9999.0 -9999.0 1.765427731387784 0.6045377694180526 0.7280996093110779 29.47098602309161 2.308379010224487 -1.7482009415464406 -1.9303089917180571 
Pedestrian 888 0 -9999.0 -9999.0 -9999.0 -9999.0 1.5366259275535865 0.5877254913696837 0.6357928477663076 13.344079907158413 7.884261346913425 -0.10898726825706173 -3.116019218072779 
Pedestrian 223 0 -9999.0 -9999.0 -9999.0 -9999.0 1.7272234413230434 0.6942712320825266 0.6155335882708507 37.4827650026488 -6.943499036644835 -2.6591450079301167 0.6419837625730116 
Pedestrian 3 0 -9999.0 -9999.0 -9999.0 -9999.0 1.6413741868673242 0.9102319618606736 0.749658509723502 17.176532717044953 1.8287348541586708 -0.7464856752787952 -2.86591423304586 
Pedestrian 5 0 -9999.0 -9999.0 -9999.0 -9999.0 1.6467102258502564 0.8504990806290904 0.946862823709426 2.9147555354499453 2.5789212465392763 0.4635232229476734 0.32793388854878014 
Pedestrian 4 0 -9999.0 -9999.0 -9999.0 -9999.0 1.7335733350919327 0.8234084053360446 0.7316008376188541 2.0779445602079836 2.6766168157299353 0.6402454015894962 0.07579860531459293 
Pedestrian 1 0 -9999.0 -9999.0 -9999.0 -9999.0 1.830187787627785 0.8467364901875526 1.030957247409183 2.2625854245347528 3.605590192973145 0.6563417082134916 -3.037418064928481 
Pedestrian 2 0 -9999.0 -9999.0 -9999.0 -9999.0 1.6047004871739794 0.8225193905720728 0.8427564948210492 2.651530415658474 4.054290098530826 0.4380057983245784 0.44245222777422555 
Pedestrian 6 0 -9999.0 -9999.0 -9999.0 -9999.0 1.8 0.7815797515521649 0.729516349447393 21.132535885882415 -1.7998715969304195 -1.0143601170513084 -3.0167889902002827 
Pedestrian 7 0 -9999.0 -9999.0 -9999.0 -9999.0 1.85 0.7446143281153959 0.7378356243838986 20.720280839911112 -2.5044299592146353 -0.9976361776183784 -3.0167473323324607 
Pedestrian 9 0 -9999.0 -9999.0 -9999.0 -9999.0 1.7388951330758573 0.762844615165235 0.6125796005267553 18.90153333348897 2.509173066112789 -0.918627279472261 1.9877892941463102 
Pedestrian 10 0 -9999.0 -9999.0 -9999.0 -9999.0 1.7238665634959034 0.765649395571576 0.6782236572752955 19.515588294000523 2.2720136749597453 -0.9944081908075398 1.989617227265338 
Car 1 0 -9999.0 -9999.0 -9999.0 -9999.0 1.9636838768401188 5.159477280173534 1.9749927503715075 8.597631540922341 -3.125197074960237 0.2348283800359623 0.07789770959266917 
Pedestrian 11 0 -9999.0 -9999.0 -9999.0 -9999.0 1.833843394516407 0.888361750840276 0.8547891083331658 40.01324042102403 -1.7686319112315227 -2.8281058431873576 -3.0700747463485296 
Pedestrian 44 0 -9999.0 -9999.0 -9999.0 -9999.0 1.773026559218124 1 0.9694486388550138 -19.88631306807524 2.9022380474010814 2.816984880630604 -3.0380017487850104 
Pedestrian 43 0 -9999.0 -9999.0 -9999.0 -9999.0 1.6975355979754738 1 1.115836959245979 -19.97440238791221 1.8722568057768687 2.722149949070238 -3.037376045169953 
Pedestrian 18 0 -9999.0 -9999.0 -9999.0 -9999.0 1.553791531556044 0.9350978240778415 0.7014189842208715 8.285433802822409 -1.7081283647660717 0.03395561061853564 0.23639925433707099 
Pedestrian 17 0 -9999.0 -9999.0 -9999.0 -9999.0 1.6786936986616088 0.9385842718372612 0.8570610823441984 8.364654243296819 -1.0059082693570809 0.07957178534962646 0.21199083539042185 
Pedestrian 19 0 -9999.0 -9999.0 -9999.0 -9999.0 1.88766995436284 0.8473523143195599 0.8020167022554571 27.26541002504732 0.2604172431112204 -1.514662432280351 0.18057796209967503 
Pedestrian 20 0 -9999.0 -9999.0 -9999.0 -9999.0 1.8942850025152396 0.7837367986462382 0.6986151564054772 26.8044696996291 -0.3574650562467731 -1.488956298740155 0.2298160031087857 
Pedestrian 8 0 -9999.0 -9999.0 -9999.0 -9999.0 1.7182020193881877 0.84040506779357 0.7617142683117479 19.495243214122123 -3.5416851632459543 -0.9176452305128939 -3.0213284397943596 
Pedestrian 36 0 -9999.0 -9999.0 -9999.0 -9999.0 1.85 0.8455221526426029 0.7795427445654814 -6.376091523034799 5.11837471385287 1.3120282068883853 -1.1350941328727728 
Pedestrian 1002 0 -9999.0 -9999.0 -9999.0 -9999.0 1.5480067025273518 0.5644233003512866 0.6213012349133786 26.99451455121691 -2.865282039685828 -1.7582262346618676 -3.043520129541184 
Pedestrian 16 0 -9999.0 -9999.0 -9999.0 -9999.0 1.5480067025273518 0.5644233003512866 0.6213012349133786 26.90043676810801 -3.643466644724833 -1.7652312824328937 -3.0435201287796687 
Pedestrian 34 0 -9999.0 -9999.0 -9999.0 -9999.0 1.8 0.742563890087286 0.7166973150341831 -7.218789890448194 4.999575829057587 1.3526488903438731 -1.2337196666267545 
Pedestrian 27 0 -9999.0 -9999.0 -9999.0 -9999.0 1.8 0.8271693526588353 0.8407252643496999 29.593644905575573 -0.2862163141120785 -1.7732351555256565 1.5879771142039987 
Pedestrian 503 0 -9999.0 -9999.0 -9999.0 -9999.0 1.5098862519504819 0.7016892788347073 0.6244449312827264 23.91344761265153 5.291430981792615 -1.2513235480927785 2.395193348729382 
Pedestrian 15 0 -9999.0 -9999.0 -9999.0 -9999.0 1.4995242359067946 0.6433493585685015 0.616020103352135 26.376097994401583 3.511539385336684 -1.6367384224365185 1.7633005582362653 
Pedestrian 22 0 -9999.0 -9999.0 -9999.0 -9999.0 1.7272234413230434 0.8930338539667776 0.7589542967325148 24.60936998182187 -4.178786249809745 -1.368792945225592 -3.0176519542090467 
Pedestrian 777 0 -9999.0 -9999.0 -9999.0 -9999.0 1.5601539586488533 0.7742910735758141 0.7734620811052282 -11.977846107710473 1.9887171532616783 1.9139466719579619 1.712543768325082 
Pedestrian 502 0 -9999.0 -9999.0 -9999.0 -9999.0 1.5580631857725595 0.6324640994580073 0.6231826615974934 23.21144407795058 5.560737554625523 -1.1131825897305472 2.384829929335883 
Pedestrian 45 0 -9999.0 -9999.0 -9999.0 -9999.0 1.840803791853019 0.9047965827395252 0.7795427445654814 5.955450709337734 -1.9131009507842074 0.36415784990382644 3.1355251068168357 
Pedestrain_sitting 20 0 -9999.0 -9999.0 -9999.0 -9999.0 0.9288023059382893 0.630173997091732 0.7116151379014846 10.889548727156004 5.291108451121272 -0.0504131525859135 -3.0334807416473666 
Car 4 0 -9999.0 -9999.0 -9999.0 -9999.0 2.0589564776245735 4.5 2.044844764170049 -33.23784584803058 6.753843865424155 3.9677811119818887 0.15975626962034895 
Pedestrian 200 0 -9999.0 -9999.0 -9999.0 -9999.0 1.7521106512660325 0.9162872598483918 0.6944942567378337 -11.28000622343272 3.4426291176637327 1.954544991649871 -3.054452716482558 
Pedestrian 47 0 -9999.0 -9999.0 -9999.0 -9999.0 1.739259612086605 0.9765708634005151 0.6968829901888434 -11.036510494088029 1.6804248008860843 1.789209001535534 1.1048878191712959 
Pedestrian 24 0 -9999.0 -9999.0 -9999.0 -9999.0 1.5665724604937843 0.8256175940025915 0.7327379765104859 18.48333009976918 -5.090369310164663 -0.9984064194317259 -2.2350991403341123 
Pedestrian 46 0 -9999.0 -9999.0 -9999.0 -9999.0 1.739259612086605 0.8137808070594968 0.7631092640473314 -10.427916279903215 2.091754237333387 1.9144301106433295 1.084448972565486 
Pedestrian 35 0 -9999.0 -9999.0 -9999.0 -9999.0 1.85 0.8455221526426029 0.8055941736449839 1.763450621710387 5.0368705818934165 0.6472923611849877 -3.0817930379206775 
Pedestrian 39 0 -9999.0 -9999.0 -9999.0 -9999.0 1.6992181517554945 0.7236988029930532 0.6130136573276566 -11.243354222394332 2.7849550686278146 1.9399979534600547 -3.0545536926559205 
Pedestrian 49 0 -9999.0 -9999.0 -9999.0 -9999.0 1.8880449392725787 0.7266739568839767 0.719062337692116 -13.256818777889913 -2.0886084785585517 1.8508808089024995 1.1335972451787004 
Pedestrian 51 0 -9999.0 -9999.0 -9999.0 -9999.0 1.7084772160642387 0.6876926218915868 0.6022575416759411 -8.482724468816032 -2.5001208137099744 1.6689671469650225 1.7806207929365527 
Pedestrian 50 0 -9999.0 -9999.0 -9999.0 -9999.0 1.6682901068147347 0.7378107948553352 0.6318862957964667 -9.275428737732966 -2.262204454269521 1.6652263077327825 1.774286363237355 
Pedestrian 37 0 -9999.0 -9999.0 -9999.0 -9999.0 1.7674898152527898 0.7851268766529278 0.7077031440696406 -6.3914903655789095 2.3441644777084214 1.4196251957843784 -2.9495750872638755 
Pedestrian 38 0 -9999.0 -9999.0 -9999.0 -9999.0 1.768936684463284 0.7798122203956248 0.6543593384916504 -6.388412542577371 3.033117554667035 1.311323268080184 -2.949450228658087 
Pedestrian 48 0 -9999.0 -9999.0 -9999.0 -9999.0 1.8437648405814306 0.63 0.8639507388388924 -12.637011339602164 -1.865369137001829 1.8193517996411608 0.18305898296434897 
Pedestrain_sitting 556 0 -9999.0 -9999.0 -9999.0 -9999.0 1.3003415906177906 0.5495013160563614 0.4849281347249202 21.227705496466175 -8.634279528033876 -1.0987928901906947 3.1368080825650217 
Pedestrain_sitting 555 0 -9999.0 -9999.0 -9999.0 -9999.0 1.3003415906177906 0.5495013160563614 0.4849281347249202 21.208379585395374 -7.924922442851256 -1.10057183615174 3.1368080825650217 
Pedestrian 23 0 -9999.0 -9999.0 -9999.0 -9999.0 1.733985410563253 0.6134757942819711 0.7222749871810963 17.138890457624044 -4.848772297740154 -0.7637430200634605 -2.0191023197871907 
