Car 2 0 -9999.0 -9999.0 -9999.0 -9999.0 1.7161032172723623 4.3042446659889535 2.497900330371051 29.55275537290784 0.9593543602303787 -2.5787233965268275 0.07281321653102601 
Pedestrian 26 0 -9999.0 -9999.0 -9999.0 -9999.0 1.8 0.880638232653005 0.7173897124333324 24.655522365836443 -3.7426286789363874 -2.1235225349816504 -2.954805073580406 
Pedestrian 42 0 -9999.0 -9999.0 -9999.0 -9999.0 1.9110630666244788 0.6648425352273584 0.7730646177530336 -27.27383069042264 0.3346163195620497 2.3024063934363013 1.1422603112197542 
Pedestrian 41 0 -9999.0 -9999.0 -9999.0 -9999.0 1.7717383253829708 0.6171990397476583 0.6601212154854279 -26.843376038106364 0.856703644110108 2.237517715316704 1.124721062312906 
Pedestrain_sitting 21 0 -9999.0 -9999.0 -9999.0 -9999.0 0.9170967942404316 0.6239191457374971 0.6351946031908755 11.694425435860845 5.242405591229385 -1.1182542172576762 0.1301647331943947 
Pedestrian 1001 0 -9999.0 -9999.0 -9999.0 -9999.0 1.8190235843771385 0.6309324708718423 0.6213012349133786 32.19843543644506 2.688422820692988 -2.5134533314069647 1.595948273698112 
Pedestrian 765 0 -9999.0 -9999.0 -9999.0 -9999.0 1.765427731387784 0.6045377694180526 0.7280996093110779 29.461054460475772 2.2559852317070126 -2.552808037880941 -1.0861085331491118 
Pedestrian 888 0 -9999.0 -9999.0 -9999.0 -9999.0 1.5366259275535865 0.5877254913696837 0.6357928477663076 12.300505704020164 8.282751800681957 -1.2889594168211227 -3.1056352126168996 
Pedestrian 223 0 -9999.0 -9999.0 -9999.0 -9999.0 1.7272234413230434 0.6942712320825266 0.6155335882708507 37.14802091686002 -7.059589421122839 -3.319861461543753 0.6419837788612739 
Pedestrian 3 0 -9999.0 -9999.0 -9999.0 -9999.0 1.6413741868673242 0.9102319618606736 0.749658509723502 8.237120532664063 3.408036649805544 -0.9637390861562823 -2.86591423304586 
Pedestrian 5 0 -9999.0 -9999.0 -9999.0 -9999.0 1.6467102258502564 0.8504990806290904 0.7324788173464449 6.212180670612687 2.857449437399493 -0.7007666511861039 0.3366775618192257 
Pedestrian 4 0 -9999.0 -9999.0 -9999.0 -9999.0 1.7335733350919327 0.8234084053360446 0.7316008376188541 5.733625238139405 3.003293604878115 -0.6511976879863874 0.41837245040376114 
Pedestrian 1 0 -9999.0 -9999.0 -9999.0 -9999.0 1.830187787627785 0.8467364901875526 1.030957247409183 1.9498565266699666 3.5407535858489423 -0.29937530003904944 2.94884785855243 
Pedestrian 2 0 -9999.0 -9999.0 -9999.0 -9999.0 1.6047004871739794 0.8225193905720728 0.8427564948210492 2.8805420830603614 3.8513117582662213 -0.5216028648582294 0.4440707538360762 
Pedestrian 6 0 -9999.0 -9999.0 -9999.0 -9999.0 1.8 0.7815797515521649 0.729516349447393 12.369185033209162 -0.6133659646696922 -0.9660456201363392 -3.016746112959108 
Pedestrian 7 0 -9999.0 -9999.0 -9999.0 -9999.0 1.85 0.7446143281153959 0.7378356243838986 12.085512421438795 -1.359379812233164 -0.9424549272715147 -3.0167473323324607 
Pedestrian 9 0 -9999.0 -9999.0 -9999.0 -9999.0 1.7388951330758573 0.762844615165235 0.6125796005267553 14.516008901209725 2.0999927588858758 -1.362941939145299 -3.065907017425305 
Pedestrian 10 0 -9999.0 -9999.0 -9999.0 -9999.0 1.7238665634959034 0.765649395571576 0.6782236572752955 14.609110722878592 1.5956988321039234 -1.36519332162985 -3.06609776527651 
Car 1 0 -9999.0 -9999.0 -9999.0 -9999.0 1.9636838768401188 5.159477280173534 1.9749927503715075 8.438695393955703 -3.109219408613616 -0.5930014140481308 0.07789770794600948 
Pedestrian 11 0 -9999.0 -9999.0 -9999.0 -9999.0 1.833843394516407 0.888361750840276 0.8547891083331658 27.74848010551679 -0.8247245245197543 -2.449009409568437 -3.0700747691967685 
Pedestrian 44 0 -9999.0 -9999.0 -9999.0 -9999.0 1.773026559218124 1 0.9694486388550138 -31.458821443849313 3.7560336387727924 2.59787806726414 -3.0445453910583993 
Pedestrian 43 0 -9999.0 -9999.0 -9999.0 -9999.0 1.6975355979754738 1 1.115836959245979 -31.52092770608371 2.752650837557969 2.9063490919436354 -3.044545377315867 
Pedestrian 18 0 -9999.0 -9999.0 -9999.0 -9999.0 1.553791531556044 0.9350978240778415 0.7014189842208715 15.394405349906236 -3.7050851313643967 -1.4289751242907167 0.2090435806053419 
Pedestrian 17 0 -9999.0 -9999.0 -9999.0 -9999.0 1.6786936986616088 0.9385842718372612 0.8570610823441984 15.687739814971529 -2.9338296178627346 -1.3624764790325399 0.22587713568363021 
Pedestrian 19 0 -9999.0 -9999.0 -9999.0 -9999.0 1.88766995436284 0.8473523143195599 0.8020167022554571 33.33601665671593 -0.033356191886811014 -2.6101201163170265 -0.013681613865584197 
Pedestrian 20 0 -9999.0 -9999.0 -9999.0 -9999.0 1.8942850025152396 0.7837367986462382 0.6986151564054772 32.959997470500255 -0.7374710799758049 -2.5854233142227656 -0.02058969891851703 
Pedestrian 8 0 -9999.0 -9999.0 -9999.0 -9999.0 1.7182020193881877 0.84040506779357 0.7617142683117479 12.598937035233101 -2.4246193848521385 -1.0421801918588258 -3.070153691764297 
Pedestrian 36 0 -9999.0 -9999.0 -9999.0 -9999.0 1.85 0.8455221526426029 0.7795427445654814 -6.540298376584817 4.778561811914035 0.5122893673089408 -1.2755187371848677 
Pedestrian 1002 0 -9999.0 -9999.0 -9999.0 -9999.0 1.5480067025273518 0.5644233003512866 0.6213012349133786 17.69062133055353 -1.977801141867551 -1.6534515299553745 -3.043520129541184 
Pedestrian 16 0 -9999.0 -9999.0 -9999.0 -9999.0 1.5480067025273518 0.5644233003512866 0.6213012349133786 17.51854777151586 -2.646956022079204 -1.6325433991833065 -3.0435201283658326 
Pedestrian 34 0 -9999.0 -9999.0 -9999.0 -9999.0 1.8 0.742563890087286 0.7166973150341831 -7.125316204010438 4.2425077861004326 0.5083245836041593 2.4482893276774806 
Pedestrian 503 0 -9999.0 -9999.0 -9999.0 -9999.0 1.5098862519504819 0.7016892788347073 0.6244449312827264 23.381844212935054 4.997427949736242 -1.818003443275172 2.395193348729382 
Pedestrian 14 0 -9999.0 -9999.0 -9999.0 -9999.0 1.5350666013118595 0.6767124353147551 0.6338965826401189 20.17866575709576 -1.126072063498725 -1.6916740933813048 -2.9680037038112204 
Pedestrian 15 0 -9999.0 -9999.0 -9999.0 -9999.0 1.4995242359067946 0.6433493585685015 0.616020103352135 20.097371152732613 -1.8284629414942462 -1.7191805901684392 -2.9706701177755335 
Pedestrian 22 0 -9999.0 -9999.0 -9999.0 -9999.0 1.7272234413230434 0.8930338539667776 0.7589542967325148 19.48256878423218 -4.199953379205364 -1.661343548465817 -3.015785709231263 
Pedestrian 777 0 -9999.0 -9999.0 -9999.0 -9999.0 1.5601539586488533 0.7742910735758141 0.7734620811052282 -5.51079817727376 -2.5036750576653457 0.3416422000350768 0.6042353317485496 
Pedestrian 45 0 -9999.0 -9999.0 -9999.0 -9999.0 1.840803791853019 0.9047965827395252 0.7795427445654814 -2.2783075792847085 -2.232622625481078 0.2805530283957173 3.1354613119275374 
Car 4 0 -9999.0 -9999.0 -9999.0 -9999.0 2.0589564776245735 4.5 2.044844764170049 -33.14595431677208 6.729962696135534 2.7788942274966337 0.15975626962034895 
Pedestrian 52 0 -9999.0 -9999.0 -9999.0 -9999.0 1.85 0.8063422351422711 0.648255271894977 -2.0876461145195595 -10.281448896255608 0.4758237875809349 3.0157783739316972 
Pedestrian 53 0 -9999.0 -9999.0 -9999.0 -9999.0 1.85 0.6635819251292966 0.5936944772056624 -0.8484670470994101 -10.825648720303676 0.4248126178819039 2.928476607281148 
Pedestrian 200 0 -9999.0 -9999.0 -9999.0 -9999.0 1.7521106512660325 0.9162872598483918 0.6944942567378337 -20.279240681986032 3.9724616593866755 1.6316513367122432 -3.035981441000178 
Pedestrian 47 0 -9999.0 -9999.0 -9999.0 -9999.0 1.739259612086605 0.9765708634005151 0.6968829901888434 -6.1940003799937475 -2.26726350536042 0.5475768625108687 0.6097833085947038 
Pedestrian 24 0 -9999.0 -9999.0 -9999.0 -9999.0 1.5665724604937843 0.8256175940025915 0.7327379765104859 17.671573598403047 -4.769858847838812 -1.3734680578876255 -1.6969116342692736 
Pedestrian 46 0 -9999.0 -9999.0 -9999.0 -9999.0 1.739259612086605 0.8137808070594968 0.7631092640473314 -5.932611223800587 -1.6922703480579129 0.47790025230225475 0.5780872944077302 
Pedestrian 35 0 -9999.0 -9999.0 -9999.0 -9999.0 1.85 0.8455221526426029 0.8055941736449839 -7.5946553257778575 3.457318581404579 0.6230748448697854 -3.128917702756791 
Pedestrian 39 0 -9999.0 -9999.0 -9999.0 -9999.0 1.6992181517554945 0.7236988029930532 0.6130136573276566 -20.235454579586133 3.302795407666337 1.643132637028943 -3.035980816944665 
Pedestrian 49 0 -9999.0 -9999.0 -9999.0 -9999.0 1.8880449392725787 0.7266739568839767 0.719062337692116 -13.427973372553115 -1.9084604354033596 1.1657612647723288 1.1469763604325784 
Pedestrian 51 0 -9999.0 -9999.0 -9999.0 -9999.0 1.7084772160642387 0.6876926218915868 0.6022575416759411 -8.635798185081004 -2.3091776507667356 0.7314409302671014 1.7806207929365527 
Pedestrian 50 0 -9999.0 -9999.0 -9999.0 -9999.0 1.6682901068147347 0.7378107948553352 0.6318862957964667 -9.447020050426005 -2.1357824954161746 0.7210051253495104 1.774286363237355 
Pedestrian 37 0 -9999.0 -9999.0 -9999.0 -9999.0 1.7674898152527898 0.7851268766529278 0.7077031440696406 -15.48801558648643 3.634299322013925 1.2094276188629518 -2.9494882836995497 
Pedestrian 38 0 -9999.0 -9999.0 -9999.0 -9999.0 1.768936684463284 0.7798122203956248 0.6543593384916504 -15.374125429891096 4.320860291926346 1.2035596962520887 -2.9492870440536443 
Pedestrian 48 0 -9999.0 -9999.0 -9999.0 -9999.0 1.8437648405814306 0.63 0.8639507388388924 -12.827965438989398 -1.5234583236243875 1.1478211534257918 0.18306878179312314 
Pedestrian 23 0 -9999.0 -9999.0 -9999.0 -9999.0 1.733985410563253 0.6134757942819711 0.7222749871810963 16.899098873015525 -4.889923626967091 -1.3203399616027154 -2.0191023197871907 
