Car 2 0 -9999.0 -9999.0 -9999.0 -9999.0 1.7161032172723623 4.3042446659889535 2.497900330371051 29.782742274228912 0.8902541516164335 -1.1887271557826422 0.07281321653102601 
Pedestrian 26 0 -9999.0 -9999.0 -9999.0 -9999.0 1.8 0.880638232653005 0.7173897124333324 40.41530041490819 -3.4180876092170367 -2.1825245111135465 -2.954805073580406 
Pedestrian 25 0 -9999.0 -9999.0 -9999.0 -9999.0 1.8 0.880638232653005 0.7173897124333324 40.54902719888399 -2.6951590758505986 -2.181622560559217 -2.954805073580406 
Car 3 0 -9999.0 -9999.0 -9999.0 -9999.0 1.4301220212552401 4 1.8633935758759457 55.646472187330595 -0.20440648678043433 -3.2144291101811673 -3.0521482483721982 
Pedestrain_sitting 21 0 -9999.0 -9999.0 -9999.0 -9999.0 0.9170967942404316 0.6239191457374971 0.6351946031908755 11.795533669029851 5.243258962044804 0.6560272475431306 0.12836084863412278 
Pedestrian 602 0 -9999.0 -9999.0 -9999.0 -9999.0 1.7238665634959034 0.5990216574770284 0.5824301662283978 18.967156955997226 16.252677428213786 0.3074018332427423 -1.3897913716632182 
Pedestrian 603 0 -9999.0 -9999.0 -9999.0 -9999.0 1.8192270588984627 0.6324640994580073 0.6782236572752955 19.02571266685777 17.954274624751214 0.5433670467135734 -1.4096634316971794 
Pedestrian 601 0 -9999.0 -9999.0 -9999.0 -9999.0 1.7334194695403702 0.5901000815388179 0.5961420748625704 18.721206914371912 12.81895708181354 0.14932354669110054 1.6689180406710147 
Pedestrian 600 0 -9999.0 -9999.0 -9999.0 -9999.0 1.8985119489706095 0.7891492470282006 0.774319038074053 17.98944167616733 13.523893410992999 0.6156657191890627 -1.480001460353371 
Pedestrian 1006 0 -9999.0 -9999.0 -9999.0 -9999.0 1.8319269034634074 0.7746621567225385 0.7296367421575172 28.289951692890057 -4.79492120699614 -1.0198277931784663 -0.21281040040074828 
Pedestrian 1005 0 -9999.0 -9999.0 -9999.0 -9999.0 1.7182020193881877 0.7271215203340413 0.7172417616036824 28.20438494670966 -4.153093444692412 -1.1605937836340399 -0.20790838408789014 
Pedestrian 500 0 -9999.0 -9999.0 -9999.0 -9999.0 1.6591565719904136 0.5920739440172947 0.5901695475559555 22.759075472546908 6.246865775108243 0.0679228068752341 0.5475776796585237 
Pedestrian 999 0 -9999.0 -9999.0 -9999.0 -9999.0 1.7478363069824068 0.6324640994580073 0.6450381271264 20.82512029390138 6.015256922813256 0.0047767010106204155 2.2801236460050784 
Pedestrian 702 0 -9999.0 -9999.0 -9999.0 -9999.0 1.7242744269198185 0.63 0.6898739737048278 -24.77052987404973 3.09320203810611 3.6920235571234032 -3.00732011091074 
Pedestrian 703 0 -9999.0 -9999.0 -9999.0 -9999.0 1.7717383253829708 0.63 0.6566716672544799 -24.70811965310088 3.7708315281012474 3.7406273352916815 -3.00732011091074 
Pedestrian 1001 0 -9999.0 -9999.0 -9999.0 -9999.0 1.8190235843771385 0.6309324708718423 0.6213012349133786 32.538427579287344 2.7198242106642434 -1.3717275695903424 1.5959482666465874 
Pedestrian 888 0 -9999.0 -9999.0 -9999.0 -9999.0 1.5366259275535865 0.5877254913696837 0.6357928477663076 12.73460474517865 7.176226387392749 0.5323980964933372 -0.00998805478983833 
Pedestrian 223 0 -9999.0 -9999.0 -9999.0 -9999.0 1.7272234413230434 0.6942712320825266 0.6155335882708507 37.16005164460076 -7.216976016096652 -1.8818230705192365 0.6419837606283085 
Pedestrian 3 0 -9999.0 -9999.0 -9999.0 -9999.0 1.6413741868673242 0.9102319618606736 0.749658509723502 24.764252456493818 1.56523695846879 -0.7153241345980313 -2.7652733329907946 
Pedestrian 5 0 -9999.0 -9999.0 -9999.0 -9999.0 1.6467102258502564 0.8504990806290904 0.946862823709426 -1.8081134367931553 3.237143505992921 1.6175546989064478 0.3832917726253511 
Pedestrian 4 0 -9999.0 -9999.0 -9999.0 -9999.0 1.7335733350919327 0.8234084053360446 0.7316008376188541 -1.8929105395401375 3.905872647437103 1.7138821273843736 0.07143799963558806 
Pedestrian 1 0 -9999.0 -9999.0 -9999.0 -9999.0 1.830187787627785 0.8467364901875526 1.030957247409183 2.111402218684837 3.734957377134795 1.3614186696764146 -0.7853286992932187 
Pedestrian 2 0 -9999.0 -9999.0 -9999.0 -9999.0 1.6047004871739794 0.8225193905720728 0.8427564948210492 -0.1291091111421972 5.105000616744125 1.5634750797130261 0.8814804502610976 
Pedestrian 6 0 -9999.0 -9999.0 -9999.0 -9999.0 1.8 0.7815797515521649 0.729516349447393 28.31911434602258 -2.70959555924786 -1.0808424009991333 -3.0167883474848054 
Pedestrian 7 0 -9999.0 -9999.0 -9999.0 -9999.0 1.85 0.7446143281153959 0.7378356243838986 28.123602402466528 -3.4293492224397224 -1.1000838975097627 -3.0167473323324607 
Pedestrian 9 0 -9999.0 -9999.0 -9999.0 -9999.0 1.7388951330758573 0.762844615165235 0.6125796005267553 19.041064326978066 2.473832371042258 -0.1499593768494457 2.036328484779828 
Pedestrian 10 0 -9999.0 -9999.0 -9999.0 -9999.0 1.7238665634959034 0.765649395571576 0.6782236572752955 19.62438700983744 2.520585817678027 -0.21647204969742487 1.9711818594262276 
Car 1 0 -9999.0 -9999.0 -9999.0 -9999.0 1.9636838768401188 5.159477280173534 1.9749927503715075 8.754003260492768 -3.125474581581733 0.7439501518443377 0.07789770969792364 
Pedestrian 11 0 -9999.0 -9999.0 -9999.0 -9999.0 1.833843394516407 0.888361750840276 0.8547891083331658 50.41248176900322 -1.9869311787903183 -3.4247991216814193 -3.0700746756093125 
Pedestrian 44 0 -9999.0 -9999.0 -9999.0 -9999.0 1.773026559218124 1 0.9694486388550138 -10.653771946288446 2.12273477779742 2.520575080623908 -3.0325827067098086 
Pedestrian 43 0 -9999.0 -9999.0 -9999.0 -9999.0 1.6975355979754738 1 1.115836959245979 -10.249286470902806 1.0156418955504558 2.4768522649507534 -3.0341142194370825 
Pedestrian 18 0 -9999.0 -9999.0 -9999.0 -9999.0 1.553791531556044 0.9350978240778415 0.7014189842208715 3.5173018744963347 -1.1763932971919255 1.0261342721753772 0.02992594943723681 
Pedestrian 17 0 -9999.0 -9999.0 -9999.0 -9999.0 1.6786936986616088 0.9385842718372612 0.8570610823441984 2.716844319490651 -0.5237483529810032 1.1596224508622268 -0.011324621725194106 
Pedestrian 19 0 -9999.0 -9999.0 -9999.0 -9999.0 1.88766995436284 0.8473523143195599 0.8020167022554571 22.179315064474014 1.33559137623267 -0.3446730820944456 -0.028535674191422444 
Pedestrian 20 0 -9999.0 -9999.0 -9999.0 -9999.0 1.8942850025152396 0.7837367986462382 0.6986151564054772 21.828547398577832 0.7460925703807805 -0.3142477416260933 -0.02853560967133184 
Pedestrian 8 0 -9999.0 -9999.0 -9999.0 -9999.0 1.7182020193881877 0.84040506779357 0.7617142683117479 25.742245095754114 -3.5486519963751633 -0.8291049334732791 2.9286977798493705 
Pedestrian 36 0 -9999.0 -9999.0 -9999.0 -9999.0 1.85 0.8455221526426029 0.7795427445654814 -6.078888954512493 5.488879674904981 1.7174805318031439 -1.1350935540062945 
Pedestrian 1002 0 -9999.0 -9999.0 -9999.0 -9999.0 1.5480067025273518 0.5644233003512866 0.6213012349133786 34.981964704043534 -3.0481924541654846 -1.8015871068753604 -3.043520129541184 
Pedestrian 16 0 -9999.0 -9999.0 -9999.0 -9999.0 1.5480067025273518 0.5644233003512866 0.6213012349133786 35.00004050553837 -3.9564888686353616 -1.840971094541962 -3.043520126389881 
Pedestrian 34 0 -9999.0 -9999.0 -9999.0 -9999.0 1.8 0.742563890087286 0.7166973150341831 -6.984587506579545 5.271315228078852 1.72405661160325 -1.2337187573984423 
Pedestrian 27 0 -9999.0 -9999.0 -9999.0 -9999.0 1.8 0.8271693526588353 0.8407252643496999 30.07080859038473 -0.06792765824593025 -1.0985999063533578 2.1651333236272308 
Pedestrian 503 0 -9999.0 -9999.0 -9999.0 -9999.0 1.5098862519504819 0.7016892788347073 0.6244449312827264 23.95193200771033 5.244992534693 -0.21567156068950194 2.395193348729382 
Pedestrian 28 0 -9999.0 -9999.0 -9999.0 -9999.0 1.9344750647178444 0.9180852004756592 0.7505107045290647 37.372843151703876 -0.9339442089405041 -1.6844189260614173 0.005317858512576379 
Pedestrian 29 0 -9999.0 -9999.0 -9999.0 -9999.0 1.914706511234499 0.9112747753301017 0.7505107045290647 37.35114454234997 -0.19005054650895292 -1.678871120880089 0.005317858512576379 
Pedestrian 22 0 -9999.0 -9999.0 -9999.0 -9999.0 1.7272234413230434 0.8930338539667776 0.7589542967325148 28.550959619480018 -5.338892163677701 -1.2810157867241094 -1.7175984877438424 
Pedestrian 502 0 -9999.0 -9999.0 -9999.0 -9999.0 1.5580631857725595 0.6324640994580073 0.6231826615974934 23.465966568535805 5.745940796685929 -0.22618140761874742 2.40245016323642 
Pedestrian 45 0 -9999.0 -9999.0 -9999.0 -9999.0 1.840803791853019 0.9047965827395252 0.7795427445654814 12.356256423148487 -2.817573188999146 0.3453817046523321 -2.6871639574767485 
Pedestrain_sitting 20 0 -9999.0 -9999.0 -9999.0 -9999.0 0.9288023059382893 0.630173997091732 0.7116151379014846 10.918546163635565 5.31061571000493 0.7036380947324434 -3.0335155129291262 
Pedestrian 30 0 -9999.0 -9999.0 -9999.0 -9999.0 1.6574581668813668 0.5844020196858356 0.6601390122619767 54.205603107275245 -3.1534287830602272 -3.6775252118861474 0.1885831732449823 
Pedestrian 200 0 -9999.0 -9999.0 -9999.0 -9999.0 1.7521106512660325 0.9162872598483918 0.6944942567378337 -3.3526176170767408 2.4989588085944208 1.8881035489995952 -3.0633450959250723 
Pedestrian 24 0 -9999.0 -9999.0 -9999.0 -9999.0 1.5665724604937843 0.8256175940025915 0.7327379765104859 22.67014226238803 -5.322853596202158 -0.7347368357340818 -1.0267982887206557 
Pedestrian 35 0 -9999.0 -9999.0 -9999.0 -9999.0 1.85 0.8455221526426029 0.8055941736449839 8.206598665350004 3.833162419009912 0.7527641750360162 -3.0816858503265525 
Pedestrian 31 0 -9999.0 -9999.0 -9999.0 -9999.0 1.6183186744299025 0.6340866970656824 0.5322695037304019 56.40056163805457 -2.316812762998478 -3.87104936330068 -3.0553355148965053 
Pedestrian 32 0 -9999.0 -9999.0 -9999.0 -9999.0 1.6264157795512513 0.6356555012147109 0.5322695037304019 55.98134401182789 -1.6675371164040684 -3.8629636439638304 -3.056922019186569 
Pedestrian 33 0 -9999.0 -9999.0 -9999.0 -9999.0 1.85 1.011633098401595 1.1292297078013385 42.09989490146221 -6.382452535320034 -2.307592042774175 2.750518124358825 
Pedestrian 39 0 -9999.0 -9999.0 -9999.0 -9999.0 1.6992181517554945 0.7236988029930532 0.6130136573276566 -3.3382096677301054 1.8239847872941577 1.8734777349136713 -3.054605567449128 
Pedestrian 49 0 -9999.0 -9999.0 -9999.0 -9999.0 1.8880449392725787 0.7266739568839767 0.719062337692116 -13.253164356192599 -2.101189498772764 2.32930124110975 1.1335962311142724 
Pedestrian 51 0 -9999.0 -9999.0 -9999.0 -9999.0 1.7084772160642387 0.6876926218915868 0.6022575416759411 -8.404456211347776 -2.349127671898676 2.085555621876203 1.7806207929365527 
Pedestrian 50 0 -9999.0 -9999.0 -9999.0 -9999.0 1.6682901068147347 0.7378107948553352 0.6318862957964667 -9.155362927857622 -1.931754027726538 2.083235008547137 1.774286363237355 
Pedestrian 37 0 -9999.0 -9999.0 -9999.0 -9999.0 1.7674898152527898 0.7851268766529278 0.7077031440696406 -0.04696531416942459 1.050844499761725 1.5264294758966488 -1.4732055055459679 
Pedestrian 38 0 -9999.0 -9999.0 -9999.0 -9999.0 1.768936684463284 0.7798122203956248 0.6543593384916504 0.6880319980739688 1.0645156565353635 1.534812233693854 -1.473185027492839 
Pedestrian 48 0 -9999.0 -9999.0 -9999.0 -9999.0 1.8437648405814306 0.63 0.8639507388388924 -12.613840232220905 -1.6397318107015855 2.311353718294215 0.18306875291508895 
Pedestrain_sitting 557 0 -9999.0 -9999.0 -9999.0 -9999.0 1.3003415906177906 0.5495013160563614 0.4849281347249202 22.515081784475324 -8.822626091671346 -0.5779587558719181 -0.004784606689160142 
Pedestrain_sitting 556 0 -9999.0 -9999.0 -9999.0 -9999.0 1.3003415906177906 0.5495013160563614 0.4849281347249202 21.155151002089077 -8.699106845820147 -0.582395131692796 3.1368080825650217 
Pedestrain_sitting 555 0 -9999.0 -9999.0 -9999.0 -9999.0 1.3003415906177906 0.5495013160563614 0.4849281347249202 21.1354823390215 -7.977167553482146 -0.5669083009340421 3.1368080825650217 
Pedestrian 23 0 -9999.0 -9999.0 -9999.0 -9999.0 1.733985410563253 0.6134757942819711 0.7222749871810963 17.195027023100312 -4.881370001474107 -0.19276777631917782 -2.0191023197871907 
