Car 2 0 -9999.0 -9999.0 -9999.0 -9999.0 1.7161032172723623 4.3042446659889535 2.497900330371051 29.666427066409558 1.4006376761642099 -2.0331981734385747 0.07281321653102601 
Pedestrian 26 0 -9999.0 -9999.0 -9999.0 -9999.0 1.8 0.880638232653005 0.7173897124333324 30.33768136936825 -3.8609132207770163 -2.089975386328322 -2.954805073580406 
Pedestrian 25 0 -9999.0 -9999.0 -9999.0 -9999.0 1.8 0.880638232653005 0.7173897124333324 30.354991835366548 -3.10520172560066 -2.0914151263669525 -2.954805073580406 
Car 3 0 -9999.0 -9999.0 -9999.0 -9999.0 1.4301220212552401 4 1.8633935758759457 55.4918010334487 -0.19053500566130935 -3.4288324176089016 -3.0521482483721982 
Pedestrian 42 0 -9999.0 -9999.0 -9999.0 -9999.0 1.9110630666244788 0.6648425352273584 0.7730646177530336 -27.1724001542328 -0.027608356814710938 2.979906137748565 1.5037480805706043 
Pedestrian 41 0 -9999.0 -9999.0 -9999.0 -9999.0 1.7717383253829708 0.6171990397476583 0.6601212154854279 -26.75770515766059 0.45098535972593046 2.9023079963598257 1.5088556683859462 
Pedestrain_sitting 21 0 -9999.0 -9999.0 -9999.0 -9999.0 0.9170967942404316 0.6239191457374971 0.6351946031908755 11.732507443409917 5.242727009899421 -0.4499782715809192 0.1294853073624047 
Pedestrian 702 0 -9999.0 -9999.0 -9999.0 -9999.0 1.7242744269198185 0.63 0.6898739737048278 -36.711800603696865 5.051340394708475 3.801833440716336 -3.00732011091074 
Pedestrian 703 0 -9999.0 -9999.0 -9999.0 -9999.0 1.7717383253829708 0.63 0.6566716672544799 -36.54513490290479 5.789020104118772 3.851463461770872 -3.00732011091074 
Pedestrian 1001 0 -9999.0 -9999.0 -9999.0 -9999.0 1.8190235843771385 0.6309324708718423 0.6213012349133786 32.06168407971504 3.006164770626462 -2.0389910999982703 1.5959482667987235 
Pedestrian 765 0 -9999.0 -9999.0 -9999.0 -9999.0 1.765427731387784 0.6045377694180526 0.7280996093110779 29.386865310797756 2.4395492905937175 -1.8862570485357553 -1.6886435846879202 
Pedestrian 888 0 -9999.0 -9999.0 -9999.0 -9999.0 1.5366259275535865 0.5877254913696837 0.6357928477663076 13.303013647141334 7.954998958471493 -0.43812685699163895 -3.104725584411277 
Pedestrian 223 0 -9999.0 -9999.0 -9999.0 -9999.0 1.7272234413230434 0.6942712320825266 0.6155335882708507 37.43070020257648 -6.884401617171158 -2.6347377640631087 0.6419837515744486 
Pedestrian 3 0 -9999.0 -9999.0 -9999.0 -9999.0 1.6413741868673242 0.9102319618606736 0.749658509723502 14.365561328171484 2.130944725617481 -0.712987712991618 -2.865914233053921 
Pedestrian 5 0 -9999.0 -9999.0 -9999.0 -9999.0 1.6467102258502564 0.8504990806290904 0.946862823709426 4.0788107576517065 2.4635744325608084 0.2373698049025032 0.67259843402244 
Pedestrian 4 0 -9999.0 -9999.0 -9999.0 -9999.0 1.7335733350919327 0.8234084053360446 0.7316008376188541 2.140735441358887 2.824951323626586 0.43688236936197705 0.09598966900668948 
Pedestrian 1 0 -9999.0 -9999.0 -9999.0 -9999.0 1.830187787627785 0.8467364901875526 1.030957247409183 2.1912900242537567 3.511596223604854 0.438964225319987 -3.064157805736338 
Pedestrian 2 0 -9999.0 -9999.0 -9999.0 -9999.0 1.6047004871739794 0.8225193905720728 0.8427564948210492 2.9650909832118333 3.8170376447121 0.23215723314627038 0.44400388978393224 
Pedestrian 6 0 -9999.0 -9999.0 -9999.0 -9999.0 1.8 0.7815797515521649 0.729516349447393 18.25610989186714 -1.5281966539773877 -0.9358592142363591 -3.016737572054197 
Pedestrian 7 0 -9999.0 -9999.0 -9999.0 -9999.0 1.85 0.7446143281153959 0.7378356243838986 17.953629271842615 -2.187067906829947 -0.9070340803554852 -3.0167473323324607 
Pedestrian 9 0 -9999.0 -9999.0 -9999.0 -9999.0 1.7388951330758573 0.762844615165235 0.6125796005267553 17.900205225496958 2.2794054210788963 -0.9706154158615186 2.530047653342539 
Pedestrian 10 0 -9999.0 -9999.0 -9999.0 -9999.0 1.7238665634959034 0.765649395571576 0.6782236572752955 18.445899424807326 1.9217215785519872 -1.029707569306977 2.5316382153656605 
Car 1 0 -9999.0 -9999.0 -9999.0 -9999.0 1.9636838768401188 5.159477280173534 1.9749927503715075 8.471415363818894 -3.1088418903771315 0.04633097406917251 0.0778977096716158 
Pedestrian 11 0 -9999.0 -9999.0 -9999.0 -9999.0 1.833843394516407 0.888361750840276 0.8547891083331658 36.09874920384207 -1.4253387524892633 -2.7122956373632796 -3.070074790444849 
Pedestrian 44 0 -9999.0 -9999.0 -9999.0 -9999.0 1.773026559218124 1 0.9694486388550138 -23.522643030159543 3.1540197337532074 2.757025103955337 -3.0449432109766796 
Pedestrian 43 0 -9999.0 -9999.0 -9999.0 -9999.0 1.6975355979754738 1 1.115836959245979 -23.62872513421688 2.133061869194236 2.7298214440768076 -3.0449812640396914 
Pedestrian 18 0 -9999.0 -9999.0 -9999.0 -9999.0 1.553791531556044 0.9350978240778415 0.7014189842208715 10.135634761249227 -1.8983174642766374 -0.29480979917371425 0.0715803457591333 
Pedestrian 17 0 -9999.0 -9999.0 -9999.0 -9999.0 1.6786936986616088 0.9385842718372612 0.8570610823441984 10.683459491936386 -1.3355286913690525 -0.2819191647417992 0.1863221565540938 
Pedestrian 19 0 -9999.0 -9999.0 -9999.0 -9999.0 1.88766995436284 0.8473523143195599 0.8020167022554571 29.012026117448894 -0.21137464576172826 -1.9780429915003788 -0.041691838227302824 
Pedestrian 20 0 -9999.0 -9999.0 -9999.0 -9999.0 1.8942850025152396 0.7837367986462382 0.6986151564054772 28.44974608779965 -0.554588241907726 -1.89431582551349 -0.0062488503861608535 
Pedestrian 8 0 -9999.0 -9999.0 -9999.0 -9999.0 1.7182020193881877 0.84040506779357 0.7617142683117479 17.318273401003772 -3.1295431891345435 -0.8201047984283965 -3.0000755993543677 
Pedestrian 36 0 -9999.0 -9999.0 -9999.0 -9999.0 1.85 0.8455221526426029 0.7795427445654814 -6.338724159757376 5.045588169988167 1.2377309860462502 -1.1351124789343245 
Pedestrian 1002 0 -9999.0 -9999.0 -9999.0 -9999.0 1.5480067025273518 0.5644233003512866 0.6213012349133786 23.947254290273218 -2.948148228107461 -1.3288289514227867 -3.043520129541184 
Pedestrian 16 0 -9999.0 -9999.0 -9999.0 -9999.0 1.5480067025273518 0.5644233003512866 0.6213012349133786 23.65551147494142 -3.5093094346001497 -1.3253145702427178 -3.0435201299761 
Pedestrian 34 0 -9999.0 -9999.0 -9999.0 -9999.0 1.8 0.742563890087286 0.7166973150341831 -7.117311766727025 5.301643599486159 1.366925760676401 -1.2317384242960419 
Pedestrian 27 0 -9999.0 -9999.0 -9999.0 -9999.0 1.8 0.8271693526588353 0.8407252643496999 30.240815077530375 -0.19195777178677093 -2.093672619030179 1.588432878886299 
Pedestrian 503 0 -9999.0 -9999.0 -9999.0 -9999.0 1.5098862519504819 0.7016892788347073 0.6244449312827264 23.94844560568232 5.327194275015802 -1.3293338372737398 2.395193348729382 
Pedestrian 14 0 -9999.0 -9999.0 -9999.0 -9999.0 1.5350666013118595 0.6767124353147551 0.6338965826401189 24.42697856112514 1.3397613403667652 -1.559828404925193 2.1592982799248706 
Pedestrian 15 0 -9999.0 -9999.0 -9999.0 -9999.0 1.4995242359067946 0.6433493585685015 0.616020103352135 24.929270355874074 1.0048631317530046 -1.550772473746763 2.1279094541787416 
Pedestrian 22 0 -9999.0 -9999.0 -9999.0 -9999.0 1.7272234413230434 0.8930338539667776 0.7589542967325148 22.98428356674543 -4.145161614261267 -1.356550308666926 -3.0156668831573494 
Pedestrian 777 0 -9999.0 -9999.0 -9999.0 -9999.0 1.5601539586488533 0.7742910735758141 0.7734620811052282 -11.816461623196098 1.0260334294522089 1.6720610898422397 0.8276264804942262 
Pedestrian 502 0 -9999.0 -9999.0 -9999.0 -9999.0 1.5580631857725595 0.6324640994580073 0.6231826615974934 23.170255454472144 5.5992755485257755 -1.3543594264527 2.3848311613703466 
Pedestrian 45 0 -9999.0 -9999.0 -9999.0 -9999.0 1.840803791853019 0.9047965827395252 0.7795427445654814 3.8787354887257015 -1.9272696281491668 0.4066769035642496 3.135461311936453 
Pedestrain_sitting 20 0 -9999.0 -9999.0 -9999.0 -9999.0 0.9288023059382893 0.630173997091732 0.7116151379014846 10.896132578895557 5.301396560227792 -0.33787282027216325 -3.0334678275136504 
Car 4 0 -9999.0 -9999.0 -9999.0 -9999.0 2.0589564776245735 4.5 2.044844764170049 -33.2710277720283 6.808191909235286 3.757233954291544 0.15975626962034895 
Pedestrian 200 0 -9999.0 -9999.0 -9999.0 -9999.0 1.7521106512660325 0.9162872598483918 0.6944942567378337 -14.029768583984714 3.345391083876522 1.8915243884167838 -3.0349064811169413 
Pedestrian 47 0 -9999.0 -9999.0 -9999.0 -9999.0 1.739259612086605 0.9765708634005151 0.6968829901888434 -11.520852204454402 -0.009098033509645788 1.6886714746624816 1.0850551355066411 
Pedestrian 24 0 -9999.0 -9999.0 -9999.0 -9999.0 1.5665724604937843 0.8256175940025915 0.7327379765104859 17.752871204199824 -4.830102123092255 -1.0350775775164884 -1.6971002827523254 
Pedestrian 46 0 -9999.0 -9999.0 -9999.0 -9999.0 1.739259612086605 0.8137808070594968 0.7631092640473314 -10.88665279876991 0.39268068325925226 1.6437106975441493 1.0901719410149813 
Pedestrian 35 0 -9999.0 -9999.0 -9999.0 -9999.0 1.85 0.8455221526426029 0.8055941736449839 -1.0911635258373298 5.115653190013876 0.7340408362738379 -3.082305709298387 
Pedestrian 39 0 -9999.0 -9999.0 -9999.0 -9999.0 1.6992181517554945 0.7236988029930532 0.6130136573276566 -14.10659410336456 2.736025398845474 1.935216171531536 -3.033774058287854 
Pedestrian 49 0 -9999.0 -9999.0 -9999.0 -9999.0 1.8880449392725787 0.7266739568839767 0.719062337692116 -13.303953802767367 -2.11386039235348 1.862057093861689 1.1336123492549817 
Pedestrian 51 0 -9999.0 -9999.0 -9999.0 -9999.0 1.7084772160642387 0.6876926218915868 0.6022575416759411 -8.614152428397647 -2.4537998924564666 1.366670669084136 1.7806207929365527 
Pedestrian 50 0 -9999.0 -9999.0 -9999.0 -9999.0 1.6682901068147347 0.7378107948553352 0.6318862957964667 -9.399573321815078 -2.243631822980274 1.4216572712581326 1.774286363237355 
Pedestrian 37 0 -9999.0 -9999.0 -9999.0 -9999.0 1.7674898152527898 0.7851268766529278 0.7077031440696406 -9.299968546344036 2.8100058268556287 1.485947998568511 -2.9501017816647988 
Pedestrian 38 0 -9999.0 -9999.0 -9999.0 -9999.0 1.768936684463284 0.7798122203956248 0.6543593384916504 -9.205188414366916 3.4882913658603343 1.4523490977922597 -2.9495686524517737 
Pedestrian 48 0 -9999.0 -9999.0 -9999.0 -9999.0 1.8437648405814306 0.63 0.8639507388388924 -12.75619056549011 -1.6942669097106944 1.8353864447132622 0.1830694088184064 
Pedestrain_sitting 556 0 -9999.0 -9999.0 -9999.0 -9999.0 1.3003415906177906 0.5495013160563614 0.4849281347249202 21.219254353424333 -8.614459680907057 -1.1821728474773887 3.1368080825650217 
Pedestrain_sitting 555 0 -9999.0 -9999.0 -9999.0 -9999.0 1.3003415906177906 0.5495013160563614 0.4849281347249202 21.20125826603118 -7.882001499768536 -1.196387771253454 3.1368080825650217 
Pedestrian 23 0 -9999.0 -9999.0 -9999.0 -9999.0 1.733985410563253 0.6134757942819711 0.7222749871810963 17.02307174677253 -4.843205689808118 -0.9282741906395877 -2.0191023197871907 
