Car 2 0 -9999.0 -9999.0 -9999.0 -9999.0 1.7161032172723623 4.3042446659889535 2.497900330371051 29.80933638176338 0.6879376231328516 -1.182868094946242 0.07281321653102601 
Pedestrian 26 0 -9999.0 -9999.0 -9999.0 -9999.0 1.8 0.880638232653005 0.7173897124333324 39.61349631301357 -3.2077902116404577 -2.2914726687430056 -2.954805073580406 
Pedestrian 25 0 -9999.0 -9999.0 -9999.0 -9999.0 1.8 0.880638232653005 0.7173897124333324 39.68156657839688 -2.497703015108372 -2.283295126182539 -2.954805073580406 
Car 3 0 -9999.0 -9999.0 -9999.0 -9999.0 1.4301220212552401 4 1.8633935758759457 55.63357901813233 -0.2032501796823699 -3.232301467436902 -3.0521482483721982 
Pedestrain_sitting 21 0 -9999.0 -9999.0 -9999.0 -9999.0 0.9170967942404316 0.6239191457374971 0.6351946031908755 11.790279891771123 5.243214619264371 0.5638321876732562 0.1284545819274765 
Pedestrian 601 0 -9999.0 -9999.0 -9999.0 -9999.0 1.7334194695403702 0.5901000815388179 0.5961420748625704 18.680766786483968 12.12556184956207 0.02573781324386583 1.6689180376342314 
Pedestrian 1006 0 -9999.0 -9999.0 -9999.0 -9999.0 1.8319269034634074 0.7746621567225385 0.7296367421575172 28.571330186496684 -4.92038675260314 -1.1925527800525266 0.06528279992219677 
Pedestrian 1005 0 -9999.0 -9999.0 -9999.0 -9999.0 1.7182020193881877 0.7271215203340413 0.7172417616036824 28.57557472106632 -4.201199827716086 -1.3370890939301365 0.07165956821260977 
Pedestrian 999 0 -9999.0 -9999.0 -9999.0 -9999.0 1.7478363069824068 0.6324640994580073 0.6450381271264 20.835675269520284 5.922794937830208 -0.0900453205146309 2.29681828506963 
Pedestrian 702 0 -9999.0 -9999.0 -9999.0 -9999.0 1.7242744269198185 0.63 0.6898739737048278 -25.64066000307389 3.008724482754509 3.6545066683171363 -3.00732011091074 
Pedestrian 703 0 -9999.0 -9999.0 -9999.0 -9999.0 1.7717383253829708 0.63 0.6566716672544799 -25.5767992595904 3.7459687157509007 3.680033161466979 -3.00732011091074 
Pedestrian 1001 0 -9999.0 -9999.0 -9999.0 -9999.0 1.8190235843771385 0.6309324708718423 0.6213012349133786 32.51841079892402 2.7165177538702077 -1.4649351031843314 1.5959482666457632 
Pedestrian 888 0 -9999.0 -9999.0 -9999.0 -9999.0 1.5366259275535865 0.5877254913696837 0.6357928477663076 13.244953318897574 7.173638598986765 0.41020464431842985 0.1523366332321583 
Pedestrian 223 0 -9999.0 -9999.0 -9999.0 -9999.0 1.7272234413230434 0.6942712320825266 0.6155335882708507 37.17257861493829 -7.27554654843222 -1.9903376727300488 0.6419837606309731 
Pedestrian 3 0 -9999.0 -9999.0 -9999.0 -9999.0 1.6413741868673242 0.9102319618606736 0.749658509723502 23.920102462497304 1.9785140063678521 -0.7940967089342272 -2.8645559538504806 
Pedestrian 5 0 -9999.0 -9999.0 -9999.0 -9999.0 1.6467102258502564 0.8504990806290904 0.946862823709426 -0.9478749084929516 3.1893710611954083 1.4984451582313167 0.3176163546353461 
Pedestrian 4 0 -9999.0 -9999.0 -9999.0 -9999.0 1.7335733350919327 0.8234084053360446 0.7316008376188541 -1.422481370706216 3.788723189386391 1.575421487905156 0.0714118138967006 
Pedestrian 1 0 -9999.0 -9999.0 -9999.0 -9999.0 1.830187787627785 0.8467364901875526 1.030957247409183 2.2572205867713238 3.6271192885119152 1.3879038386967837 -1.2761721826876382 
Pedestrian 2 0 -9999.0 -9999.0 -9999.0 -9999.0 1.6047004871739794 0.8225193905720728 0.8427564948210492 0.21193055869442765 4.919868856199043 1.4316190157854736 0.439389459174369 
Pedestrian 6 0 -9999.0 -9999.0 -9999.0 -9999.0 1.8 0.7815797515521649 0.729516349447393 27.472228090547947 -2.6779832828467116 -1.0739125745109868 -3.016788347569884 
Pedestrian 7 0 -9999.0 -9999.0 -9999.0 -9999.0 1.85 0.7446143281153959 0.7378356243838986 27.235770744362053 -3.3959218871887917 -1.061581966820677 -3.0167473323324607 
Pedestrian 9 0 -9999.0 -9999.0 -9999.0 -9999.0 1.7388951330758573 0.762844615165235 0.6125796005267553 19.05628995347138 2.4892274492577307 -0.27043620298382964 2.036885574826684 
Pedestrian 10 0 -9999.0 -9999.0 -9999.0 -9999.0 1.7238665634959034 0.765649395571576 0.6782236572752955 19.630527724050975 2.5003062272847347 -0.32882869787217156 1.93060516649585 
Car 1 0 -9999.0 -9999.0 -9999.0 -9999.0 1.9636838768401188 5.159477280173534 1.9749927503715075 8.786756159449533 -3.1317215658146846 0.636767400456106 0.07789770970020449 
Pedestrian 11 0 -9999.0 -9999.0 -9999.0 -9999.0 1.833843394516407 0.888361750840276 0.8547891083331658 49.22773322477869 -1.9147807692760848 -3.3483269426861964 -3.0700746840570297 
Pedestrian 44 0 -9999.0 -9999.0 -9999.0 -9999.0 1.773026559218124 1 0.9694486388550138 -11.738862488056526 2.0070715918688395 2.5002926982599942 -2.966637985281091 
Pedestrian 43 0 -9999.0 -9999.0 -9999.0 -9999.0 1.6975355979754738 1 1.115836959245979 -11.436995997902404 0.900342668691599 2.464104332106019 -2.971653791541673 
Pedestrian 18 0 -9999.0 -9999.0 -9999.0 -9999.0 1.553791531556044 0.9350978240778415 0.7014189842208715 3.8960717094967507 -1.1618762225463066 0.830999925468954 0.0466961571831499 
Pedestrian 17 0 -9999.0 -9999.0 -9999.0 -9999.0 1.6786936986616088 0.9385842718372612 0.8570610823441984 3.067633927875264 -0.6103436120081142 0.8824805648241382 -0.02413752426334881 
Pedestrian 19 0 -9999.0 -9999.0 -9999.0 -9999.0 1.88766995436284 0.8473523143195599 0.8020167022554571 22.749545707660303 1.4186173103081199 -0.5289517975009874 -0.021829874230448354 
Pedestrian 20 0 -9999.0 -9999.0 -9999.0 -9999.0 1.8942850025152396 0.7837367986462382 0.6986151564054772 22.303779286139218 0.7191563112267148 -0.4979331206829286 -0.021771144604672443 
Pedestrian 8 0 -9999.0 -9999.0 -9999.0 -9999.0 1.7182020193881877 0.84040506779357 0.7617142683117479 25.042569105109287 -3.7388731466652065 -0.8994062361605191 2.9620838251598123 
Pedestrian 36 0 -9999.0 -9999.0 -9999.0 -9999.0 1.85 0.8455221526426029 0.7795427445654814 -5.934339477257182 5.519737141387466 1.6426862185936313 -1.1350935544123502 
Pedestrian 1002 0 -9999.0 -9999.0 -9999.0 -9999.0 1.5480067025273518 0.5644233003512866 0.6213012349133786 34.02306516821735 -3.1126654252860364 -1.7352673748081555 -3.043520129541184 
Pedestrian 16 0 -9999.0 -9999.0 -9999.0 -9999.0 1.5480067025273518 0.5644233003512866 0.6213012349133786 34.06711926397693 -4.036754947772379 -1.9429966187028296 -3.0435201277540624 
Pedestrian 34 0 -9999.0 -9999.0 -9999.0 -9999.0 1.8 0.742563890087286 0.7166973150341831 -6.940009566083878 5.328197837000892 1.6397399172221234 -1.233718724128611 
Pedestrian 27 0 -9999.0 -9999.0 -9999.0 -9999.0 1.8 0.8271693526588353 0.8407252643496999 30.0543441828204 -0.16581286814397284 -1.194252474348949 1.997146112839289 
Pedestrian 503 0 -9999.0 -9999.0 -9999.0 -9999.0 1.5098862519504819 0.7016892788347073 0.6244449312827264 23.93971114204595 5.214284259231468 -0.2887072340457439 2.395193348729382 
Pedestrian 28 0 -9999.0 -9999.0 -9999.0 -9999.0 1.9344750647178444 0.9180852004756592 0.7505107045290647 38.06237348021653 -0.9944284547762258 -1.947028884847633 0.005317858512575491 
Pedestrian 29 0 -9999.0 -9999.0 -9999.0 -9999.0 1.914706511234499 0.9112747753301017 0.7505107045290647 38.05816416012006 -0.2554599163349693 -1.9443199297279032 0.005317858512575491 
Pedestrian 22 0 -9999.0 -9999.0 -9999.0 -9999.0 1.7272234413230434 0.8930338539667776 0.7589542967325148 28.168212619745063 -5.103068584788118 -1.3279295332769798 -2.13093889141115 
Pedestrian 777 0 -9999.0 -9999.0 -9999.0 -9999.0 1.5601539586488533 0.7742910735758141 0.7734620811052282 -15.775872023919526 4.042423345079001 2.6926308536373855 0.24300149362346968 
Pedestrian 502 0 -9999.0 -9999.0 -9999.0 -9999.0 1.5580631857725595 0.6324640994580073 0.6231826615974934 23.478742295761954 5.75988347792805 -0.23229506783009066 2.384830979894442 
Pedestrian 45 0 -9999.0 -9999.0 -9999.0 -9999.0 1.840803791853019 0.9047965827395252 0.7795427445654814 11.79054118434405 -2.341877344587174 0.25854558885447526 -2.6783441260474277 
Pedestrain_sitting 20 0 -9999.0 -9999.0 -9999.0 -9999.0 0.9288023059382893 0.630173997091732 0.7116151379014846 10.917086723941654 5.305784245611344 0.6164251983253775 -3.0335115379401607 
Pedestrian 30 0 -9999.0 -9999.0 -9999.0 -9999.0 1.6574581668813668 0.5844020196858356 0.6601390122619767 55.57344911256629 -3.2302132308338485 -3.959910406984397 0.18857502385333724 
Car 4 0 -9999.0 -9999.0 -9999.0 -9999.0 2.0589564776245735 4.5 2.044844764170049 -33.172751649649356 6.7660458783205115 4.432096948022801 0.15975626962034895 
Pedestrian 200 0 -9999.0 -9999.0 -9999.0 -9999.0 1.7521106512660325 0.9162872598483918 0.6944942567378337 -4.275879388728291 2.739824526694748 1.84460590668744 -3.065879782398028 
Pedestrian 47 0 -9999.0 -9999.0 -9999.0 -9999.0 1.739259612086605 0.9765708634005151 0.6968829901888434 -14.979219833223231 2.7984302589319463 2.6264460373465814 0.27071102207177766 
Pedestrian 24 0 -9999.0 -9999.0 -9999.0 -9999.0 1.5665724604937843 0.8256175940025915 0.7327379765104859 22.690854578465164 -5.265680634966151 -0.8570696491498639 -2.8730575051635032 
Pedestrian 46 0 -9999.0 -9999.0 -9999.0 -9999.0 1.739259612086605 0.8137808070594968 0.7631092640473314 -14.782294250344766 3.4907969217335912 2.6348571749193206 0.2706860111972098 
Pedestrian 35 0 -9999.0 -9999.0 -9999.0 -9999.0 1.85 0.8455221526426029 0.8055941736449839 7.405773306555458 3.7162981544561315 0.6915284237936221 -3.0816491728096445 
Pedestrian 31 0 -9999.0 -9999.0 -9999.0 -9999.0 1.6183186744299025 0.6340866970656824 0.5322695037304019 57.04349433551594 -2.5350003610573157 -4.1180575260369565 -3.0553355148965053 
Pedestrian 32 0 -9999.0 -9999.0 -9999.0 -9999.0 1.6264157795512513 0.6356555012147109 0.5322695037304019 56.71913858369594 -1.6292327705092913 -4.074068661503048 -3.056922019186569 
Pedestrian 33 0 -9999.0 -9999.0 -9999.0 -9999.0 1.85 1.011633098401595 1.1292297078013385 42.07925032195518 -6.369031372613449 -2.400596567266418 2.749177000196095 
Pedestrian 39 0 -9999.0 -9999.0 -9999.0 -9999.0 1.6992181517554945 0.7236988029930532 0.6130136573276566 -4.266737849015427 2.06984684037756 1.8313492646599558 -3.058088332071822 
Pedestrian 49 0 -9999.0 -9999.0 -9999.0 -9999.0 1.8880449392725787 0.7266739568839767 0.719062337692116 -13.131821515929264 -2.168718181464486 2.2134290018418974 1.1335962156890727 
Pedestrian 51 0 -9999.0 -9999.0 -9999.0 -9999.0 1.7084772160642387 0.6876926218915868 0.6022575416759411 -8.40091574887858 -2.264720493120868 1.89793426633718 1.7806207929365527 
Pedestrian 50 0 -9999.0 -9999.0 -9999.0 -9999.0 1.6682901068147347 0.7378107948553352 0.6318862957964667 -9.12304510669407 -1.9835779685180517 1.9380981187028887 1.774286363237355 
Pedestrian 37 0 -9999.0 -9999.0 -9999.0 -9999.0 1.7674898152527898 0.7851268766529278 0.7077031440696406 -0.2496903611819004 1.3748958283051462 1.5020928818327635 -1.7939412810098005 
Pedestrian 38 0 -9999.0 -9999.0 -9999.0 -9999.0 1.768936684463284 0.7798122203956248 0.6543593384916504 0.3017125463915195 2.0057943409718013 1.5040557995554995 -1.73220541837496 
Pedestrian 48 0 -9999.0 -9999.0 -9999.0 -9999.0 1.8437648405814306 0.63 0.8639507388388924 -12.616727856693416 -1.6106261164922364 2.193050331252189 0.18310253845209346 
Pedestrain_sitting 557 0 -9999.0 -9999.0 -9999.0 -9999.0 1.3003415906177906 0.5495013160563614 0.4849281347249202 22.54304251126316 -8.82490556888922 -0.7368324717103132 -0.004784619666061474 
Pedestrain_sitting 556 0 -9999.0 -9999.0 -9999.0 -9999.0 1.3003415906177906 0.5495013160563614 0.4849281347249202 21.18338715579465 -8.70863740608364 -0.7412493558248427 3.1368080825650217 
Pedestrain_sitting 555 0 -9999.0 -9999.0 -9999.0 -9999.0 1.3003415906177906 0.5495013160563614 0.4849281347249202 21.163677110322052 -7.978307321423211 -0.7255123913946919 3.1368080825650217 
Pedestrian 23 0 -9999.0 -9999.0 -9999.0 -9999.0 1.733985410563253 0.6134757942819711 0.7222749871810963 17.2006844826936 -4.883546027135236 -0.3413740603241646 -2.0191023197871907 
