Car 2 0 -9999.0 -9999.0 -9999.0 -9999.0 1.7161032172723623 4.3042446659889535 2.497900330371051 29.793155368266433 0.9518971327139853 -1.1387252783988777 0.07281321653102601 
Pedestrian 26 0 -9999.0 -9999.0 -9999.0 -9999.0 1.8 0.880638232653005 0.7173897124333324 40.61361925610997 -3.486049216874158 -2.155642197533486 -2.954805073580406 
Pedestrian 25 0 -9999.0 -9999.0 -9999.0 -9999.0 1.8 0.880638232653005 0.7173897124333324 40.75854832433005 -2.758183576187726 -2.1559055441893684 -2.954805073580406 
Car 3 0 -9999.0 -9999.0 -9999.0 -9999.0 1.4301220212552401 4 1.8633935758759457 55.64967988850303 -0.20469416528500678 -3.2099826331015744 -3.0521482483721982 
Pedestrain_sitting 21 0 -9999.0 -9999.0 -9999.0 -9999.0 0.9170967942404316 0.6239191457374971 0.6351946031908755 11.796840760189005 5.24326999411819 0.6789645251891214 0.12833752865822134 
Pedestrian 602 0 -9999.0 -9999.0 -9999.0 -9999.0 1.7238665634959034 0.5990216574770284 0.5824301662283978 18.96972277224196 16.361305880355616 0.3471064793032297 -1.3897913716632182 
Pedestrian 603 0 -9999.0 -9999.0 -9999.0 -9999.0 1.8192270588984627 0.6324640994580073 0.6782236572752955 19.015807754281386 18.115575271088836 0.6018537557553784 -1.4487130373778747 
Pedestrian 601 0 -9999.0 -9999.0 -9999.0 -9999.0 1.7334194695403702 0.5901000815388179 0.5961420748625704 18.74580202175682 12.984649474940552 0.19020680666803874 1.6689180405237947 
Pedestrian 600 0 -9999.0 -9999.0 -9999.0 -9999.0 1.8985119489706095 0.7891492470282006 0.774319038074053 17.98277942289509 13.44374567797799 0.6334113122265681 -1.4788939206360325 
Pedestrian 1006 0 -9999.0 -9999.0 -9999.0 -9999.0 1.8319269034634074 0.7746621567225385 0.7296367421575172 28.21517554566045 -4.799045587167676 -1.0337569696368138 -0.22013946138016394 
Pedestrian 1005 0 -9999.0 -9999.0 -9999.0 -9999.0 1.7182020193881877 0.7271215203340413 0.7172417616036824 28.008317486361946 -4.1155356993695325 -1.070480625822932 -0.2156610854239034 
Pedestrian 500 0 -9999.0 -9999.0 -9999.0 -9999.0 1.6591565719904136 0.5920739440172947 0.5901695475559555 22.71138289171576 6.2327375094514945 0.008761143997381739 0.5475776796556833 
Pedestrian 999 0 -9999.0 -9999.0 -9999.0 -9999.0 1.7478363069824068 0.6324640994580073 0.6450381271264 20.829315714293113 6.044743050748123 0.052285098317799455 2.2752404820304157 
Pedestrian 702 0 -9999.0 -9999.0 -9999.0 -9999.0 1.7242744269198185 0.63 0.6898739737048278 -24.54287417334802 3.1211876752569383 3.6343240212780907 -3.00732011091074 
Pedestrian 703 0 -9999.0 -9999.0 -9999.0 -9999.0 1.7717383253829708 0.63 0.6566716672544799 -24.45163531292007 3.8135763920330557 3.6749393995978017 -3.00732011091074 
Pedestrian 1001 0 -9999.0 -9999.0 -9999.0 -9999.0 1.8190235843771385 0.6309324708718423 0.6213012349133786 32.53684453506828 2.7251126766210754 -1.3409705005650958 1.5959482666466478 
Pedestrian 888 0 -9999.0 -9999.0 -9999.0 -9999.0 1.5366259275535865 0.5877254913696837 0.6357928477663076 12.57568723795187 7.16014652368001 0.5696325713610157 -0.15174880441779592 
Pedestrian 223 0 -9999.0 -9999.0 -9999.0 -9999.0 1.7272234413230434 0.6942712320825266 0.6155335882708507 37.17527362590909 -7.183084133391326 -1.862857645139967 0.6419837606279835 
Pedestrian 3 0 -9999.0 -9999.0 -9999.0 -9999.0 1.6413741868673242 0.9102319618606736 0.749658509723502 24.935551079662602 1.41555692804796 -0.7307743710467799 -2.7454079951224823 
Pedestrian 5 0 -9999.0 -9999.0 -9999.0 -9999.0 1.6467102258502564 0.8504990806290904 0.946862823709426 -1.9958634912792923 3.190837279971346 1.6799224694722161 0.3863199995628772 
Pedestrian 4 0 -9999.0 -9999.0 -9999.0 -9999.0 1.7335733350919327 0.8234084053360446 0.7316008376188541 -2.0330688132271657 3.827280872785541 1.722841944235913 0.07145871124286263 
Pedestrian 1 0 -9999.0 -9999.0 -9999.0 -9999.0 1.830187787627785 0.8467364901875526 1.030957247409183 2.010401005375018 3.7797654318084564 1.3519731194705094 -0.6167324450099301 
Pedestrian 2 0 -9999.0 -9999.0 -9999.0 -9999.0 1.6047004871739794 0.8225193905720728 0.8427564948210492 -0.2631873310108237 5.112968191265182 1.5800045647596512 1.0892030192720625 
Pedestrian 6 0 -9999.0 -9999.0 -9999.0 -9999.0 1.8 0.7815797515521649 0.729516349447393 28.528476970901394 -2.7419322484367545 -1.1555544983921386 -3.016788347569884 
Pedestrian 7 0 -9999.0 -9999.0 -9999.0 -9999.0 1.85 0.7446143281153959 0.7378356243838986 28.3310666223037 -3.4755561944747573 -1.1376392166591092 -3.0167473323324607 
Pedestrian 9 0 -9999.0 -9999.0 -9999.0 -9999.0 1.7388951330758573 0.762844615165235 0.6125796005267553 19.041214556525134 2.474428750907677 -0.12252353340364582 2.0361935620375053 
Pedestrian 10 0 -9999.0 -9999.0 -9999.0 -9999.0 1.7238665634959034 0.765649395571576 0.6782236572752955 19.632628719954383 2.531044727413596 -0.19045233062516762 2.018322260390157 
Car 1 0 -9999.0 -9999.0 -9999.0 -9999.0 1.9636838768401188 5.159477280173534 1.9749927503715075 8.744316223596238 -3.1237135943444407 0.7765783233818758 0.07789770969803556 
Pedestrian 11 0 -9999.0 -9999.0 -9999.0 -9999.0 1.833843394516407 0.888361750840276 0.8547891083331658 50.68157347415486 -2.0083167146807512 -3.422407297970974 -3.0700746735068485 
Pedestrian 44 0 -9999.0 -9999.0 -9999.0 -9999.0 1.773026559218124 1 0.9694486388550138 -10.378002684350369 2.149838530313396 2.521223777809934 -3.0445454061050334 
Pedestrian 43 0 -9999.0 -9999.0 -9999.0 -9999.0 1.6975355979754738 1 1.115836959245979 -9.989523444619472 1.0400850441591265 2.4750057190647117 -3.0445454061050334 
Pedestrian 18 0 -9999.0 -9999.0 -9999.0 -9999.0 1.553791531556044 0.9350978240778415 0.7014189842208715 3.431168018680277 -1.1780567627953595 1.028596937619439 0.02556792011853304 
Pedestrian 17 0 -9999.0 -9999.0 -9999.0 -9999.0 1.6786936986616088 0.9385842718372612 0.8570610823441984 2.637569184507441 -0.49871295409530064 1.1584784421390588 -0.0015650706647818424 
Pedestrian 19 0 -9999.0 -9999.0 -9999.0 -9999.0 1.88766995436284 0.8473523143195599 0.8020167022554571 22.043665039411902 1.3372584019238969 -0.3092424513808091 -0.028329182766571037 
Pedestrian 20 0 -9999.0 -9999.0 -9999.0 -9999.0 1.8942850025152396 0.7837367986462382 0.6986151564054772 21.66413065604096 0.7791274757606309 -0.2771545487886588 -0.027691297586738273 
Pedestrian 8 0 -9999.0 -9999.0 -9999.0 -9999.0 1.7182020193881877 0.84040506779357 0.7617142683117479 25.93112343252376 -3.5023452722561736 -0.8212072086757481 2.946967937075513 
Pedestrian 36 0 -9999.0 -9999.0 -9999.0 -9999.0 1.85 0.8455221526426029 0.7795427445654814 -6.139049912378946 5.426045880773133 1.751484550084538 -1.1350935540575087 
Pedestrian 1002 0 -9999.0 -9999.0 -9999.0 -9999.0 1.5480067025273518 0.5644233003512866 0.6213012349133786 35.1956294112556 -3.035012076354619 -1.7888818171376701 -3.043520129541184 
Pedestrian 16 0 -9999.0 -9999.0 -9999.0 -9999.0 1.5480067025273518 0.5644233003512866 0.6213012349133786 35.23442157923054 -3.934150493650521 -1.7957793873033288 -3.043520126829634 
Pedestrian 34 0 -9999.0 -9999.0 -9999.0 -9999.0 1.8 0.742563890087286 0.7166973150341831 -7.023028798120655 5.269618972233085 1.7750153929040122 -1.23371898076768 
Pedestrian 27 0 -9999.0 -9999.0 -9999.0 -9999.0 1.8 0.8271693526588353 0.8407252643496999 30.081050366558774 -0.027549299943625677 -1.0691238063501265 2.2440254656373995 
Pedestrian 503 0 -9999.0 -9999.0 -9999.0 -9999.0 1.5098862519504819 0.7016892788347073 0.6244449312827264 23.954690616650435 5.253741279816754 -0.19631653521524622 2.395193348729382 
Pedestrian 28 0 -9999.0 -9999.0 -9999.0 -9999.0 1.9344750647178444 0.9180852004756592 0.7505107045290647 37.06136816988492 -0.9039432610877005 -1.5943932955469158 0.005317858512562168 
Pedestrian 29 0 -9999.0 -9999.0 -9999.0 -9999.0 1.914706511234499 0.9112747753301017 0.7505107045290647 37.06814505663096 -0.14063244381187104 -1.6043464593129517 0.005317858512576379 
Pedestrian 22 0 -9999.0 -9999.0 -9999.0 -9999.0 1.7272234413230434 0.8930338539667776 0.7589542967325148 28.6433891829001 -5.386901735031408 -1.2669164925913219 -1.673971561653147 
Pedestrian 502 0 -9999.0 -9999.0 -9999.0 -9999.0 1.5580631857725595 0.6324640994580073 0.6231826615974934 23.460142774993347 5.749254154420853 -0.22148817711312258 2.4056152059295215 
Pedestrian 45 0 -9999.0 -9999.0 -9999.0 -9999.0 1.840803791853019 0.9047965827395252 0.7795427445654814 12.572459522228762 -2.9021603434811465 0.3439186562363589 -2.679757065962294 
Pedestrain_sitting 20 0 -9999.0 -9999.0 -9999.0 -9999.0 0.9288023059382893 0.630173997091732 0.7116151379014846 10.918914409016011 5.311865249910122 0.7253357345333493 -3.0335165018695935 
Pedestrian 30 0 -9999.0 -9999.0 -9999.0 -9999.0 1.6574581668813668 0.5844020196858356 0.6601390122619767 53.87855211997396 -3.116717921506933 -3.5999009232176338 0.18858520073820184 
Pedestrian 200 0 -9999.0 -9999.0 -9999.0 -9999.0 1.7521106512660325 0.9162872598483918 0.6944942567378337 -3.1234745650789684 2.452896310359512 1.8958852902236556 -3.060560188537565 
Pedestrian 24 0 -9999.0 -9999.0 -9999.0 -9999.0 1.5665724604937843 0.8256175940025915 0.7327379765104859 22.581171260906316 -5.339210003487377 -0.7165819974758075 -0.6045000400517644 
Pedestrian 35 0 -9999.0 -9999.0 -9999.0 -9999.0 1.85 0.8455221526426029 0.8055941736449839 8.431895735967558 3.842871119682318 0.7177832512398172 -3.081694379518142 
Pedestrian 31 0 -9999.0 -9999.0 -9999.0 -9999.0 1.6183186744299025 0.6340866970656824 0.5322695037304019 56.09048544424085 -2.2793254312210944 -3.822096233752028 -3.0553355148965053 
Pedestrian 32 0 -9999.0 -9999.0 -9999.0 -9999.0 1.6264157795512513 0.6356555012147109 0.5322695037304019 55.77511066630184 -1.6273520050721613 -3.793094234274383 -3.056922019186569 
Pedestrian 33 0 -9999.0 -9999.0 -9999.0 -9999.0 1.85 1.011633098401595 1.1292297078013385 42.10073946378121 -6.363977714684689 -2.2860992922496837 2.7398379958592365 
Pedestrian 39 0 -9999.0 -9999.0 -9999.0 -9999.0 1.6992181517554945 0.7236988029930532 0.6130136573276566 -3.106359720161848 1.7775711248229382 1.8799466345414213 -3.0519589002993683 
Pedestrian 49 0 -9999.0 -9999.0 -9999.0 -9999.0 1.8880449392725787 0.7266739568839767 0.719062337692116 -13.2590681033459 -2.122244602612386 2.3507212991140034 1.133596236092222 
Pedestrian 51 0 -9999.0 -9999.0 -9999.0 -9999.0 1.7084772160642387 0.6876926218915868 0.6022575416759411 -8.406919856846391 -2.379419053334854 2.1554026244730835 1.7806207929365527 
Pedestrian 50 0 -9999.0 -9999.0 -9999.0 -9999.0 1.6682901068147347 0.7378107948553352 0.6318862957964667 -9.186378240193013 -2.0272954564774586 2.1418624859196624 1.774286363237355 
Pedestrian 37 0 -9999.0 -9999.0 -9999.0 -9999.0 1.7674898152527898 0.7851268766529278 0.7077031440696406 -0.038200947824726744 0.9032138308739153 1.518724512786011 -1.5654859545430444 
Pedestrian 38 0 -9999.0 -9999.0 -9999.0 -9999.0 1.768936684463284 0.7798122203956248 0.6543593384916504 0.6518392808431253 0.8743969278144169 1.510938034823596 -1.565485988012778 
Pedestrian 48 0 -9999.0 -9999.0 -9999.0 -9999.0 1.8437648405814306 0.63 0.8639507388388924 -12.615240924714596 -1.6906158666634812 2.3282902110253394 0.1830655793379865 
Pedestrain_sitting 557 0 -9999.0 -9999.0 -9999.0 -9999.0 1.3003415906177906 0.5495013160563614 0.4849281347249202 22.508125159832357 -8.822005774755896 -0.5352675660163926 -0.004784603460628034 
Pedestrain_sitting 556 0 -9999.0 -9999.0 -9999.0 -9999.0 1.3003415906177906 0.5495013160563614 0.4849281347249202 21.147528537001996 -8.696165564894669 -0.5397569544663916 3.1368080825650217 
Pedestrain_sitting 555 0 -9999.0 -9999.0 -9999.0 -9999.0 1.3003415906177906 0.5495013160563614 0.4849281347249202 21.127875022405856 -7.976689905738673 -0.5249504255404067 3.1368080825650217 
Pedestrian 23 0 -9999.0 -9999.0 -9999.0 -9999.0 1.733985410563253 0.6134757942819711 0.7222749871810963 17.194358119346727 -4.87997397052105 -0.15764107688568338 -2.0191023197871907 
