Car 2 0 -9999.0 -9999.0 -9999.0 -9999.0 1.7161032172723623 4.3042446659889535 2.497900330371051 29.525273303842102 0.8275528420026417 -2.659919826339123 0.07281321653102601 
Pedestrian 26 0 -9999.0 -9999.0 -9999.0 -9999.0 1.8 0.880638232653005 0.7173897124333324 24.25782798075049 -3.666432085952681 -2.234323970119933 -2.954805073580406 
Pedestrian 42 0 -9999.0 -9999.0 -9999.0 -9999.0 1.9110630666244788 0.6648425352273584 0.7730646177530336 -27.249079315893866 0.39490456150501735 2.2498516972531646 1.1587169476749883 
Pedestrian 41 0 -9999.0 -9999.0 -9999.0 -9999.0 1.7717383253829708 0.6171990397476583 0.6601212154854279 -26.81485389817592 0.8850220712433366 2.143134822597292 1.1247562025743303 
Pedestrain_sitting 21 0 -9999.0 -9999.0 -9999.0 -9999.0 0.9170967942404316 0.6239191457374971 0.6351946031908755 11.691802858301303 5.242383456225337 -1.1642760950816107 0.13021152292673932 
Pedestrian 1001 0 -9999.0 -9999.0 -9999.0 -9999.0 1.8190235843771385 0.6309324708718423 0.6213012349133786 32.184080286833066 2.714962217337769 -2.5973031576852748 1.5959482716704905 
Pedestrian 765 0 -9999.0 -9999.0 -9999.0 -9999.0 1.765427731387784 0.6045377694180526 0.7280996093110779 29.614185827882253 2.249993633916881 -2.661834364330448 -0.748481504499793 
Pedestrian 888 0 -9999.0 -9999.0 -9999.0 -9999.0 1.5366259275535865 0.5877254913696837 0.6357928477663076 12.290656817846775 8.205025626718054 -1.4613746441067423 -3.10566335495108 
Pedestrian 223 0 -9999.0 -9999.0 -9999.0 -9999.0 1.7272234413230434 0.6942712320825266 0.6155335882708507 37.22461334183776 -6.971965622451637 -3.26721309694194 0.6419837606293735 
Pedestrian 3 0 -9999.0 -9999.0 -9999.0 -9999.0 1.6413741868673242 0.9102319618606736 0.749658509723502 7.870119306942299 3.4694558108045714 -0.9934028986335255 -2.86591423304586 
Pedestrian 5 0 -9999.0 -9999.0 -9999.0 -9999.0 1.6467102258502564 0.8504990806290904 0.7324788173464449 6.487791543373223 2.794953946364348 -0.8027234047476873 0.37893472262531347 
Pedestrian 4 0 -9999.0 -9999.0 -9999.0 -9999.0 1.7335733350919327 0.8234084053360446 0.7316008376188541 5.93359595049776 3.011444531261182 -0.6714971097950695 0.45917032920901946 
Pedestrian 1 0 -9999.0 -9999.0 -9999.0 -9999.0 1.830187787627785 0.8467364901875526 1.030957247409183 1.8969270545697063 3.447804847033255 -0.34939543490925123 2.6657346535164983 
Pedestrian 2 0 -9999.0 -9999.0 -9999.0 -9999.0 1.6047004871739794 0.8225193905720728 0.8427564948210492 2.8524841679412214 3.845674423176861 -0.5793601019427062 0.4440707705764968 
Pedestrian 6 0 -9999.0 -9999.0 -9999.0 -9999.0 1.8 0.7815797515521649 0.729516349447393 11.977942210453648 -0.5908394053553151 -1.0335815178356238 -3.0167461106019857 
Pedestrian 7 0 -9999.0 -9999.0 -9999.0 -9999.0 1.85 0.7446143281153959 0.7378356243838986 11.855002943390646 -1.320331864925525 -1.0016131372554211 -3.0167473323324607 
Pedestrian 9 0 -9999.0 -9999.0 -9999.0 -9999.0 1.7388951330758573 0.762844615165235 0.6125796005267553 14.259133515508198 2.1509686378907658 -1.4069737370622264 -3.0700747683031633 
Pedestrian 10 0 -9999.0 -9999.0 -9999.0 -9999.0 1.7238665634959034 0.765649395571576 0.6782236572752955 14.366581211820861 1.6192264724440937 -1.4129611040396193 -3.0700747683031633 
Car 1 0 -9999.0 -9999.0 -9999.0 -9999.0 1.9636838768401188 5.159477280173534 1.9749927503715075 8.443681640544698 -3.1172468877585158 -0.6579283758626957 0.07789770734383783 
Pedestrian 11 0 -9999.0 -9999.0 -9999.0 -9999.0 1.833843394516407 0.888361750840276 0.8547891083331658 27.200250057957607 -0.6910162299776148 -2.4864810333288037 -3.0700747683031633 
Pedestrian 44 0 -9999.0 -9999.0 -9999.0 -9999.0 1.773026559218124 1 0.9694486388550138 -32.00467147679922 3.7448747104650555 2.5476466100624844 -3.044545379587767 
Pedestrian 43 0 -9999.0 -9999.0 -9999.0 -9999.0 1.6975355979754738 1 1.115836959245979 -32.0901698801675 2.674105065511017 2.8185362501408564 -3.044545370009919 
Pedestrian 18 0 -9999.0 -9999.0 -9999.0 -9999.0 1.553791531556044 0.9350978240778415 0.7014189842208715 15.869889850205883 -3.6506896423675417 -1.5431742122708005 0.20697557226099317 
Pedestrian 17 0 -9999.0 -9999.0 -9999.0 -9999.0 1.6786936986616088 0.9385842718372612 0.8570610823441984 16.108516692501464 -2.8954391883091057 -1.4779360260226886 0.23418630243102712 
Pedestrian 19 0 -9999.0 -9999.0 -9999.0 -9999.0 1.88766995436284 0.8473523143195599 0.8020167022554571 33.61393827028811 -0.033217765522642426 -2.693540015703371 -0.013661857494314589 
Pedestrian 20 0 -9999.0 -9999.0 -9999.0 -9999.0 1.8942850025152396 0.7837367986462382 0.6986151564054772 33.257919199610704 -0.7626405169920463 -2.6674855833184536 -0.021159171611991212 
Pedestrian 8 0 -9999.0 -9999.0 -9999.0 -9999.0 1.7182020193881877 0.84040506779357 0.7617142683117479 12.369516133321545 -2.3755561726191172 -1.1750966486293475 -3.0712667845376718 
Pedestrian 36 0 -9999.0 -9999.0 -9999.0 -9999.0 1.85 0.8455221526426029 0.7795427445654814 -6.624303424524234 4.745197332843941 0.4175516071001154 -1.4907079807109689 
Pedestrian 1002 0 -9999.0 -9999.0 -9999.0 -9999.0 1.5480067025273518 0.5644233003512866 0.6213012349133786 17.275659772062962 -1.9444458160173899 -1.7106500600249306 -3.043520129541184 
Pedestrian 16 0 -9999.0 -9999.0 -9999.0 -9999.0 1.5480067025273518 0.5644233003512866 0.6213012349133786 17.22312083169646 -2.6151733240808714 -1.706060131481895 -3.043520131384483 
Pedestrian 34 0 -9999.0 -9999.0 -9999.0 -9999.0 1.8 0.742563890087286 0.7166973150341831 -7.1142628490778606 4.02287566563003 0.43979996203161587 2.050261310663865 
Pedestrian 503 0 -9999.0 -9999.0 -9999.0 -9999.0 1.5098862519504819 0.7016892788347073 0.6244449312827264 23.424491905577266 4.965544728468509 -2.0225592354125985 2.395193348729382 
Pedestrian 14 0 -9999.0 -9999.0 -9999.0 -9999.0 1.5350666013118595 0.6767124353147551 0.6338965826401189 19.817117512777173 -1.1443815324373425 -1.7066956610609818 -3.0179456753968807 
Pedestrian 15 0 -9999.0 -9999.0 -9999.0 -9999.0 1.4995242359067946 0.6433493585685015 0.616020103352135 19.720994113309352 -1.8263260947327769 -1.7068411334572615 -3.0179700761965407 
Pedestrian 22 0 -9999.0 -9999.0 -9999.0 -9999.0 1.7272234413230434 0.8930338539667776 0.7589542967325148 19.22233403170826 -4.274792500756624 -1.6524051086929075 -3.015780943525632 
Pedestrian 777 0 -9999.0 -9999.0 -9999.0 -9999.0 1.5601539586488533 0.7742910735758141 0.7734620811052282 -5.37612185559877 -2.704527289251115 0.30473276746952016 0.5716871153782535 
Pedestrian 45 0 -9999.0 -9999.0 -9999.0 -9999.0 1.840803791853019 0.9047965827395252 0.7795427445654814 -2.507663769514398 -2.1837705587224554 0.2450558584915604 3.1354613119275374 
Car 4 0 -9999.0 -9999.0 -9999.0 -9999.0 2.0589564776245735 4.5 2.044844764170049 -33.14810103321962 6.7201079303486875 2.682233557075798 0.15975626962034895 
Pedestrian 52 0 -9999.0 -9999.0 -9999.0 -9999.0 1.85 0.8063422351422711 0.648255271894977 -1.932513624120187 -10.218330912483935 0.45543958946056784 3.0157783739316972 
Pedestrian 53 0 -9999.0 -9999.0 -9999.0 -9999.0 1.85 0.6635819251292966 0.5936944772056624 -0.9046271102373885 -10.868228881232412 0.42452740659739974 2.928476607281148 
Pedestrian 200 0 -9999.0 -9999.0 -9999.0 -9999.0 1.7521106512660325 0.9162872598483918 0.6944942567378337 -20.723561184214255 3.9541219490113515 1.5997319819027231 -3.03593827465569 
Pedestrian 47 0 -9999.0 -9999.0 -9999.0 -9999.0 1.739259612086605 0.9765708634005151 0.6968829901888434 -6.064092125054189 -2.5256552761085755 0.43140714783293194 0.6097833085947038 
Pedestrian 24 0 -9999.0 -9999.0 -9999.0 -9999.0 1.5665724604937843 0.8256175940025915 0.7327379765104859 17.67845008950189 -4.7812383956171205 -1.434048962123114 -1.6969117065559 
Pedestrian 46 0 -9999.0 -9999.0 -9999.0 -9999.0 1.739259612086605 0.8137808070594968 0.7631092640473314 -5.7481977695253095 -1.8938035368214368 0.4116933525584878 0.6097833085947038 
Pedestrian 35 0 -9999.0 -9999.0 -9999.0 -9999.0 1.85 0.8455221526426029 0.8055941736449839 -7.9887302721774445 3.4159841553660186 0.5486870395444297 -3.1237440352727965 
Pedestrian 39 0 -9999.0 -9999.0 -9999.0 -9999.0 1.6992181517554945 0.7236988029930532 0.6130136573276566 -20.68688880727707 3.2848520364417917 1.5997082261296756 -3.03593827465569 
Pedestrian 49 0 -9999.0 -9999.0 -9999.0 -9999.0 1.8880449392725787 0.7266739568839767 0.719062337692116 -13.419527619882901 -1.945838386377592 1.1120134339769714 1.133596236092222 
Pedestrian 51 0 -9999.0 -9999.0 -9999.0 -9999.0 1.7084772160642387 0.6876926218915868 0.6022575416759411 -8.562136728110362 -2.325151278407834 0.6570466474366214 1.7806207929365527 
Pedestrian 50 0 -9999.0 -9999.0 -9999.0 -9999.0 1.6682901068147347 0.7378107948553352 0.6318862957964667 -9.450207817892009 -2.1678574134907973 0.6614589735152667 1.774286363237355 
Pedestrian 37 0 -9999.0 -9999.0 -9999.0 -9999.0 1.7674898152527898 0.7851268766529278 0.7077031440696406 -15.917747384125777 3.5888874985267862 0.9940142174306414 -2.948304056698321 
Pedestrian 38 0 -9999.0 -9999.0 -9999.0 -9999.0 1.768936684463284 0.7798122203956248 0.6543593384916504 -15.845439228764043 4.255357522333337 0.9797844327434787 -2.949477406326263 
Pedestrian 48 0 -9999.0 -9999.0 -9999.0 -9999.0 1.8437648405814306 0.63 0.8639507388388924 -12.825200392796564 -1.566094457913828 1.0844941654793743 0.18306880697216155 
Pedestrian 23 0 -9999.0 -9999.0 -9999.0 -9999.0 1.733985410563253 0.6134757942819711 0.7222749871810963 16.895442691453244 -4.896664614504667 -1.3597886917690754 -2.0191023197871907 
