Car 2 0 -9999.0 -9999.0 -9999.0 -9999.0 1.7161032172723623 4.3042446659889535 2.497900330371051 29.63541571305938 1.380786259897893 -2.1410064602090397 0.07281321653102601 
Pedestrian 26 0 -9999.0 -9999.0 -9999.0 -9999.0 1.8 0.880638232653005 0.7173897124333324 26.844641333949223 -3.969277395944479 -1.9116809485139383 -2.954805073580406 
Pedestrian 25 0 -9999.0 -9999.0 -9999.0 -9999.0 1.8 0.880638232653005 0.7173897124333324 26.869407866311004 -3.197470694977829 -1.9284241477729918 -2.954805073580406 
Car 3 0 -9999.0 -9999.0 -9999.0 -9999.0 1.4301220212552401 4 1.8633935758759457 55.43380050615687 -0.18533330386342795 -3.509232056273364 -3.0521482483721982 
Pedestrian 42 0 -9999.0 -9999.0 -9999.0 -9999.0 1.9110630666244788 0.6648425352273584 0.7730646177530336 -27.20365213028437 0.3407978959333271 2.630561038859697 1.2794599728664071 
Pedestrian 41 0 -9999.0 -9999.0 -9999.0 -9999.0 1.7717383253829708 0.6171990397476583 0.6601212154854279 -26.794824466460717 0.9119051949118671 2.571907062104977 1.301261969713848 
Pedestrain_sitting 21 0 -9999.0 -9999.0 -9999.0 -9999.0 0.9170967942404316 0.6239191457374971 0.6351946031908755 11.708873079616646 5.242527531818656 -0.8647220792455783 0.12990697098565462 
Pedestrian 702 0 -9999.0 -9999.0 -9999.0 -9999.0 1.7242744269198185 0.63 0.6898739737048278 -41.38805360006017 5.879103146219864 4.157321523787738 -3.00732011091074 
Pedestrian 1001 0 -9999.0 -9999.0 -9999.0 -9999.0 1.8190235843771385 0.6309324708718423 0.6213012349133786 32.224377128832465 2.614206689864934 -2.176911494317745 1.595948272418684 
Pedestrian 765 0 -9999.0 -9999.0 -9999.0 -9999.0 1.765427731387784 0.6045377694180526 0.7280996093110779 29.504911849256573 2.4485986697819646 -2.053205607952122 -1.6811251399074294 
Pedestrian 888 0 -9999.0 -9999.0 -9999.0 -9999.0 1.5366259275535865 0.5877254913696837 0.6357928477663076 12.260908091988322 8.375546509313176 -0.39302119982071687 -3.1060407153708347 
Pedestrian 223 0 -9999.0 -9999.0 -9999.0 -9999.0 1.7272234413230434 0.6942712320825266 0.6155335882708507 37.182377933606816 -7.029204975453658 -2.8473734834720683 0.641983756584807 
Pedestrian 3 0 -9999.0 -9999.0 -9999.0 -9999.0 1.6413741868673242 0.9102319618606736 0.749658509723502 10.477813495344536 2.8849091567742673 -0.7658761460344468 -2.86591423304586 
Pedestrian 5 0 -9999.0 -9999.0 -9999.0 -9999.0 1.6467102258502564 0.8504990806290904 0.946862823709426 5.317890700908404 2.996784783686692 -0.2652625192454304 -0.0741580404318789 
Pedestrian 4 0 -9999.0 -9999.0 -9999.0 -9999.0 1.7335733350919327 0.8234084053360446 0.7316008376188541 4.5024227937072565 3.0941796690682075 -0.15168525417612183 -0.10690590116110954 
Pedestrian 1 0 -9999.0 -9999.0 -9999.0 -9999.0 1.830187787627785 0.8467364901875526 1.030957247409183 2.1688173007578353 3.603431209822493 0.0848760149073979 -3.0683091162879244 
Pedestrian 2 0 -9999.0 -9999.0 -9999.0 -9999.0 1.6047004871739794 0.8225193905720728 0.8427564948210492 2.868432828414052 3.8658699888856227 -0.10473385241932187 0.4440697233148523 
Pedestrian 6 0 -9999.0 -9999.0 -9999.0 -9999.0 1.8 0.7815797515521649 0.729516349447393 14.576873562450785 -0.8198652092424955 -0.9420120037954164 -3.0167461434702396 
Pedestrian 7 0 -9999.0 -9999.0 -9999.0 -9999.0 1.85 0.7446143281153959 0.7378356243838986 14.35955052508739 -1.3998427999191996 -0.9088897467208265 -3.0167473323324607 
Pedestrian 9 0 -9999.0 -9999.0 -9999.0 -9999.0 1.7388951330758573 0.762844615165235 0.6125796005267553 15.974233692351556 1.9940727144364851 -1.1533066192744856 -3.097017791756585 
Pedestrian 10 0 -9999.0 -9999.0 -9999.0 -9999.0 1.7238665634959034 0.765649395571576 0.6782236572752955 16.2520770519584 1.4778467946534313 -1.1801402778116763 -3.097418955491788 
Car 1 0 -9999.0 -9999.0 -9999.0 -9999.0 1.9636838768401188 5.159477280173534 1.9749927503715075 8.421720224382485 -3.0853092910202524 -0.2806883405606515 0.07789771002305024 
Pedestrian 11 0 -9999.0 -9999.0 -9999.0 -9999.0 1.833843394516407 0.888361750840276 0.8547891083331658 30.844761194527504 -1.2131385009146132 -2.288823698221227 -3.070074763315647 
Pedestrian 44 0 -9999.0 -9999.0 -9999.0 -9999.0 1.773026559218124 1 0.9694486388550138 -28.49806433205238 3.4816456587097795 2.957162522861047 -3.044545407035544 
Pedestrian 43 0 -9999.0 -9999.0 -9999.0 -9999.0 1.6975355979754738 1 1.115836959245979 -28.580102431085223 2.5283101207631353 2.843962462568016 -3.044545412115042 
Pedestrian 18 0 -9999.0 -9999.0 -9999.0 -9999.0 1.553791531556044 0.9350978240778415 0.7014189842208715 13.326283989055106 -3.3576335461562956 -0.9961096701965677 0.2981013667060939 
Pedestrian 17 0 -9999.0 -9999.0 -9999.0 -9999.0 1.6786936986616088 0.9385842718372612 0.8570610823441984 13.552066978705994 -2.8890742084920205 -0.9338660229870132 0.3132969787601052 
Pedestrian 19 0 -9999.0 -9999.0 -9999.0 -9999.0 1.88766995436284 0.8473523143195599 0.8020167022554571 31.71727143438761 -0.14662028182683173 -2.1881012570646883 -0.013626026755485299 
Pedestrian 20 0 -9999.0 -9999.0 -9999.0 -9999.0 1.8942850025152396 0.7837367986462382 0.6986151564054772 31.239957711749756 -0.7858491658938586 -2.1643451180352797 -0.01679887628849208 
Pedestrian 8 0 -9999.0 -9999.0 -9999.0 -9999.0 1.7182020193881877 0.84040506779357 0.7617142683117479 14.422744471493791 -2.461934749010032 -0.9325079297744086 -3.0218675829779915 
Pedestrian 36 0 -9999.0 -9999.0 -9999.0 -9999.0 1.85 0.8455221526426029 0.7795427445654814 -6.029223500905904 5.075836489608089 0.7392346702781277 -1.1387131106666093 
Pedestrian 1002 0 -9999.0 -9999.0 -9999.0 -9999.0 1.5480067025273518 0.5644233003512866 0.6213012349133786 20.04442600197251 -2.2150082031351186 -1.513722646990366 -3.043520129541184 
Pedestrian 16 0 -9999.0 -9999.0 -9999.0 -9999.0 1.5480067025273518 0.5644233003512866 0.6213012349133786 19.761450020068594 -2.94856181360851 -1.554180582673316 -3.043520139757934 
Pedestrian 34 0 -9999.0 -9999.0 -9999.0 -9999.0 1.8 0.742563890087286 0.7166973150341831 -6.765094969185174 5.345593526699001 0.7013334169999702 -1.1473622006769872 
Pedestrian 503 0 -9999.0 -9999.0 -9999.0 -9999.0 1.5098862519504819 0.7016892788347073 0.6244449312827264 23.318134803749626 4.985617228054748 -1.806744474797636 2.395193348729382 
Pedestrian 14 0 -9999.0 -9999.0 -9999.0 -9999.0 1.5350666013118595 0.6767124353147551 0.6338965826401189 22.23000597376026 -0.7660564449487217 -1.7232775106485774 2.988258475493703 
Pedestrian 15 0 -9999.0 -9999.0 -9999.0 -9999.0 1.4995242359067946 0.6433493585685015 0.616020103352135 22.207712210974993 -1.3883942871230233 -1.6995905679733383 2.9929640223315666 
Pedestrian 22 0 -9999.0 -9999.0 -9999.0 -9999.0 1.7272234413230434 0.8930338539667776 0.7589542967325148 20.909565554436803 -3.7459322946055913 -1.6099612714471492 -3.0157724364058396 
Pedestrian 777 0 -9999.0 -9999.0 -9999.0 -9999.0 1.5601539586488533 0.7742910735758141 0.7734620811052282 -7.277815115958324 -0.5743397343790333 0.8404424432407482 0.8012324873757768 
Pedestrian 502 0 -9999.0 -9999.0 -9999.0 -9999.0 1.5580631857725595 0.6324640994580073 0.6231826615974934 22.48775249556307 5.226734889097759 -1.618877668641448 2.384830979894442 
Pedestrian 45 0 -9999.0 -9999.0 -9999.0 -9999.0 1.840803791853019 0.9047965827395252 0.7795427445654814 0.08398666599109425 -2.3281850572379588 0.3725093169567339 3.1354613119275374 
Pedestrain_sitting 20 0 -9999.0 -9999.0 -9999.0 -9999.0 0.9288023059382893 0.630173997091732 0.7116151379014846 10.924498993989925 5.33963358201038 -0.7438960652951405 -3.033449945839063 
Car 4 0 -9999.0 -9999.0 -9999.0 -9999.0 2.0589564776245735 4.5 2.044844764170049 -33.433005210279546 6.8122357396800615 3.4715469690888368 0.15975626962034895 
Pedestrian 52 0 -9999.0 -9999.0 -9999.0 -9999.0 1.85 0.8063422351422711 0.648255271894977 -2.074138982198607 -10.496232725234623 0.7789008510869163 3.0157783739316972 
Pedestrian 200 0 -9999.0 -9999.0 -9999.0 -9999.0 1.7521106512660325 0.9162872598483918 0.6944942567378337 -17.80730450046024 4.012379312771586 1.8720874872834075 -3.0356915271540004 
Pedestrian 47 0 -9999.0 -9999.0 -9999.0 -9999.0 1.739259612086605 0.9765708634005151 0.6968829901888434 -8.121051495788237 -1.0228081087852798 1.0012782548866779 0.13036527408261378 
Pedestrian 24 0 -9999.0 -9999.0 -9999.0 -9999.0 1.5665724604937843 0.8256175940025915 0.7327379765104859 17.63892905608125 -4.7651995853086175 -1.3846374457612787 -1.696912502435163 
Pedestrian 46 0 -9999.0 -9999.0 -9999.0 -9999.0 1.739259612086605 0.8137808070594968 0.7631092640473314 -8.054256123123482 -0.38800703078468785 0.9915025499115604 0.13036527408261378 
Pedestrian 35 0 -9999.0 -9999.0 -9999.0 -9999.0 1.85 0.8455221526426029 0.8055941736449839 -5.115440917234679 4.0259989526198705 0.7998455446537535 3.077275011495134 
Pedestrian 39 0 -9999.0 -9999.0 -9999.0 -9999.0 1.6992181517554945 0.7236988029930532 0.6130136573276566 -17.768916094518936 3.361860243804404 1.9211881096191064 -3.0356950954651705 
Pedestrian 49 0 -9999.0 -9999.0 -9999.0 -9999.0 1.8880449392725787 0.7266739568839767 0.719062337692116 -13.348551328563328 -1.8376370940608961 1.5020339486369034 1.1341127264814421 
Pedestrian 51 0 -9999.0 -9999.0 -9999.0 -9999.0 1.7084772160642387 0.6876926218915868 0.6022575416759411 -8.617367460880109 -2.3300538927729515 1.0092803793609346 1.7806207929365527 
Pedestrian 50 0 -9999.0 -9999.0 -9999.0 -9999.0 1.6682901068147347 0.7378107948553352 0.6318862957964667 -9.339672016183533 -2.0443873397414922 1.0125797951655398 1.774286363237355 
Pedestrian 37 0 -9999.0 -9999.0 -9999.0 -9999.0 1.7674898152527898 0.7851268766529278 0.7077031440696406 -13.156235187193518 3.4432520530602404 1.5286284272728656 -2.949281971101195 
Pedestrian 38 0 -9999.0 -9999.0 -9999.0 -9999.0 1.768936684463284 0.7798122203956248 0.6543593384916504 -13.147978974072972 4.183472975225085 1.4790763595566436 -2.9497958488367253 
Pedestrian 48 0 -9999.0 -9999.0 -9999.0 -9999.0 1.8437648405814306 0.63 0.8639507388388924 -12.808079686913588 -1.491743025909653 1.45748981340311 0.18306895089997433 
Pedestrian 23 0 -9999.0 -9999.0 -9999.0 -9999.0 1.733985410563253 0.6134757942819711 0.7222749871810963 16.924597026479194 -4.856845797346136 -1.2620993621856456 -2.0191023197871907 
