Car 2 0 -9999.0 -9999.0 -9999.0 -9999.0 1.7161032172723623 4.3042446659889535 2.497900330371051 29.63954794092245 1.4417790756462747 -2.03879802998637 0.07281321653102601 
Pedestrian 26 0 -9999.0 -9999.0 -9999.0 -9999.0 1.8 0.880638232653005 0.7173897124333324 27.63236729370524 -3.9799416695362413 -1.9598565375781836 -2.954805073580406 
Pedestrian 25 0 -9999.0 -9999.0 -9999.0 -9999.0 1.8 0.880638232653005 0.7173897124333324 27.506317848668502 -3.2064206145813308 -1.964821171199611 -2.954805073580406 
Car 3 0 -9999.0 -9999.0 -9999.0 -9999.0 1.4301220212552401 4 1.8633935758759457 55.446687339913005 -0.18648904277561051 -3.4913684811319015 -3.0521482483721982 
Pedestrian 42 0 -9999.0 -9999.0 -9999.0 -9999.0 1.9110630666244788 0.6648425352273584 0.7730646177530336 -27.183463804792176 0.36297883944080045 2.8701757595520965 1.4461610841962127 
Pedestrian 41 0 -9999.0 -9999.0 -9999.0 -9999.0 1.7717383253829708 0.6171990397476583 0.6601212154854279 -26.741706605867094 0.6358362721069726 2.8054457393973964 1.4384371885748042 
Pedestrain_sitting 21 0 -9999.0 -9999.0 -9999.0 -9999.0 0.9170967942404316 0.6239191457374971 0.6351946031908755 11.714124275275669 5.242571852809944 -0.7725723221603044 0.12981328375094314 
Pedestrian 702 0 -9999.0 -9999.0 -9999.0 -9999.0 1.7242744269198185 0.63 0.6898739737048278 -40.26362745028938 5.814891724945395 3.78725572390596 -3.00732011091074 
Pedestrian 1001 0 -9999.0 -9999.0 -9999.0 -9999.0 1.8190235843771385 0.6309324708718423 0.6213012349133786 32.203015000216325 2.643773905721377 -2.213960354754361 1.595948269617793 
Pedestrian 765 0 -9999.0 -9999.0 -9999.0 -9999.0 1.765427731387784 0.6045377694180526 0.7280996093110779 29.436773345403697 2.4811609372903014 -2.0707896114195994 -1.6630247820403632 
Pedestrian 888 0 -9999.0 -9999.0 -9999.0 -9999.0 1.5366259275535865 0.5877254913696837 0.6357928477663076 12.198575267848332 8.469977611659251 -0.26240093222523997 -3.106045599345004 
Pedestrian 223 0 -9999.0 -9999.0 -9999.0 -9999.0 1.7272234413230434 0.6942712320825266 0.6155335882708507 37.24788611621915 -6.97370874965926 -2.703610678850185 0.6419837458595241 
Pedestrian 3 0 -9999.0 -9999.0 -9999.0 -9999.0 1.6413741868673242 0.9102319618606736 0.749658509723502 11.441735514950418 2.835876601043499 -0.7463213529704231 -2.86591423304586 
Pedestrian 5 0 -9999.0 -9999.0 -9999.0 -9999.0 1.6467102258502564 0.8504990806290904 0.946862823709426 4.929621285357666 2.9250544708945414 -0.1360679304260093 -0.00018438146336308137 
Pedestrian 4 0 -9999.0 -9999.0 -9999.0 -9999.0 1.7335733350919327 0.8234084053360446 0.7316008376188541 3.7822461937039114 3.1807762508797905 -0.008240396767809709 0.04165786765245105 
Pedestrian 1 0 -9999.0 -9999.0 -9999.0 -9999.0 1.830187787627785 0.8467364901875526 1.030957247409183 2.1421664276319543 3.6023579520924427 0.17272320633805222 -3.062780905515016 
Pedestrian 2 0 -9999.0 -9999.0 -9999.0 -9999.0 1.6047004871739794 0.8225193905720728 0.8427564948210492 2.873000598486188 3.8578253692326907 -0.03423007601164931 0.44407220182406704 
Pedestrian 6 0 -9999.0 -9999.0 -9999.0 -9999.0 1.8 0.7815797515521649 0.729516349447393 15.396207360427391 -0.9154634796007511 -0.911168950106147 -3.016746025430173 
Pedestrian 7 0 -9999.0 -9999.0 -9999.0 -9999.0 1.85 0.7446143281153959 0.7378356243838986 15.167036566643006 -1.5494153798425552 -0.8789057496159469 -3.0167473323324607 
Pedestrian 9 0 -9999.0 -9999.0 -9999.0 -9999.0 1.7388951330758573 0.762844615165235 0.6125796005267553 16.48541852312492 1.9922992838503724 -1.1095127804585774 3.118564333510381 
Pedestrian 10 0 -9999.0 -9999.0 -9999.0 -9999.0 1.7238665634959034 0.765649395571576 0.6782236572752955 16.834584688515395 1.4904109532730827 -1.1473490109727211 3.1174573850287697 
Car 1 0 -9999.0 -9999.0 -9999.0 -9999.0 1.9636838768401188 5.159477280173534 1.9749927503715075 8.422067999895127 -3.0864545055974686 -0.19071984112763113 0.07789771017975688 
Pedestrian 11 0 -9999.0 -9999.0 -9999.0 -9999.0 1.833843394516407 0.888361750840276 0.8547891083331658 32.04874240867876 -1.1753512423215464 -2.3849468074231797 -3.0700747579555347 
Pedestrian 44 0 -9999.0 -9999.0 -9999.0 -9999.0 1.773026559218124 1 0.9694486388550138 -27.418529168147717 3.335108136569346 2.8773494378001914 -3.044644984581966 
Pedestrian 43 0 -9999.0 -9999.0 -9999.0 -9999.0 1.6975355979754738 1 1.115836959245979 -27.50835517565685 2.339839772386747 2.7936586142866138 -3.0447042756555867 
Pedestrian 18 0 -9999.0 -9999.0 -9999.0 -9999.0 1.553791531556044 0.9350978240778415 0.7014189842208715 12.417697785840078 -2.9288951585025726 -0.7998638696995941 0.425040811235359 
Pedestrian 17 0 -9999.0 -9999.0 -9999.0 -9999.0 1.6786936986616088 0.9385842718372612 0.8570610823441984 12.962950395024794 -2.5479628908363234 -0.7622202026829746 0.4046403962364655 
Pedestrian 19 0 -9999.0 -9999.0 -9999.0 -9999.0 1.88766995436284 0.8473523143195599 0.8020167022554571 31.110116211098077 -0.20366514089590917 -2.0870402981003737 -0.013460110412680137 
Pedestrian 20 0 -9999.0 -9999.0 -9999.0 -9999.0 1.8942850025152396 0.7837367986462382 0.6986151564054772 30.59405386087439 -0.7030178984148923 -2.06722884946514 -0.01539550762906039 
Pedestrian 8 0 -9999.0 -9999.0 -9999.0 -9999.0 1.7182020193881877 0.84040506779357 0.7617142683117479 15.250195931444825 -2.7100734157551227 -1.0323179898884665 -3.0387560066138644 
Pedestrian 36 0 -9999.0 -9999.0 -9999.0 -9999.0 1.85 0.8455221526426029 0.7795427445654814 -6.058581435870459 5.18131251928734 0.7838752219267219 -1.133872817753586 
Pedestrian 1002 0 -9999.0 -9999.0 -9999.0 -9999.0 1.5480067025273518 0.5644233003512866 0.6213012349133786 20.880634083266244 -2.354002100578603 -1.4881240730885297 -3.043520129541184 
Pedestrian 16 0 -9999.0 -9999.0 -9999.0 -9999.0 1.5480067025273518 0.5644233003512866 0.6213012349133786 20.63925087317188 -3.136859306090366 -1.4890211314492592 -3.0435201606089084 
Pedestrian 34 0 -9999.0 -9999.0 -9999.0 -9999.0 1.8 0.742563890087286 0.7166973150341831 -6.959028856874553 5.411415948379974 0.7788194899580578 -1.2612092547055838 
Pedestrian 503 0 -9999.0 -9999.0 -9999.0 -9999.0 1.5098862519504819 0.7016892788347073 0.6244449312827264 23.390686097888747 5.227473254174748 -1.5032339160753379 2.395193348729382 
Pedestrian 14 0 -9999.0 -9999.0 -9999.0 -9999.0 1.5350666013118595 0.6767124353147551 0.6338965826401189 22.745716361950336 -0.4421757609608109 -1.681163902166163 2.4813069370602445 
Pedestrian 15 0 -9999.0 -9999.0 -9999.0 -9999.0 1.4995242359067946 0.6433493585685015 0.616020103352135 22.985378651334806 -1.078656824086532 -1.6581437537793549 2.5047489332728077 
Pedestrian 22 0 -9999.0 -9999.0 -9999.0 -9999.0 1.7272234413230434 0.8930338539667776 0.7589542967325148 21.40576283232284 -3.935783046560504 -1.5151590331476033 -3.015747271606436 
Pedestrian 777 0 -9999.0 -9999.0 -9999.0 -9999.0 1.5601539586488533 0.7742910735758141 0.7734620811052282 -8.225645286373501 0.10450576295367672 1.113010493274709 0.7324029576965216 
Pedestrian 502 0 -9999.0 -9999.0 -9999.0 -9999.0 1.5580631857725595 0.6324640994580073 0.6231826615974934 22.57517250067046 5.420405101173168 -1.2502685051599354 2.3848309801695464 
Pedestrian 45 0 -9999.0 -9999.0 -9999.0 -9999.0 1.840803791853019 0.9047965827395252 0.7795427445654814 1.0966668998148514 -2.2700955798657314 0.3920676774336484 3.1354613119275374 
Pedestrain_sitting 20 0 -9999.0 -9999.0 -9999.0 -9999.0 0.9288023059382893 0.630173997091732 0.7116151379014846 10.916362635982255 5.328852449087247 -0.652922792573701 -3.0334539188748018 
Car 4 0 -9999.0 -9999.0 -9999.0 -9999.0 2.0589564776245735 4.5 2.044844764170049 -33.49096467642282 6.811232912076742 3.4384396951003997 0.15975626962034895 
Pedestrian 52 0 -9999.0 -9999.0 -9999.0 -9999.0 1.85 0.8063422351422711 0.648255271894977 -2.1084032094161613 -10.426365912456417 0.9489291208170868 3.0157783739316972 
Pedestrian 200 0 -9999.0 -9999.0 -9999.0 -9999.0 1.7521106512660325 0.9162872598483918 0.6944942567378337 -16.90494831809163 3.884689012573794 1.8314029698760856 -3.0355436530167133 
Pedestrian 47 0 -9999.0 -9999.0 -9999.0 -9999.0 1.739259612086605 0.9765708634005151 0.6968829901888434 -8.909878938254764 -0.8981764522214641 1.2905195937902847 0.1258559559252852 
Pedestrian 24 0 -9999.0 -9999.0 -9999.0 -9999.0 1.5665724604937843 0.8256175940025915 0.7327379765104859 17.63530083760761 -4.79208483834933 -1.26454232716876 -1.6969143349279534 
Pedestrian 46 0 -9999.0 -9999.0 -9999.0 -9999.0 1.739259612086605 0.8137808070594968 0.7631092640473314 -8.826750651538822 -0.1857691978270251 1.284549145565358 0.13036527408261378 
Pedestrian 35 0 -9999.0 -9999.0 -9999.0 -9999.0 1.85 0.8455221526426029 0.8055941736449839 -4.2132085159682635 4.19287908345198 0.8051611706790318 3.0734364130360134 
Pedestrian 39 0 -9999.0 -9999.0 -9999.0 -9999.0 1.6992181517554945 0.7236988029930532 0.6130136573276566 -16.883334098417897 3.2498774677496414 1.856368888939336 -3.035549359258077 
Pedestrian 49 0 -9999.0 -9999.0 -9999.0 -9999.0 1.8880449392725787 0.7266739568839767 0.719062337692116 -13.37963249090308 -1.9633271484945822 1.5156361879134181 1.133918171425358 
Pedestrian 51 0 -9999.0 -9999.0 -9999.0 -9999.0 1.7084772160642387 0.6876926218915868 0.6022575416759411 -8.59313564345889 -2.459472381055296 1.3099061850763962 1.7806207929365527 
Pedestrian 50 0 -9999.0 -9999.0 -9999.0 -9999.0 1.6682901068147347 0.7378107948553352 0.6318862957964667 -9.328174936600028 -2.147248552009923 1.2984791662367376 1.774286363237355 
Pedestrian 37 0 -9999.0 -9999.0 -9999.0 -9999.0 1.7674898152527898 0.7851268766529278 0.7077031440696406 -12.278227345241262 3.2692542604889576 1.53295101953202 -2.951682069552348 
Pedestrian 38 0 -9999.0 -9999.0 -9999.0 -9999.0 1.768936684463284 0.7798122203956248 0.6543593384916504 -12.14418523924087 3.8747890127314983 1.495946380275501 -2.951682155949813 
Pedestrian 48 0 -9999.0 -9999.0 -9999.0 -9999.0 1.8437648405814306 0.63 0.8639507388388924 -12.803738640846891 -1.5986145683310742 1.477637572415269 0.18306903715527145 
Pedestrian 23 0 -9999.0 -9999.0 -9999.0 -9999.0 1.733985410563253 0.6134757942819711 0.7222749871810963 16.938832043449175 -4.848525068251607 -1.1516122206228627 -2.0191023197871907 
