Car 2 0 -9999.0 -9999.0 -9999.0 -9999.0 1.7161032172723623 4.3042446659889535 2.497900330371051 29.564626946242598 0.6692785715403642 -2.687350027027495 0.07281321653102601 
Pedestrian 26 0 -9999.0 -9999.0 -9999.0 -9999.0 1.8 0.880638232653005 0.7173897124333324 23.86476663562031 -3.5888449810495953 -2.335898420126793 -2.954805073580406 
Pedestrian 42 0 -9999.0 -9999.0 -9999.0 -9999.0 1.9110630666244788 0.6648425352273584 0.7730646177530336 -27.180567024580974 0.32435411272843806 2.179870245114303 1.165832675610286 
Pedestrian 41 0 -9999.0 -9999.0 -9999.0 -9999.0 1.7717383253829708 0.6171990397476583 0.6601212154854279 -26.755488888745425 0.8727622901738725 2.09630169043913 1.124721062312906 
Pedestrian 1001 0 -9999.0 -9999.0 -9999.0 -9999.0 1.8190235843771385 0.6309324708718423 0.6213012349133786 32.167759447675344 2.7424244452720625 -2.6709882866121215 1.5959482686100763 
Pedestrian 765 0 -9999.0 -9999.0 -9999.0 -9999.0 1.765427731387784 0.6045377694180526 0.7280996093110779 29.868285803224353 2.248579357553276 -2.730247549760927 -0.4353018992204838 
Pedestrian 888 0 -9999.0 -9999.0 -9999.0 -9999.0 1.5366259275535865 0.5877254913696837 0.6357928477663076 12.32098353674121 8.169688890702938 -1.5875398692995322 -3.1056511117995758 
Pedestrian 3 0 -9999.0 -9999.0 -9999.0 -9999.0 1.6413741868673242 0.9102319618606736 0.749658509723502 7.326407990393539 3.5923276180824426 -0.9906850526637014 -2.86591423304586 
Pedestrian 5 0 -9999.0 -9999.0 -9999.0 -9999.0 1.6467102258502564 0.8504990806290904 0.946862823709426 6.755681646728585 2.726561002432728 -0.8908439886134809 -0.02272402039053034 
Pedestrian 4 0 -9999.0 -9999.0 -9999.0 -9999.0 1.7335733350919327 0.8234084053360446 0.7316008376188541 6.160749685131143 2.8150825782312623 -0.8281253234030849 0.45917029532677844 
Pedestrian 1 0 -9999.0 -9999.0 -9999.0 -9999.0 1.830187787627785 0.8467364901875526 1.030957247409183 2.0297281578247355 3.416392654691288 -0.4340722530321268 2.2567789656859834 
Pedestrian 2 0 -9999.0 -9999.0 -9999.0 -9999.0 1.6047004871739794 0.8225193905720728 0.8427564948210492 2.8521299957785717 3.833780011888988 -0.6518801801284159 0.4440707607372163 
Pedestrian 6 0 -9999.0 -9999.0 -9999.0 -9999.0 1.8 0.7815797515521649 0.729516349447393 11.679044691351324 -0.6028072491433283 -1.0571913808006113 -3.016746109810173 
Pedestrian 7 0 -9999.0 -9999.0 -9999.0 -9999.0 1.85 0.7446143281153959 0.7378356243838986 11.379380539902641 -1.2559301387753428 -1.0266777159366325 -3.0167473323324607 
Pedestrian 9 0 -9999.0 -9999.0 -9999.0 -9999.0 1.7388951330758573 0.762844615165235 0.6125796005267553 14.006670297410624 2.218954552099267 -1.4485582389038838 -3.0728131652817208 
Pedestrian 10 0 -9999.0 -9999.0 -9999.0 -9999.0 1.7238665634959034 0.765649395571576 0.6782236572752955 14.152710303579227 1.6429916291148754 -1.461999429984672 -3.0723331850889846 
Car 1 0 -9999.0 -9999.0 -9999.0 -9999.0 1.9636838768401188 5.159477280173534 1.9749927503715075 8.449041029418455 -3.126009351556564 -0.7245078153360704 0.0778977066967741 
Pedestrian 11 0 -9999.0 -9999.0 -9999.0 -9999.0 1.833843394516407 0.888361750840276 0.8547891083331658 26.644204234983118 -0.5712769984844843 -2.499135943686518 -3.0700747677997864 
Pedestrian 44 0 -9999.0 -9999.0 -9999.0 -9999.0 1.773026559218124 1 0.9694486388550138 -32.54914644436835 3.7525576631851867 2.524854864164118 -3.044545371209999 
Pedestrian 43 0 -9999.0 -9999.0 -9999.0 -9999.0 1.6975355979754738 1 1.115836959245979 -32.660342097184454 2.705081093486527 2.6801501496377305 -3.044545365755667 
Pedestrian 18 0 -9999.0 -9999.0 -9999.0 -9999.0 1.553791531556044 0.9350978240778415 0.7014189842208715 16.121290985579915 -3.8083105647943722 -1.609254094275178 0.22594922638462123 
Pedestrian 17 0 -9999.0 -9999.0 -9999.0 -9999.0 1.6786936986616088 0.9385842718372612 0.8570610823441984 16.503621170721193 -3.0789959406955227 -1.5753876147234869 0.23485426852710312 
Pedestrian 19 0 -9999.0 -9999.0 -9999.0 -9999.0 1.88766995436284 0.8473523143195599 0.8020167022554571 33.886547105205814 -0.03906447587106328 -2.7787798753067197 -0.013667347166684607 
Pedestrian 20 0 -9999.0 -9999.0 -9999.0 -9999.0 1.8942850025152396 0.7837367986462382 0.6986151564054772 33.54663571893954 -0.7845580428584671 -2.7604008130381814 -0.021692891640693546 
Pedestrian 8 0 -9999.0 -9999.0 -9999.0 -9999.0 1.7182020193881877 0.84040506779357 0.7617142683117479 12.137557953270102 -2.30103655664456 -1.2477572398571573 -3.0700747683031633 
Pedestrian 36 0 -9999.0 -9999.0 -9999.0 -9999.0 1.85 0.8455221526426029 0.7795427445654814 -6.671653183262304 4.674524702579788 0.3520495695383206 -1.8102329224799405 
Pedestrian 1002 0 -9999.0 -9999.0 -9999.0 -9999.0 1.5480067025273518 0.5644233003512866 0.6213012349133786 16.864324195955575 -1.9123592541089287 -1.684683221896407 -3.043520129541184 
Pedestrian 16 0 -9999.0 -9999.0 -9999.0 -9999.0 1.5480067025273518 0.5644233003512866 0.6213012349133786 16.827255662901422 -2.5916768629792672 -1.670795909558555 -3.043520138910136 
Pedestrian 34 0 -9999.0 -9999.0 -9999.0 -9999.0 1.8 0.742563890087286 0.7166973150341831 -7.099960459184493 3.902522089863593 0.39537074451273846 1.9321092956349037 
Pedestrian 503 0 -9999.0 -9999.0 -9999.0 -9999.0 1.5098862519504819 0.7016892788347073 0.6244449312827264 23.49090482760069 4.996562925726523 -2.243550159874814 2.395193348729382 
Pedestrian 14 0 -9999.0 -9999.0 -9999.0 -9999.0 1.5350666013118595 0.6767124353147551 0.6338965826401189 19.401052859626983 -1.1437053523636498 -1.7444047306755601 -3.045620395426017 
Pedestrian 15 0 -9999.0 -9999.0 -9999.0 -9999.0 1.4995242359067946 0.6433493585685015 0.616020103352135 19.324098528722402 -1.8046078309166709 -1.6906741087629487 -3.044591457542138 
Pedestrian 22 0 -9999.0 -9999.0 -9999.0 -9999.0 1.7272234413230434 0.8930338539667776 0.7589542967325148 18.963647218920215 -4.292515416192079 -1.64405435298355 -3.0157782983181445 
Pedestrian 777 0 -9999.0 -9999.0 -9999.0 -9999.0 1.5601539586488533 0.7742910735758141 0.7734620811052282 -5.203332659415811 -2.990921191519428 0.2608656657808877 0.5491142139872363 
Pedestrian 45 0 -9999.0 -9999.0 -9999.0 -9999.0 1.840803791853019 0.9047965827395252 0.7795427445654814 -3.0521118949702055 -2.029049498178634 0.18691353466516344 3.1354613119275374 
Car 4 0 -9999.0 -9999.0 -9999.0 -9999.0 2.0589564776245735 4.5 2.044844764170049 -33.17905852223012 6.717609691184763 2.6758936648404634 0.15975626962034895 
Pedestrian 52 0 -9999.0 -9999.0 -9999.0 -9999.0 1.85 0.8063422351422711 0.648255271894977 -2.1642988870629147 -10.242709845048925 0.44010307182479735 3.0157783739316972 
Pedestrian 53 0 -9999.0 -9999.0 -9999.0 -9999.0 1.85 0.6635819251292966 0.5936944772056624 -0.960838929788087 -10.906523822701738 0.3585422383258954 2.928476607281148 
Pedestrian 200 0 -9999.0 -9999.0 -9999.0 -9999.0 1.7521106512660325 0.9162872598483918 0.6944942567378337 -21.168203966868646 3.953274787681151 1.602118054855799 -3.0359356116598377 
Pedestrian 47 0 -9999.0 -9999.0 -9999.0 -9999.0 1.739259612086605 0.9765708634005151 0.6968829901888434 -5.746493499979972 -2.7382727196659182 0.35521132830907204 0.5038403388570103 
Pedestrian 24 0 -9999.0 -9999.0 -9999.0 -9999.0 1.5665724604937843 0.8256175940025915 0.7327379765104859 17.68556799221571 -4.794226213088088 -1.5233210388789606 -1.6969116825060837 
Pedestrian 46 0 -9999.0 -9999.0 -9999.0 -9999.0 1.739259612086605 0.8137808070594968 0.7631092640473314 -5.413205859243088 -2.139401492459701 0.35775103558149723 0.4906424570790122 
Pedestrian 35 0 -9999.0 -9999.0 -9999.0 -9999.0 1.85 0.8455221526426029 0.8055941736449839 -8.397709331392992 3.4834219640713187 0.5252298067489932 -3.0834237824536324 
Pedestrian 39 0 -9999.0 -9999.0 -9999.0 -9999.0 1.6992181517554945 0.7236988029930532 0.6130136573276566 -21.14427413618019 3.2850137062172413 1.5967213771419968 -3.035883791155431 
Pedestrian 49 0 -9999.0 -9999.0 -9999.0 -9999.0 1.8880449392725787 0.7266739568839767 0.719062337692116 -13.385218640220195 -1.9607528120186357 1.072607702865721 1.1929071181357287 
Pedestrian 51 0 -9999.0 -9999.0 -9999.0 -9999.0 1.7084772160642387 0.6876926218915868 0.6022575416759411 -8.454758827561205 -2.3827502644844376 0.5959351673127306 1.7806207929365527 
Pedestrian 50 0 -9999.0 -9999.0 -9999.0 -9999.0 1.6682901068147347 0.7378107948553352 0.6318862957964667 -9.476996305230752 -2.207655018463286 0.5985805239632327 1.774286363237355 
Pedestrian 37 0 -9999.0 -9999.0 -9999.0 -9999.0 1.7674898152527898 0.7851268766529278 0.7077031440696406 -16.334743309189864 3.6246225256557985 1.1529528344570008 -2.9490058041907474 
Pedestrian 38 0 -9999.0 -9999.0 -9999.0 -9999.0 1.768936684463284 0.7798122203956248 0.6543593384916504 -16.23575325224619 4.297858960139293 1.1495383909141814 -2.9493361105722578 
Pedestrian 48 0 -9999.0 -9999.0 -9999.0 -9999.0 1.8437648405814306 0.63 0.8639507388388924 -12.817718445967515 -1.606257322676299 1.0393590990206298 0.18306882117577317 
Pedestrian 23 0 -9999.0 -9999.0 -9999.0 -9999.0 1.733985410563253 0.6134757942819711 0.7222749871810963 16.891793715181354 -4.903410040108175 -1.4277173087410233 -2.0191023197871907 
