Car 2 0 -9999.0 -9999.0 -9999.0 -9999.0 1.7161032172723623 4.3042446659889535 2.497900330371051 29.79723114675738 0.7326303780527641 -1.1889822237076062 0.07281321653102601 
Pedestrian 26 0 -9999.0 -9999.0 -9999.0 -9999.0 1.8 0.880638232653005 0.7173897124333324 39.81938428144983 -3.2395591850161356 -2.272982300397006 -2.954805073580406 
Pedestrian 25 0 -9999.0 -9999.0 -9999.0 -9999.0 1.8 0.880638232653005 0.7173897124333324 39.89950550277281 -2.530070311718634 -2.2663959663958595 -2.954805073580406 
Car 3 0 -9999.0 -9999.0 -9999.0 -9999.0 1.4301220212552401 4 1.8633935758759457 55.63678999014175 -0.20353815152770038 -3.227850456362115 -3.0521482483721982 
Pedestrain_sitting 21 0 -9999.0 -9999.0 -9999.0 -9999.0 0.9170967942404316 0.6239191457374971 0.6351946031908755 11.791588315748355 5.243225662586971 0.5867928540615572 0.1284312381726025 
Pedestrian 601 0 -9999.0 -9999.0 -9999.0 -9999.0 1.7334194695403702 0.5901000815388179 0.5961420748625704 18.67834136492664 12.299141972784689 0.04802757196982701 1.6689180383859323 
Pedestrian 1006 0 -9999.0 -9999.0 -9999.0 -9999.0 1.8319269034634074 0.7746621567225385 0.7296367421575172 28.481703335113313 -4.871427489703578 -1.2273549943552327 0.000542427125015621 
Pedestrian 1005 0 -9999.0 -9999.0 -9999.0 -9999.0 1.7182020193881877 0.7271215203340413 0.7172417616036824 28.44498288214587 -4.168455576372121 -1.3279605619255765 -0.005229885550440017 
Pedestrian 999 0 -9999.0 -9999.0 -9999.0 -9999.0 1.7478363069824068 0.6324640994580073 0.6450381271264 20.821296967280674 5.9337849798052575 -0.08641874923084227 2.2931601834336313 
Pedestrian 702 0 -9999.0 -9999.0 -9999.0 -9999.0 1.7242744269198185 0.63 0.6898739737048278 -25.480078513496217 3.0119658584508624 3.6378701609520654 -3.00732011091074 
Pedestrian 703 0 -9999.0 -9999.0 -9999.0 -9999.0 1.7717383253829708 0.63 0.6566716672544799 -25.380827898350056 3.763381491345283 3.6392720587134515 -3.00732011091074 
Pedestrian 1001 0 -9999.0 -9999.0 -9999.0 -9999.0 1.8190235843771385 0.6309324708718423 0.6213012349133786 32.52778558961691 2.7143541990001414 -1.4467841174742229 1.5959482666460652 
Pedestrian 888 0 -9999.0 -9999.0 -9999.0 -9999.0 1.5366259275535865 0.5877254913696837 0.6357928477663076 13.143354307733855 7.181202683304637 0.4394512091673235 0.21319639405430735 
Pedestrian 223 0 -9999.0 -9999.0 -9999.0 -9999.0 1.7272234413230434 0.6942712320825266 0.6155335882708507 37.15691077973744 -7.275174151519626 -1.95853092591662 0.641983760630124 
Pedestrian 3 0 -9999.0 -9999.0 -9999.0 -9999.0 1.6413741868673242 0.9102319618606736 0.749658509723502 24.135445831300594 1.8991673747091373 -0.7771698759879782 -2.8455197367904184 
Pedestrian 5 0 -9999.0 -9999.0 -9999.0 -9999.0 1.6467102258502564 0.8504990806290904 0.946862823709426 -1.1801394967718635 3.1470622261881656 1.5136181226499827 0.31875279717193106 
Pedestrian 4 0 -9999.0 -9999.0 -9999.0 -9999.0 1.7335733350919327 0.8234084053360446 0.7316008376188541 -1.5761923763707253 3.860659088296873 1.5522939656319363 0.07140509684664131 
Pedestrian 1 0 -9999.0 -9999.0 -9999.0 -9999.0 1.830187787627785 0.8467364901875526 1.030957247409183 2.2191726833074323 3.629296079408281 1.306455382467824 -1.2761721826876382 
Pedestrian 2 0 -9999.0 -9999.0 -9999.0 -9999.0 1.6047004871739794 0.8225193905720728 0.8427564948210492 0.028787816040748558 4.9969663844158605 1.4302218697185705 0.4371554716980528 
Pedestrian 6 0 -9999.0 -9999.0 -9999.0 -9999.0 1.8 0.7815797515521649 0.729516349447393 27.68394881087004 -2.6824814875742313 -1.0599335767819904 -3.0167883473945913 
Pedestrian 7 0 -9999.0 -9999.0 -9999.0 -9999.0 1.85 0.7446143281153959 0.7378356243838986 27.457735760979396 -3.397030418118725 -1.0484437261526165 -3.0167473323324607 
Pedestrian 9 0 -9999.0 -9999.0 -9999.0 -9999.0 1.7388951330758573 0.762844615165235 0.6125796005267553 19.05107817393474 2.48355671631151 -0.2399447736452288 2.036784270424665 
Pedestrian 10 0 -9999.0 -9999.0 -9999.0 -9999.0 1.7238665634959034 0.765649395571576 0.6782236572752955 19.625129326782552 2.5028536242544748 -0.30045773938406123 1.9234730760641447 
Car 1 0 -9999.0 -9999.0 -9999.0 -9999.0 1.9636838768401188 5.159477280173534 1.9749927503715075 8.77962821254166 -3.1303041054457132 0.6594728864820898 0.0778977096991813 
Pedestrian 11 0 -9999.0 -9999.0 -9999.0 -9999.0 1.833843394516407 0.888361750840276 0.8547891083331658 49.55582031619277 -1.9345677656093352 -3.3774504353751498 -3.070074681956111 
Pedestrian 44 0 -9999.0 -9999.0 -9999.0 -9999.0 1.773026559218124 1 0.9694486388550138 -11.475811542178874 2.0358541151810976 2.5079213058416157 -2.984357435064954 
Pedestrian 43 0 -9999.0 -9999.0 -9999.0 -9999.0 1.6975355979754738 1 1.115836959245979 -11.12617278643464 0.9264022907515447 2.470236707881495 -2.9889948462654043 
Pedestrian 18 0 -9999.0 -9999.0 -9999.0 -9999.0 1.553791531556044 0.9350978240778415 0.7014189842208715 3.7946069318454927 -1.1652390930292995 0.8663886342829721 0.04315083771122197 
Pedestrian 17 0 -9999.0 -9999.0 -9999.0 -9999.0 1.6786936986616088 0.9385842718372612 0.8570610823441984 2.97059219820832 -0.6074476240072998 0.9149577381538954 -0.02588628865897391 
Pedestrian 19 0 -9999.0 -9999.0 -9999.0 -9999.0 1.88766995436284 0.8473523143195599 0.8020167022554571 22.603844889966965 1.4281625329076855 -0.4714940752643421 -0.02426263927338468 
Pedestrian 20 0 -9999.0 -9999.0 -9999.0 -9999.0 1.8942850025152396 0.7837367986462382 0.6986151564054772 22.273870485466542 0.7103859793653102 -0.4503716313314363 -0.024262694596599133 
Pedestrian 8 0 -9999.0 -9999.0 -9999.0 -9999.0 1.7182020193881877 0.84040506779357 0.7617142683117479 25.216026423998063 -3.696120269257422 -0.8805260587026137 2.9420438409558347 
Pedestrian 36 0 -9999.0 -9999.0 -9999.0 -9999.0 1.85 0.8455221526426029 0.7795427445654814 -5.929732518557613 5.56648324358505 1.66317955095285 -1.1350935542422587 
Pedestrian 1002 0 -9999.0 -9999.0 -9999.0 -9999.0 1.5480067025273518 0.5644233003512866 0.6213012349133786 34.273401894398575 -3.09415539063423 -1.765736383111545 -3.043520129541184 
Pedestrian 16 0 -9999.0 -9999.0 -9999.0 -9999.0 1.5480067025273518 0.5644233003512866 0.6213012349133786 34.29700882523545 -4.018935284212954 -1.9385026792123945 -3.0435201271398284 
Pedestrian 34 0 -9999.0 -9999.0 -9999.0 -9999.0 1.8 0.742563890087286 0.7166973150341831 -6.916628524042705 5.34850339220013 1.6562403778861878 -1.2337185425917028 
Pedestrian 27 0 -9999.0 -9999.0 -9999.0 -9999.0 1.8 0.8271693526588353 0.8407252643496999 30.0531009133431 -0.15536934665797653 -1.1753683496377803 2.006724943650047 
Pedestrian 503 0 -9999.0 -9999.0 -9999.0 -9999.0 1.5098862519504819 0.7016892788347073 0.6244449312827264 23.93968210520601 5.2197145971299586 -0.2725094475684131 2.395193348729382 
Pedestrian 28 0 -9999.0 -9999.0 -9999.0 -9999.0 1.9344750647178444 0.9180852004756592 0.7505107045290647 37.98675078484303 -1.0003832929419636 -1.9680025033523547 0.005317858512496443 
Pedestrian 29 0 -9999.0 -9999.0 -9999.0 -9999.0 1.914706511234499 0.9112747753301017 0.7505107045290647 37.98916580995608 -0.25509298941233827 -1.9443199297279032 0.005317858512576379 
Pedestrian 22 0 -9999.0 -9999.0 -9999.0 -9999.0 1.7272234413230434 0.8930338539667776 0.7589542967325148 28.264765934117396 -5.165905867144208 -1.3170260522019217 -2.0030657098410902 
Pedestrian 777 0 -9999.0 -9999.0 -9999.0 -9999.0 1.5601539586488533 0.7742910735758141 0.7734620811052282 -15.9467195336973 4.10065853481356 2.7759778199994027 0.2432910740792984 
Pedestrian 502 0 -9999.0 -9999.0 -9999.0 -9999.0 1.5580631857725595 0.6324640994580073 0.6231826615974934 23.4757621811449 5.750908961370843 -0.22896422082288706 2.3887817997515697 
Pedestrian 45 0 -9999.0 -9999.0 -9999.0 -9999.0 1.840803791853019 0.9047965827395252 0.7795427445654814 11.957761129153923 -2.414999810696624 0.2927824796479256 -2.6777274409788543 
Pedestrain_sitting 20 0 -9999.0 -9999.0 -9999.0 -9999.0 0.9288023059382893 0.630173997091732 0.7116151379014846 10.9174467444703 5.306955713384528 0.6381451660296351 -3.033512527889034 
Pedestrian 30 0 -9999.0 -9999.0 -9999.0 -9999.0 1.6574581668813668 0.5844020196858356 0.6601390122619767 55.104868643610246 -3.1826604507120497 -3.9342511527547974 0.18857705341395636 
Car 4 0 -9999.0 -9999.0 -9999.0 -9999.0 2.0589564776245735 4.5 2.044844764170049 -33.17515993507919 6.769230747985237 4.464481124908697 0.15975626962034806 
Pedestrian 200 0 -9999.0 -9999.0 -9999.0 -9999.0 1.7521106512660325 0.9162872598483918 0.6944942567378337 -4.046583285555451 2.6748989254889364 1.8558450130576714 -3.0666784202292163 
Pedestrian 47 0 -9999.0 -9999.0 -9999.0 -9999.0 1.739259612086605 0.9765708634005151 0.6968829901888434 -15.254701743592939 2.7500661698129005 2.6607816522780428 0.27071071050461715 
Pedestrian 24 0 -9999.0 -9999.0 -9999.0 -9999.0 1.5665724604937843 0.8256175940025915 0.7327379765104859 22.72097038106495 -5.292820008954693 -0.8120292313478542 -2.4093764951598082 
Pedestrian 46 0 -9999.0 -9999.0 -9999.0 -9999.0 1.739259612086605 0.8137808070594968 0.7631092640473314 -15.063272036112982 3.4600888812840336 2.6731550726067286 0.270684675077999 
Pedestrian 35 0 -9999.0 -9999.0 -9999.0 -9999.0 1.85 0.8455221526426029 0.8055941736449839 7.575815663640994 3.764686534183689 0.7525526028310574 -3.081658284251791 
Pedestrian 31 0 -9999.0 -9999.0 -9999.0 -9999.0 1.6183186744299025 0.6340866970656824 0.5322695037304019 57.03447710922551 -2.4881236317709963 -3.9719009434965526 -3.0553355148965053 
Pedestrian 32 0 -9999.0 -9999.0 -9999.0 -9999.0 1.6264157795512513 0.6356555012147109 0.5322695037304019 56.74181593642548 -1.6808178779542964 -3.971784685855569 -3.056922019186569 
Pedestrian 33 0 -9999.0 -9999.0 -9999.0 -9999.0 1.85 1.011633098401595 1.1292297078013385 42.086392277204794 -6.385159348292446 -2.375373506354352 2.750518124358825 
Pedestrian 39 0 -9999.0 -9999.0 -9999.0 -9999.0 1.6992181517554945 0.7236988029930532 0.6130136573276566 -4.036383022609582 2.0033205855490617 1.843425612804491 -3.058464264258374 
Pedestrian 49 0 -9999.0 -9999.0 -9999.0 -9999.0 1.8880449392725787 0.7266739568839767 0.719062337692116 -13.170729138729738 -2.137894514815776 2.2457198560374616 1.1335962180629906 
Pedestrian 51 0 -9999.0 -9999.0 -9999.0 -9999.0 1.7084772160642387 0.6876926218915868 0.6022575416759411 -8.400466578080191 -2.2779557929850753 1.97951419172697 1.7806207929365527 
Pedestrian 50 0 -9999.0 -9999.0 -9999.0 -9999.0 1.6682901068147347 0.7378107948553352 0.6318862957964667 -9.129104996675837 -1.9672188516835778 1.9819424141064994 1.774286363237355 
Pedestrian 37 0 -9999.0 -9999.0 -9999.0 -9999.0 1.7674898152527898 0.7851268766529278 0.7077031440696406 -0.19173170138671372 1.4068358906714493 1.453987454279266 -1.558992315149851 
Pedestrian 38 0 -9999.0 -9999.0 -9999.0 -9999.0 1.768936684463284 0.7798122203956248 0.6543593384916504 0.38944495368843746 1.7746362437625338 1.435883532992379 -1.5582065853430365 
Pedestrian 48 0 -9999.0 -9999.0 -9999.0 -9999.0 1.8437648405814306 0.63 0.8639507388388924 -12.615536387547158 -1.5999459000191008 2.2282283275853705 0.1830916169617307 
Pedestrain_sitting 557 0 -9999.0 -9999.0 -9999.0 -9999.0 1.3003415906177906 0.5495013160563614 0.4849281347249202 22.536079218204748 -8.824373463633266 -0.699382705260347 -0.004784616434236 
Pedestrain_sitting 556 0 -9999.0 -9999.0 -9999.0 -9999.0 1.3003415906177906 0.5495013160563614 0.4849281347249202 21.17675478795648 -8.706645231740199 -0.7037722293937172 3.1368080825650217 
Pedestrain_sitting 555 0 -9999.0 -9999.0 -9999.0 -9999.0 1.3003415906177906 0.5495013160563614 0.4849281347249202 21.15705180264333 -7.978153282781201 -0.687684159092461 3.1368080825650217 
Pedestrian 23 0 -9999.0 -9999.0 -9999.0 -9999.0 1.733985410563253 0.6134757942819711 0.7222749871810963 17.198915635105912 -4.883475962050982 -0.30560309400423086 -2.0191023197871907 
