Car 2 0 -9999.0 -9999.0 -9999.0 -9999.0 1.7161032172723623 4.3042446659889535 2.497900330371051 29.798326792516594 0.6686387770645216 -1.487339830691354 0.07281321653102601 
Pedestrian 26 0 -9999.0 -9999.0 -9999.0 -9999.0 1.8 0.880638232653005 0.7173897124333324 36.24974098935983 -3.3977444854580994 -2.224005957780599 -2.954805073580406 
Pedestrian 25 0 -9999.0 -9999.0 -9999.0 -9999.0 1.8 0.880638232653005 0.7173897124333324 36.31717002654793 -2.723462942643288 -2.2105010793292976 -2.954805073580406 
Car 3 0 -9999.0 -9999.0 -9999.0 -9999.0 1.4301220212552401 4 1.8633935758759457 55.585236699141674 -0.1989146617250552 -3.299313013030185 -3.0521482483721982 
Pedestrian 42 0 -9999.0 -9999.0 -9999.0 -9999.0 1.9110630666244788 0.6648425352273584 0.7730646177530336 -22.0426205627581 1.0055721924526193 3.0594853616458053 -3.068999300026645 
Pedestrian 41 0 -9999.0 -9999.0 -9999.0 -9999.0 1.7717383253829708 0.6171990397476583 0.6601212154854279 -22.089093889433084 0.2941896939221727 2.9855685475923663 -3.0681980678849285 
Pedestrain_sitting 21 0 -9999.0 -9999.0 -9999.0 -9999.0 0.9170967942404316 0.6239191457374971 0.6351946031908755 11.770581106139625 5.243048358137752 0.21815123638389688 0.12880603041137384 
Pedestrian 702 0 -9999.0 -9999.0 -9999.0 -9999.0 1.7242744269198185 0.63 0.6898739737048278 -29.490152698173958 3.9033118882608373 3.576979634481523 -3.00732011091074 
Pedestrian 703 0 -9999.0 -9999.0 -9999.0 -9999.0 1.7717383253829708 0.63 0.6566716672544799 -29.39281140570888 4.646772978726282 3.63976455695511 -3.00732011091074 
Pedestrian 1001 0 -9999.0 -9999.0 -9999.0 -9999.0 1.8190235843771385 0.6309324708718423 0.6213012349133786 32.30454517666577 2.8457010637189617 -1.4849983272441167 1.5959482666482856 
Pedestrian 888 0 -9999.0 -9999.0 -9999.0 -9999.0 1.5366259275535865 0.5877254913696837 0.6357928477663076 13.013168422682519 7.307597550273027 0.38529016638153785 3.102721692133576 
Pedestrian 223 0 -9999.0 -9999.0 -9999.0 -9999.0 1.7272234413230434 0.6942712320825266 0.6155335882708507 37.60183243812739 -6.898515111557199 -2.3240451991396665 0.6419837606293735 
Pedestrian 3 0 -9999.0 -9999.0 -9999.0 -9999.0 1.6413741868673242 0.9102319618606736 0.749658509723502 20.719703561151164 1.9401489462132848 -0.7517681726880016 -2.8625958440953987 
Pedestrian 5 0 -9999.0 -9999.0 -9999.0 -9999.0 1.6467102258502564 0.8504990806290904 0.946862823709426 1.5502824988264365 2.8718896332583093 0.9867714781107182 0.31934341683617795 
Pedestrian 4 0 -9999.0 -9999.0 -9999.0 -9999.0 1.7335733350919327 0.8234084053360446 0.7316008376188541 0.5008989875522022 2.9437060010870626 1.0198958600013321 0.07066488822344219 
Pedestrian 1 0 -9999.0 -9999.0 -9999.0 -9999.0 1.830187787627785 0.8467364901875526 1.030957247409183 2.3456984276252695 3.61478414237081 0.8457025557526591 -3.084144612850981 
Pedestrian 2 0 -9999.0 -9999.0 -9999.0 -9999.0 1.6047004871739794 0.8225193905720728 0.8427564948210492 1.5586126625172505 4.456736781325037 0.8389136629899757 0.4412673271392178 
Pedestrian 6 0 -9999.0 -9999.0 -9999.0 -9999.0 1.8 0.7815797515521649 0.729516349447393 24.40151606025526 -2.3586538520522837 -1.2249688940792864 -3.016788347569884 
Pedestrian 7 0 -9999.0 -9999.0 -9999.0 -9999.0 1.85 0.7446143281153959 0.7378356243838986 24.106153731185813 -3.063095723108813 -1.2166958558044556 -3.0167473323324607 
Pedestrian 9 0 -9999.0 -9999.0 -9999.0 -9999.0 1.7388951330758573 0.762844615165235 0.6125796005267553 19.04632143620483 2.5121470011825147 -0.5665223676539198 2.0372199508920215 
Pedestrian 10 0 -9999.0 -9999.0 -9999.0 -9999.0 1.7238665634959034 0.765649395571576 0.6782236572752955 19.60328284360853 2.448852627752962 -0.6442144486206663 2.035686513547404 
Car 1 0 -9999.0 -9999.0 -9999.0 -9999.0 1.9636838768401188 5.159477280173534 1.9749927503715075 8.755139829536368 -3.135673258912876 0.2945125949441067 0.07789770973702304 
Pedestrian 11 0 -9999.0 -9999.0 -9999.0 -9999.0 1.833843394516407 0.888361750840276 0.8547891083331658 44.73259751562515 -1.649986350638144 -2.9286481565863944 -3.070074715475684 
Pedestrian 44 0 -9999.0 -9999.0 -9999.0 -9999.0 1.773026559218124 1 0.9694486388550138 -15.479517049176845 2.704543672751392 2.3244038866630072 -3.0445454061045716 
Pedestrian 43 0 -9999.0 -9999.0 -9999.0 -9999.0 1.6975355979754738 1 1.115836959245979 -15.588470301313532 1.6626554684336914 2.2936729710369033 -3.0445454061045716 
Pedestrian 18 0 -9999.0 -9999.0 -9999.0 -9999.0 1.553791531556044 0.9350978240778415 0.7014189842208715 5.586041242341304 -1.234132385141986 0.35077715207684695 -0.01480480064470413 
Pedestrian 17 0 -9999.0 -9999.0 -9999.0 -9999.0 1.6786936986616088 0.9385842718372612 0.8570610823441984 5.658526701886154 -0.5573516026740937 0.440281315143109 -0.032873168648290374 
Pedestrian 19 0 -9999.0 -9999.0 -9999.0 -9999.0 1.88766995436284 0.8473523143195599 0.8020167022554571 25.109316748790725 1.314484404702526 -1.1464264044493626 0.2651993839578477 
Pedestrian 20 0 -9999.0 -9999.0 -9999.0 -9999.0 1.8942850025152396 0.7837367986462382 0.6986151564054772 24.545737828863004 0.7044817190460426 -1.0738799867313296 0.26523422122242124 
Pedestrian 8 0 -9999.0 -9999.0 -9999.0 -9999.0 1.7182020193881877 0.84040506779357 0.7617142683117479 22.16937866562322 -3.749896765294017 -1.0370654910429715 3.0883045184366615 
Pedestrian 36 0 -9999.0 -9999.0 -9999.0 -9999.0 1.85 0.8455221526426029 0.7795427445654814 -6.2382223302378605 5.241816103506859 1.3815047320101694 -1.1350935274504899 
Pedestrian 1002 0 -9999.0 -9999.0 -9999.0 -9999.0 1.5480067025273518 0.5644233003512866 0.6213012349133786 30.816771965307435 -3.374816873038622 -1.8490359361309652 -3.043520129541184 
Pedestrian 16 0 -9999.0 -9999.0 -9999.0 -9999.0 1.5480067025273518 0.5644233003512866 0.6213012349133786 30.768692385880257 -4.100975344676506 -1.8002896432531506 -3.043520128083072 
Pedestrian 34 0 -9999.0 -9999.0 -9999.0 -9999.0 1.8 0.742563890087286 0.7166973150341831 -7.1699186814881495 5.0046444970537225 1.4020946765316404 -1.2337111603250825 
Pedestrian 27 0 -9999.0 -9999.0 -9999.0 -9999.0 1.8 0.8271693526588353 0.8407252643496999 29.80063281248962 -0.2552404607092878 -1.4649570184701848 1.547826479759685 
Pedestrian 503 0 -9999.0 -9999.0 -9999.0 -9999.0 1.5098862519504819 0.7016892788347073 0.6244449312827264 23.995332807538134 5.25909076847442 -0.8383027246359718 2.395193348729382 
Pedestrian 28 0 -9999.0 -9999.0 -9999.0 -9999.0 1.9344750647178444 0.9180852004756592 0.7505107045290647 41.439988276152754 -0.7432116981666638 -2.8339481632707133 0.005317838696687005 
Pedestrian 29 0 -9999.0 -9999.0 -9999.0 -9999.0 1.914706511234499 0.9112747753301017 0.7505107045290647 41.249672524313425 -0.013123930676579371 -2.8465953269269435 0.005317858512576379 
Pedestrian 22 0 -9999.0 -9999.0 -9999.0 -9999.0 1.7272234413230434 0.8930338539667776 0.7589542967325148 26.673572406835238 -4.430134635517399 -1.512518149506092 -3.015780943525632 
Pedestrian 777 0 -9999.0 -9999.0 -9999.0 -9999.0 1.5601539586488533 0.7742910735758141 0.7734620811052282 -12.489672836050852 3.1254278459645373 1.9978992208556863 0.2755147107050284 
Pedestrian 502 0 -9999.0 -9999.0 -9999.0 -9999.0 1.5580631857725595 0.6324640994580073 0.6231826615974934 23.447823519346773 5.694456809645894 -0.7142637904480917 2.384830979894442 
Pedestrian 45 0 -9999.0 -9999.0 -9999.0 -9999.0 1.840803791853019 0.9047965827395252 0.7795427445654814 8.809334060050919 -1.8430724900838489 0.2407475339579182 -3.103411943375413 
Pedestrain_sitting 20 0 -9999.0 -9999.0 -9999.0 -9999.0 0.9288023059382893 0.630173997091732 0.7116151379014846 10.912073841264629 5.291905604576511 0.28941377999008633 -3.033496633909847 
Pedestrian 30 0 -9999.0 -9999.0 -9999.0 -9999.0 1.6574581668813668 0.5844020196858356 0.6601390122619767 59.42036054349883 -3.333955224269533 -4.706476401273023 0.18854446810056746 
Car 4 0 -9999.0 -9999.0 -9999.0 -9999.0 2.0589564776245735 4.5 2.044844764170049 -33.1538841103183 6.7304781935681435 4.072585945548701 0.15975626962034895 
Pedestrian 200 0 -9999.0 -9999.0 -9999.0 -9999.0 1.7521106512660325 0.9162872598483918 0.6944942567378337 -7.515305548103214 3.2622001297598606 1.9154784465369246 -2.9780151986347825 
Pedestrian 111 0 -9999.0 -9999.0 -9999.0 -9999.0 1.83889513307586 0.7017705575400481 0.6922125420881973 17.05547358097144 5.041000442395045 -0.25766274375601655 0.27355191047863325 
Pedestrian 47 0 -9999.0 -9999.0 -9999.0 -9999.0 1.739259612086605 0.9765708634005151 0.6968829901888434 -11.735257266047496 2.228864842682422 1.990742726339483 0.2707157513488134 
Pedestrian 24 0 -9999.0 -9999.0 -9999.0 -9999.0 1.5665724604937843 0.8256175940025915 0.7327379765104859 20.65220650839505 -5.103215876516201 -1.0239259235015323 3.1314771834493342 
Pedestrian 46 0 -9999.0 -9999.0 -9999.0 -9999.0 1.739259612086605 0.8137808070594968 0.7631092640473314 -11.661865462048278 2.96371137885028 1.99167526619143 0.2706960291282652 
Pedestrian 35 0 -9999.0 -9999.0 -9999.0 -9999.0 1.85 0.8455221526426029 0.8055941736449839 4.792808030516445 4.124982341298697 0.6393126059365404 -3.081760405728115 
Pedestrian 31 0 -9999.0 -9999.0 -9999.0 -9999.0 1.6183186744299025 0.6340866970656824 0.5322695037304019 59.74089967021048 -1.9570666672799666 -4.710504505703276 -3.0553355148965053 
Pedestrian 32 0 -9999.0 -9999.0 -9999.0 -9999.0 1.6264157795512513 0.6356555012147109 0.5322695037304019 59.78840699870628 -1.396409560461071 -4.703966054411893 -3.056922019186569 
Pedestrian 39 0 -9999.0 -9999.0 -9999.0 -9999.0 1.6992181517554945 0.7236988029930532 0.6130136573276566 -7.602623398769779 2.6028781789076096 1.755155117782063 -2.9785369261305767 
Pedestrian 49 0 -9999.0 -9999.0 -9999.0 -9999.0 1.8880449392725787 0.7266739568839767 0.719062337692116 -13.155335164654353 -1.9314972556165024 1.8386988124476535 1.1335961372653198 
Pedestrian 51 0 -9999.0 -9999.0 -9999.0 -9999.0 1.7084772160642387 0.6876926218915868 0.6022575416759411 -8.55285727018648 -2.4282899630937775 1.726432587415504 1.7806207929365527 
Pedestrian 50 0 -9999.0 -9999.0 -9999.0 -9999.0 1.6682901068147347 0.7378107948553352 0.6318862957964667 -9.181542400103265 -2.194452815645082 1.75977808377344 1.774286363237355 
Pedestrian 37 0 -9999.0 -9999.0 -9999.0 -9999.0 1.7674898152527898 0.7851268766529278 0.7077031440696406 -2.891065010863867 2.1021842447886994 1.2972631313935226 -2.9466702745914333 
Pedestrian 38 0 -9999.0 -9999.0 -9999.0 -9999.0 1.768936684463284 0.7798122203956248 0.6543593384916504 -2.7343086292521726 2.7425114113059634 1.282425612205032 -2.9497949431017467 
Pedestrian 48 0 -9999.0 -9999.0 -9999.0 -9999.0 1.8437648405814306 0.63 0.8639507388388924 -12.570955057781593 -1.5060976597608915 1.824394937598648 0.1831930771602348 
Pedestrain_sitting 557 0 -9999.0 -9999.0 -9999.0 -9999.0 1.3003415906177906 0.5495013160563614 0.4849281347249202 22.647858326286425 -8.828940940384186 -1.064157119658967 -0.004784668322324492 
Pedestrain_sitting 556 0 -9999.0 -9999.0 -9999.0 -9999.0 1.3003415906177906 0.5495013160563614 0.4849281347249202 21.23841047420082 -8.696371860471473 -1.0727013486401964 3.1368080825650217 
Pedestrain_sitting 555 0 -9999.0 -9999.0 -9999.0 -9999.0 1.3003415906177906 0.5495013160563614 0.4849281347249202 21.218938105007602 -7.965909517624867 -1.0740876407724123 3.1368080825650217 
Pedestrian 23 0 -9999.0 -9999.0 -9999.0 -9999.0 1.733985410563253 0.6134757942819711 0.7222749871810963 17.22379603038957 -4.86299379810258 -0.662490793803432 -2.0191023197871907 
