Car 2 0 -9999.0 -9999.0 -9999.0 -9999.0 1.7161032172723623 4.3042446659889535 2.497900330371051 29.698173564175814 1.402500674519393 -2.0385599396435854 0.07281321653102601 
Pedestrian 26 0 -9999.0 -9999.0 -9999.0 -9999.0 1.8 0.880638232653005 0.7173897124333324 29.572451690459143 -3.9083714496312556 -2.098869116013819 -2.954805073580406 
Pedestrian 25 0 -9999.0 -9999.0 -9999.0 -9999.0 1.8 0.880638232653005 0.7173897124333324 29.637757879163438 -3.164659305542677 -2.1073853750560794 -2.954805073580406 
Car 3 0 -9999.0 -9999.0 -9999.0 -9999.0 1.4301220212552401 4 1.8633935758759457 55.47890846232277 -0.18937875220058403 -3.446703945823901 -3.0521482483721982 
Pedestrian 42 0 -9999.0 -9999.0 -9999.0 -9999.0 1.9110630666244788 0.6648425352273584 0.7730646177530336 -27.1359474254026 0.15617785423785902 2.965166213964041 1.42400031646112 
Pedestrian 41 0 -9999.0 -9999.0 -9999.0 -9999.0 1.7717383253829708 0.6171990397476583 0.6601212154854279 -26.79545216123843 0.6948270608074856 2.8783138141687328 1.4484276752281708 
Pedestrain_sitting 21 0 -9999.0 -9999.0 -9999.0 -9999.0 0.9170967942404316 0.6239191457374971 0.6351946031908755 11.727253909856891 5.242682669175907 -0.5421690548207369 0.12957903630777423 
Pedestrian 702 0 -9999.0 -9999.0 -9999.0 -9999.0 1.7242744269198185 0.63 0.6898739737048278 -37.683168038505194 5.323004437126117 3.9181195838606615 -3.00732011091074 
Pedestrian 703 0 -9999.0 -9999.0 -9999.0 -9999.0 1.7717383253829708 0.63 0.6566716672544799 -37.52640058201946 6.051394915945518 3.9686745339607086 -3.00732011091074 
Pedestrian 1001 0 -9999.0 -9999.0 -9999.0 -9999.0 1.8190235843771385 0.6309324708718423 0.6213012349133786 32.065233399372694 2.9177644191948024 -2.0835077865864564 1.5959482665637594 
Pedestrian 765 0 -9999.0 -9999.0 -9999.0 -9999.0 1.765427731387784 0.6045377694180526 0.7280996093110779 29.397632426518356 2.410072801432344 -1.9671213938946726 -1.682316929644827 
Pedestrian 888 0 -9999.0 -9999.0 -9999.0 -9999.0 1.5366259275535865 0.5877254913696837 0.6357928477663076 13.486790689456504 7.997340761831982 -0.5416056892829282 -3.100454774353004 
Pedestrian 223 0 -9999.0 -9999.0 -9999.0 -9999.0 1.7272234413230434 0.6942712320825266 0.6155335882708507 37.38921706508518 -6.893167059512099 -2.612745514691346 0.6419837459745636 
Pedestrian 3 0 -9999.0 -9999.0 -9999.0 -9999.0 1.6413741868673242 0.9102319618606736 0.749658509723502 13.522408028441923 2.365166518874944 -0.7303587883542979 -2.86591423304586 
Pedestrian 5 0 -9999.0 -9999.0 -9999.0 -9999.0 1.6467102258502564 0.8504990806290904 0.946862823709426 4.15400308593041 2.547612482891574 0.1450090959442927 0.5131812520452774 
Pedestrian 4 0 -9999.0 -9999.0 -9999.0 -9999.0 1.7335733350919327 0.8234084053360446 0.7316008376188541 2.6079028837287628 2.8779989304882494 0.29854960095543315 0.14966110384950326 
Pedestrian 1 0 -9999.0 -9999.0 -9999.0 -9999.0 1.830187787627785 0.8467364901875526 1.030957247409183 2.168732634648645 3.4637451015411274 0.35370908577333593 -3.0680625665985666 
Pedestrian 2 0 -9999.0 -9999.0 -9999.0 -9999.0 1.6047004871739794 0.8225193905720728 0.8427564948210492 3.1511943477213546 3.8021927921289547 0.16102689349267266 0.4438631605713592 
Pedestrian 6 0 -9999.0 -9999.0 -9999.0 -9999.0 1.8 0.7815797515521649 0.729516349447393 17.409493411084394 -1.3723577032789498 -0.9202067654720768 -3.0167450922271293 
Pedestrian 7 0 -9999.0 -9999.0 -9999.0 -9999.0 1.85 0.7446143281153959 0.7378356243838986 17.11702897042995 -2.0703544896396786 -0.9081861239371297 -3.0167473323324607 
Pedestrian 9 0 -9999.0 -9999.0 -9999.0 -9999.0 1.7388951330758573 0.762844615165235 0.6125796005267553 17.529327178184168 2.1680487089622926 -1.003389162316097 2.759865786317196 
Pedestrian 10 0 -9999.0 -9999.0 -9999.0 -9999.0 1.7238665634959034 0.765649395571576 0.6782236572752955 18.04498760672497 1.768373575084651 -1.0587182674774418 2.7602634591938937 
Car 1 0 -9999.0 -9999.0 -9999.0 -9999.0 1.9636838768401188 5.159477280173534 1.9749927503715075 8.447567128003813 -3.1016737619234256 -0.015731543545250984 0.07789770984581779 
Pedestrian 11 0 -9999.0 -9999.0 -9999.0 -9999.0 1.833843394516407 0.888361750840276 0.8547891083331658 34.93494094493369 -1.4309041335250305 -2.6364005495742417 -3.0700747858839144 
Pedestrian 44 0 -9999.0 -9999.0 -9999.0 -9999.0 1.773026559218124 1 0.9694486388550138 -24.655681622051077 3.2678197429263163 2.711792683617327 -3.0439877542264195 
Pedestrian 43 0 -9999.0 -9999.0 -9999.0 -9999.0 1.6975355979754738 1 1.115836959245979 -24.755361616555707 2.2329333580349378 2.721575803312515 -3.0439343614735144 
Pedestrian 18 0 -9999.0 -9999.0 -9999.0 -9999.0 1.553791531556044 0.9350978240778415 0.7014189842208715 10.767553346908736 -2.108432309659104 -0.427856665812077 0.2531564905126711 
Pedestrian 17 0 -9999.0 -9999.0 -9999.0 -9999.0 1.6786936986616088 0.9385842718372612 0.8570610823441984 11.322925110417758 -1.5554604339166211 -0.4043025698152359 0.35486257588827286 
Pedestrian 19 0 -9999.0 -9999.0 -9999.0 -9999.0 1.88766995436284 0.8473523143195599 0.8020167022554571 29.481380172769494 -0.27480932657900453 -1.9699007390653362 -0.010087647728740379 
Pedestrian 20 0 -9999.0 -9999.0 -9999.0 -9999.0 1.8942850025152396 0.7837367986462382 0.6986151564054772 29.046502654882932 -0.7328104196693095 -2.013206401266885 -0.014483533960950368 
Pedestrian 8 0 -9999.0 -9999.0 -9999.0 -9999.0 1.7182020193881877 0.84040506779357 0.7617142683117479 16.76098934349797 -3.041393787975087 -0.8715035205203929 -3.032824696273561 
Pedestrian 36 0 -9999.0 -9999.0 -9999.0 -9999.0 1.85 0.8455221526426029 0.7795427445654814 -6.2956055847124475 5.075829649319833 1.1860124409003752 -1.1350059274000888 
Pedestrian 1002 0 -9999.0 -9999.0 -9999.0 -9999.0 1.5480067025273518 0.5644233003512866 0.6213012349133786 23.03320072015897 -2.833853079011581 -1.3577009751709532 -3.043520129541184 
Pedestrian 16 0 -9999.0 -9999.0 -9999.0 -9999.0 1.5480067025273518 0.5644233003512866 0.6213012349133786 22.86882229941185 -3.5548061127222144 -1.3794786496816678 -3.0435201268607237 
Pedestrian 34 0 -9999.0 -9999.0 -9999.0 -9999.0 1.8 0.742563890087286 0.7166973150341831 -7.197339852355639 5.43532106679496 1.2413982674174069 -1.2356109527297043 
Pedestrian 503 0 -9999.0 -9999.0 -9999.0 -9999.0 1.5098862519504819 0.7016892788347073 0.6244449312827264 23.694179576623274 5.242978434932037 -1.5157930533859862 2.395193348729382 
Pedestrian 14 0 -9999.0 -9999.0 -9999.0 -9999.0 1.5350666013118595 0.6767124353147551 0.6338965826401189 23.865343226352284 0.7316944343972629 -1.560049568724358 2.1640937223189276 
Pedestrian 15 0 -9999.0 -9999.0 -9999.0 -9999.0 1.4995242359067946 0.6433493585685015 0.616020103352135 24.29291921460069 0.3338430734767431 -1.560082904219552 2.1448766826008168 
Pedestrian 22 0 -9999.0 -9999.0 -9999.0 -9999.0 1.7272234413230434 0.8930338539667776 0.7589542967325148 22.53293545371923 -4.152150831710174 -1.3551675270459718 -3.0159418755444154 
Pedestrian 777 0 -9999.0 -9999.0 -9999.0 -9999.0 1.5601539586488533 0.7742910735758141 0.7734620811052282 -10.844412817389816 0.8768087811511152 1.5058600151754937 -0.057911591751292235 
Pedestrian 502 0 -9999.0 -9999.0 -9999.0 -9999.0 1.5580631857725595 0.6324640994580073 0.6231826615974934 23.02918729480896 5.6331640224179935 -1.4701705806411063 2.384830949296042 
Pedestrian 45 0 -9999.0 -9999.0 -9999.0 -9999.0 1.840803791853019 0.9047965827395252 0.7795427445654814 3.051922079675972 -2.0139546508754207 0.41472751104020067 3.1354613119275374 
Pedestrain_sitting 20 0 -9999.0 -9999.0 -9999.0 -9999.0 0.9288023059382893 0.630173997091732 0.7116151379014846 10.900422039819398 5.307383552277967 -0.4272884697879089 -3.0334638527090725 
Car 4 0 -9999.0 -9999.0 -9999.0 -9999.0 2.0589564776245735 4.5 2.044844764170049 -33.342891403336516 6.810950640819201 3.587567274353996 0.15975626962034895 
Pedestrian 200 0 -9999.0 -9999.0 -9999.0 -9999.0 1.7521106512660325 0.9162872598483918 0.6944942567378337 -14.815976688944957 3.4385353594751153 1.826731368886452 -3.0374106423390757 
Pedestrian 47 0 -9999.0 -9999.0 -9999.0 -9999.0 1.739259612086605 0.9765708634005151 0.6968829901888434 -10.983218962882031 -0.4790453345468633 1.5950365601584784 0.17568899409509342 
Pedestrian 24 0 -9999.0 -9999.0 -9999.0 -9999.0 1.5665724604937843 0.8256175940025915 0.7327379765104859 17.72655941155828 -4.835831721067636 -1.1036693212527413 -1.696935676837212 
Pedestrian 46 0 -9999.0 -9999.0 -9999.0 -9999.0 1.739259612086605 0.8137808070594968 0.7631092640473314 -10.9120912242381 0.12022876416544469 1.5916240616547503 0.1303989308851996 
Pedestrian 35 0 -9999.0 -9999.0 -9999.0 -9999.0 1.85 0.8455221526426029 0.8055941736449839 -1.9714507248255262 4.994012522212195 0.7795293981318819 -3.0820967016670036 
Pedestrian 39 0 -9999.0 -9999.0 -9999.0 -9999.0 1.6992181517554945 0.7236988029930532 0.6130136573276566 -14.897981357120642 2.829286214235907 1.87076594199355 -3.037041420867146 
Pedestrian 49 0 -9999.0 -9999.0 -9999.0 -9999.0 1.8880449392725787 0.7266739568839767 0.719062337692116 -13.373083542436053 -2.044673753725554 1.7755296986245195 1.1335137051332431 
Pedestrian 51 0 -9999.0 -9999.0 -9999.0 -9999.0 1.7084772160642387 0.6876926218915868 0.6022575416759411 -8.623226394744 -2.4172278387940485 1.4133324266690404 1.7806207929365527 
Pedestrian 50 0 -9999.0 -9999.0 -9999.0 -9999.0 1.6682901068147347 0.7378107948553352 0.6318862957964667 -9.284400514629032 -2.196655883116391 1.4102470334674397 1.774286363237355 
Pedestrian 37 0 -9999.0 -9999.0 -9999.0 -9999.0 1.7674898152527898 0.7851268766529278 0.7077031440696406 -10.172003196408093 2.9904406123218776 1.4743180383990426 -2.950164181284258 
Pedestrian 38 0 -9999.0 -9999.0 -9999.0 -9999.0 1.768936684463284 0.7798122203956248 0.6543593384916504 -10.223787028413035 3.6442086205745197 1.463654394579074 -2.9496802050959285 
Pedestrian 48 0 -9999.0 -9999.0 -9999.0 -9999.0 1.8437648405814306 0.63 0.8639507388388924 -12.785734623515935 -1.6880918376309249 1.7474240645725514 0.1830679481385804 
Pedestrain_sitting 555 0 -9999.0 -9999.0 -9999.0 -9999.0 1.3003415906177906 0.5495013160563614 0.4849281347249202 21.202068765838614 -7.868187767753561 -1.2520150317525893 3.1368080825650217 
Pedestrian 23 0 -9999.0 -9999.0 -9999.0 -9999.0 1.733985410563253 0.6134757942819711 0.7222749871810963 16.99391398192715 -4.841534917701956 -1.001108426140994 -2.0191023197871907 
