Car 2 0 -9999.0 -9999.0 -9999.0 -9999.0 1.7161032172723623 4.3042446659889535 2.497900330371051 29.691692326913046 1.428642637337913 -1.954674114963698 0.07281321653102601 
Pedestrian 26 0 -9999.0 -9999.0 -9999.0 -9999.0 1.8 0.880638232653005 0.7173897124333324 29.954086398303396 -3.884849421521848 -2.1000589279149855 -2.954805073580406 
Pedestrian 25 0 -9999.0 -9999.0 -9999.0 -9999.0 1.8 0.880638232653005 0.7173897124333324 29.977696650259528 -3.129346735937722 -2.1074242918632846 -2.954805073580406 
Car 3 0 -9999.0 -9999.0 -9999.0 -9999.0 1.4301220212552401 4 1.8633935758759457 55.48534798554369 -0.1899562724591021 -3.437777555594232 -3.0521482483721982 
Pedestrian 42 0 -9999.0 -9999.0 -9999.0 -9999.0 1.9110630666244788 0.6648425352273584 0.7730646177530336 -27.15082032368511 -0.019150209475278263 2.9910970786517788 1.424834965049386 
Pedestrian 41 0 -9999.0 -9999.0 -9999.0 -9999.0 1.7717383253829708 0.6171990397476583 0.6601212154854279 -26.78076513855159 0.6338074308446434 2.9003945796413757 1.4248349241396543 
Pedestrain_sitting 21 0 -9999.0 -9999.0 -9999.0 -9999.0 0.9170967942404316 0.6239191457374971 0.6351946031908755 11.729877921078248 5.242704816280306 -0.4961220186144689 0.12953222099729178 
Pedestrian 702 0 -9999.0 -9999.0 -9999.0 -9999.0 1.7242744269198185 0.63 0.6898739737048278 -37.19870781646205 5.1145717894693234 3.947901795810557 -3.00732011091074 
Pedestrian 703 0 -9999.0 -9999.0 -9999.0 -9999.0 1.7717383253829708 0.63 0.6566716672544799 -37.0382598359183 5.8346337295932065 3.9866545033931264 -3.00732011091074 
Pedestrian 1001 0 -9999.0 -9999.0 -9999.0 -9999.0 1.8190235843771385 0.6309324708718423 0.6213012349133786 32.05298604872141 2.97257158386587 -2.0365599678947284 1.5959482667135543 
Pedestrian 765 0 -9999.0 -9999.0 -9999.0 -9999.0 1.765427731387784 0.6045377694180526 0.7280996093110779 29.397685098016566 2.4255737450075765 -1.925019815278222 -1.6904623422412115 
Pedestrian 888 0 -9999.0 -9999.0 -9999.0 -9999.0 1.5366259275535865 0.5877254913696837 0.6357928477663076 13.298198934270083 7.974674108330928 -0.48304794284692576 -3.101744190092637 
Pedestrian 223 0 -9999.0 -9999.0 -9999.0 -9999.0 1.7272234413230434 0.6942712320825266 0.6155335882708507 37.41130286556509 -6.887104891243412 -2.6218946621629513 0.6419837486235336 
Pedestrian 3 0 -9999.0 -9999.0 -9999.0 -9999.0 1.6413741868673242 0.9102319618606736 0.749658509723502 13.969849036937202 2.2938238161193767 -0.6976385236988187 -2.86591423304586 
Pedestrian 5 0 -9999.0 -9999.0 -9999.0 -9999.0 1.6467102258502564 0.8504990806290904 0.946862823709426 4.069696211902905 2.452244740032995 0.20122084438478735 0.6165338407381675 
Pedestrian 4 0 -9999.0 -9999.0 -9999.0 -9999.0 1.7335733350919327 0.8234084053360446 0.7316008376188541 2.1404511397463253 2.8155429364671907 0.4046263208721147 0.13041886060340602 
Pedestrian 1 0 -9999.0 -9999.0 -9999.0 -9999.0 1.830187787627785 0.8467364901875526 1.030957247409183 2.1774060639033466 3.4633475282911603 0.39538112022150607 -3.066842332366427 
Pedestrian 2 0 -9999.0 -9999.0 -9999.0 -9999.0 1.6047004871739794 0.8225193905720728 0.8427564948210492 3.0791180865508845 3.7484550698658046 0.19748709182642438 0.4438289533200406 
Pedestrian 6 0 -9999.0 -9999.0 -9999.0 -9999.0 1.8 0.7815797515521649 0.729516349447393 17.818548216557364 -1.4688890433832706 -0.8841137636611057 -3.0167461106019857 
Pedestrian 7 0 -9999.0 -9999.0 -9999.0 -9999.0 1.85 0.7446143281153959 0.7378356243838986 17.681215780479697 -2.1762736580034208 -0.8762190248689662 -3.0167473323324607 
Pedestrian 9 0 -9999.0 -9999.0 -9999.0 -9999.0 1.7388951330758573 0.762844615165235 0.6125796005267553 17.713408678547964 2.2238040227384257 -0.9851087948042453 2.651589204456391 
Pedestrian 10 0 -9999.0 -9999.0 -9999.0 -9999.0 1.7238665634959034 0.765649395571576 0.6782236572752955 18.24917899596192 1.846552538417469 -1.0424618716996843 2.6526313284930954 
Car 1 0 -9999.0 -9999.0 -9999.0 -9999.0 1.9636838768401188 5.159477280173534 1.9749927503715075 8.458305796542398 -3.1053571926836816 0.015058309988906587 0.0778977097499256 
Pedestrian 11 0 -9999.0 -9999.0 -9999.0 -9999.0 1.833843394516407 0.888361750840276 0.8547891083331658 35.50176659480907 -1.4042151306075914 -2.6756738607167088 -3.0700747903080057 
Pedestrian 44 0 -9999.0 -9999.0 -9999.0 -9999.0 1.773026559218124 1 0.9694486388550138 -24.09422123173227 3.207302582607576 2.7268704659294456 -3.04425833017031 
Pedestrian 43 0 -9999.0 -9999.0 -9999.0 -9999.0 1.6975355979754738 1 1.115836959245979 -24.196269519004584 2.1816606011035304 2.7219771552011096 -3.0442308590948315 
Pedestrian 18 0 -9999.0 -9999.0 -9999.0 -9999.0 1.553791531556044 0.9350978240778415 0.7014189842208715 10.450865913045341 -1.9180013180465636 -0.3590103914937013 0.14032809707162652 
Pedestrian 17 0 -9999.0 -9999.0 -9999.0 -9999.0 1.6786936986616088 0.9385842718372612 0.8570610823441984 11.002700276307424 -1.4128790263083384 -0.34857025605267744 0.26747393424915966 
Pedestrian 19 0 -9999.0 -9999.0 -9999.0 -9999.0 1.88766995436284 0.8473523143195599 0.8020167022554571 29.24473709778573 -0.23474482744890926 -2.0263350283815305 -0.02088459566930645 
Pedestrian 20 0 -9999.0 -9999.0 -9999.0 -9999.0 1.8942850025152396 0.7837367986462382 0.6986151564054772 28.7329410322621 -0.7317890947566774 -1.9698534193323687 -0.012287154638253028 
Pedestrian 8 0 -9999.0 -9999.0 -9999.0 -9999.0 1.7182020193881877 0.84040506779357 0.7617142683117479 17.000007353793674 -3.0787298026141627 -0.8341949855837297 -3.012549190054713 
Pedestrian 36 0 -9999.0 -9999.0 -9999.0 -9999.0 1.85 0.8455221526426029 0.7795427445654814 -6.301191417347672 5.048487982024128 1.217003613065146 -1.1350592694394823 
Pedestrian 1002 0 -9999.0 -9999.0 -9999.0 -9999.0 1.5480067025273518 0.5644233003512866 0.6213012349133786 23.494447181193742 -2.9041399140768847 -1.3162023856883733 -3.043520129541184 
Pedestrian 16 0 -9999.0 -9999.0 -9999.0 -9999.0 1.5480067025273518 0.5644233003512866 0.6213012349133786 23.296895736435907 -3.5146622401903294 -1.3389019415847894 -3.043520130537182 
Pedestrian 34 0 -9999.0 -9999.0 -9999.0 -9999.0 1.8 0.742563890087286 0.7166973150341831 -7.186953548294354 5.412763188861628 1.263349690186755 -1.2337196666267545 
Pedestrian 27 0 -9999.0 -9999.0 -9999.0 -9999.0 1.8 0.8271693526588353 0.8407252643496999 30.5327065206394 -0.16919262718466577 -2.1049769730656136 1.5884335505332876 
Pedestrian 503 0 -9999.0 -9999.0 -9999.0 -9999.0 1.5098862519504819 0.7016892788347073 0.6244449312827264 23.831680054157772 5.2904867520144805 -1.4200780683191532 2.395193348729382 
Pedestrian 14 0 -9999.0 -9999.0 -9999.0 -9999.0 1.5350666013118595 0.6767124353147551 0.6338965826401189 24.151734475523952 1.0336649536059144 -1.5540804997349484 2.18564757295289 
Pedestrian 15 0 -9999.0 -9999.0 -9999.0 -9999.0 1.4995242359067946 0.6433493585685015 0.616020103352135 24.623411113947583 0.6681791225744849 -1.5520348963008443 2.156196266853712 
Pedestrian 22 0 -9999.0 -9999.0 -9999.0 -9999.0 1.7272234413230434 0.8930338539667776 0.7589542967325148 22.75477306375735 -4.141707082269339 -1.3513940788245442 -3.0158634686567023 
Pedestrian 777 0 -9999.0 -9999.0 -9999.0 -9999.0 1.5601539586488533 0.7742910735758141 0.7734620811052282 -11.37347351316401 0.9166173546592943 1.5626945576834392 0.22403098638476848 
Pedestrian 502 0 -9999.0 -9999.0 -9999.0 -9999.0 1.5580631857725595 0.6324640994580073 0.6231826615974934 23.104767257354972 5.616349928752485 -1.3809743656865094 2.384831030497775 
Pedestrian 45 0 -9999.0 -9999.0 -9999.0 -9999.0 1.840803791853019 0.9047965827395252 0.7795427445654814 3.509761532110773 -2.05339296367135 0.42373505086444885 3.1354613119232226 
Pedestrain_sitting 20 0 -9999.0 -9999.0 -9999.0 -9999.0 0.9288023059382893 0.630173997091732 0.7116151379014846 10.898134517614002 5.304212429692598 -0.38256734654319036 -3.033465838026519 
Car 4 0 -9999.0 -9999.0 -9999.0 -9999.0 2.0589564776245735 4.5 2.044844764170049 -33.30145277757569 6.810852761284213 3.656921657640882 0.15975626962034806 
Pedestrian 200 0 -9999.0 -9999.0 -9999.0 -9999.0 1.7521106512660325 0.9162872598483918 0.6944942567378337 -14.422298319341573 3.378645620256155 1.8562150097776902 -3.036688202393135 
Pedestrian 47 0 -9999.0 -9999.0 -9999.0 -9999.0 1.739259612086605 0.9765708634005151 0.6968829901888434 -11.322288869365034 -0.28938224522347084 1.6516463355803503 0.48609845675702346 
Pedestrian 24 0 -9999.0 -9999.0 -9999.0 -9999.0 1.5665724604937843 0.8256175940025915 0.7327379765104859 17.74657158161511 -4.834338025113856 -1.0726354445257567 -1.696993175477484 
Pedestrian 46 0 -9999.0 -9999.0 -9999.0 -9999.0 1.739259612086605 0.8137808070594968 0.7631092640473314 -11.029058201408185 0.2468959868127679 1.6245580236146664 0.4860984118252851 
Pedestrian 35 0 -9999.0 -9999.0 -9999.0 -9999.0 1.85 0.8455221526426029 0.8055941736449839 -1.5269094162316317 5.052977765741414 0.7603497388985806 -3.080915931502698 
Pedestrian 39 0 -9999.0 -9999.0 -9999.0 -9999.0 1.6992181517554945 0.7236988029930532 0.6130136573276566 -14.509653746645883 2.7708019330871645 1.9045375724373008 -3.03593827465569 
Pedestrian 49 0 -9999.0 -9999.0 -9999.0 -9999.0 1.8880449392725787 0.7266739568839767 0.719062337692116 -13.343946616601508 -2.061377204892888 1.8325114962953215 1.1335722994924806 
Pedestrian 51 0 -9999.0 -9999.0 -9999.0 -9999.0 1.7084772160642387 0.6876926218915868 0.6022575416759411 -8.621530090541029 -2.4117333599005506 1.416301489129915 1.7806207929365527 
Pedestrian 50 0 -9999.0 -9999.0 -9999.0 -9999.0 1.6682901068147347 0.7378107948553352 0.6318862957964667 -9.308470452181128 -2.134038331166234 1.4068313662982121 1.774286363237355 
Pedestrian 37 0 -9999.0 -9999.0 -9999.0 -9999.0 1.7674898152527898 0.7851268766529278 0.7077031440696406 -9.727391295844791 2.9280532647294666 1.5240040225723073 -2.950134173858361 
Pedestrian 38 0 -9999.0 -9999.0 -9999.0 -9999.0 1.768936684463284 0.7798122203956248 0.6543593384916504 -9.703790443047518 3.5424162749772674 1.494920093252766 -2.9496674105801794 
Pedestrian 48 0 -9999.0 -9999.0 -9999.0 -9999.0 1.8437648405814306 0.63 0.8639507388388924 -12.773717114374648 -1.6867780258067306 1.803902078610426 0.1830683695385371 
Pedestrain_sitting 555 0 -9999.0 -9999.0 -9999.0 -9999.0 1.3003415906177906 0.5495013160563614 0.4849281347249202 21.201557553029637 -7.875107742230784 -1.2233111862279842 3.1368080825650217 
Pedestrian 23 0 -9999.0 -9999.0 -9999.0 -9999.0 1.733985410563253 0.6134757942819711 0.7222749871810963 17.00806497297041 -4.842156075900161 -0.970124380228088 -2.0191023197871907 
