Car 2 0 -9999.0 -9999.0 -9999.0 -9999.0 1.7161032172723623 4.3042446659889535 2.497900330371051 29.827604751588588 0.6065179754028639 -1.2532254700644176 0.07281321653102601 
Pedestrian 26 0 -9999.0 -9999.0 -9999.0 -9999.0 1.8 0.880638232653005 0.7173897124333324 38.953095147455215 -3.2213670528366927 -2.27903410955776 -2.954805073580406 
Pedestrian 25 0 -9999.0 -9999.0 -9999.0 -9999.0 1.8 0.880638232653005 0.7173897124333324 39.024656421800934 -2.491358976622821 -2.2691236858246775 -2.954805073580406 
Car 3 0 -9999.0 -9999.0 -9999.0 -9999.0 1.4301220212552401 4 1.8633935758759457 55.623914610502034 -0.20238343986303992 -3.2456981539441165 -3.0521482483721982 
Pedestrain_sitting 21 0 -9999.0 -9999.0 -9999.0 -9999.0 0.9170967942404316 0.6239191457374971 0.6351946031908755 11.786341787473697 5.243181380989206 0.4947250018153686 0.1285248421359313 
Pedestrian 1006 0 -9999.0 -9999.0 -9999.0 -9999.0 1.8319269034634074 0.7746621567225385 0.7296367421575172 28.847241078491564 -4.964915578817411 -1.3551793382042998 0.42625262255408636 
Pedestrian 1005 0 -9999.0 -9999.0 -9999.0 -9999.0 1.7182020193881877 0.7271215203340413 0.7172417616036824 29.21312399553158 -4.4453202391125 -1.4211902725497707 0.44271228704388843 
Pedestrian 999 0 -9999.0 -9999.0 -9999.0 -9999.0 1.7478363069824068 0.6324640994580073 0.6450381271264 20.78796863581389 5.8012408916019735 -0.1754425296839101 2.3053746231640417 
Pedestrian 702 0 -9999.0 -9999.0 -9999.0 -9999.0 1.7242744269198185 0.63 0.6898739737048278 -26.3336803158388 3.16820196444416 3.6707114574564716 -3.00732011091074 
Pedestrian 703 0 -9999.0 -9999.0 -9999.0 -9999.0 1.7717383253829708 0.63 0.6566716672544799 -26.19731944251357 3.923142661620084 3.7201227718683674 -3.00732011091074 
Pedestrian 1001 0 -9999.0 -9999.0 -9999.0 -9999.0 1.8190235843771385 0.6309324708718423 0.6213012349133786 32.470853203166214 2.7363284386936297 -1.4967657167763895 1.595948266644454 
Pedestrian 888 0 -9999.0 -9999.0 -9999.0 -9999.0 1.5366259275535865 0.5877254913696837 0.6357928477663076 13.413337361952944 7.144369394998989 0.31148974053807554 -0.651772133510093 
Pedestrian 223 0 -9999.0 -9999.0 -9999.0 -9999.0 1.7272234413230434 0.6942712320825266 0.6155335882708507 37.2568181869514 -7.230419876089842 -2.095410103582345 0.6419837606336021 
Pedestrian 3 0 -9999.0 -9999.0 -9999.0 -9999.0 1.6413741868673242 0.9102319618606736 0.749658509723502 23.288182210603754 2.1387044983773924 -0.7859434238112049 -2.8863281796234848 
Pedestrian 5 0 -9999.0 -9999.0 -9999.0 -9999.0 1.6467102258502564 0.8504990806290904 0.946862823709426 -0.5716894356847202 3.257007186020949 1.383307664427304 0.3186462202956015 
Pedestrian 4 0 -9999.0 -9999.0 -9999.0 -9999.0 1.7335733350919327 0.8234084053360446 0.7316008376188541 -1.0149061019124759 3.767447474466617 1.399826687292132 0.07151788528662983 
Pedestrian 1 0 -9999.0 -9999.0 -9999.0 -9999.0 1.830187787627785 0.8467364901875526 1.030957247409183 2.2748347241233744 3.626746419926902 1.050039667112361 -2.3656588871271342 
Pedestrian 2 0 -9999.0 -9999.0 -9999.0 -9999.0 1.6047004871739794 0.8225193905720728 0.8427564948210492 0.2578316304745564 4.884465107940556 1.227182227834045 0.43973201580547805 
Pedestrian 6 0 -9999.0 -9999.0 -9999.0 -9999.0 1.8 0.7815797515521649 0.729516349447393 26.835223445648307 -2.629804093868006 -1.0701352395013535 -3.016788348384676 
Pedestrian 7 0 -9999.0 -9999.0 -9999.0 -9999.0 1.85 0.7446143281153959 0.7378356243838986 26.59459039633295 -3.353258593975792 -1.0774554927615407 -3.0167473323324607 
Pedestrian 9 0 -9999.0 -9999.0 -9999.0 -9999.0 1.7388951330758573 0.762844615165235 0.6125796005267553 19.071000320339913 2.5078474125075596 -0.35687396752911243 2.036762934224093 
Pedestrian 10 0 -9999.0 -9999.0 -9999.0 -9999.0 1.7238665634959034 0.765649395571576 0.6782236572752955 19.648170765210658 2.4973651189699453 -0.41035063401122923 1.9856054776011067 
Car 1 0 -9999.0 -9999.0 -9999.0 -9999.0 1.9636838768401188 5.159477280173534 1.9749927503715075 8.802953219774194 -3.1352927323945474 0.5830729121194282 0.07789770970542342 
Pedestrian 11 0 -9999.0 -9999.0 -9999.0 -9999.0 1.833843394516407 0.888361750840276 0.8547891083331658 48.40258682357322 -1.8523471268595264 -3.2400415460694365 -3.0700746903512197 
Pedestrian 44 0 -9999.0 -9999.0 -9999.0 -9999.0 1.773026559218124 1 0.9694486388550138 -12.476005223229917 1.9277425924818137 2.4675040215085655 -2.9177742052529556 
Pedestrian 43 0 -9999.0 -9999.0 -9999.0 -9999.0 1.6975355979754738 1 1.115836959245979 -12.38731286189218 0.8690180076504619 2.43425170841288 -2.921345145919659 
Pedestrian 18 0 -9999.0 -9999.0 -9999.0 -9999.0 1.553791531556044 0.9350978240778415 0.7014189842208715 4.242569327440333 -1.161364479484977 0.718040245016751 0.05152340107967923 
Pedestrian 17 0 -9999.0 -9999.0 -9999.0 -9999.0 1.6786936986616088 0.9385842718372612 0.8570610823441984 3.488455142669853 -0.6276009241938636 0.8304912685450775 -0.010623420727494448 
Pedestrian 19 0 -9999.0 -9999.0 -9999.0 -9999.0 1.88766995436284 0.8473523143195599 0.8020167022554571 23.205131169822725 1.3166804030224584 -0.695367341240472 -0.015062384890388358 
Pedestrian 20 0 -9999.0 -9999.0 -9999.0 -9999.0 1.8942850025152396 0.7837367986462382 0.6986151564054772 22.814323679451476 0.7499974370779255 -0.6463707315956624 -0.014826532689619754 
Pedestrian 8 0 -9999.0 -9999.0 -9999.0 -9999.0 1.7182020193881877 0.84040506779357 0.7617142683117479 24.468880361780045 -3.8091513588690757 -0.9250327526380466 3.0118142485904524 
Pedestrian 36 0 -9999.0 -9999.0 -9999.0 -9999.0 1.85 0.8455221526426029 0.7795427445654814 -6.019192786967128 5.315985389271291 1.5877480705354112 -1.1350935533018962 
Pedestrian 1002 0 -9999.0 -9999.0 -9999.0 -9999.0 1.5480067025273518 0.5644233003512866 0.6213012349133786 33.28955450056611 -3.1773354294962197 -1.6608785284284198 -3.043520129541184 
Pedestrian 16 0 -9999.0 -9999.0 -9999.0 -9999.0 1.5480067025273518 0.5644233003512866 0.6213012349133786 33.39254603458671 -4.076490394485317 -1.8098361650924022 -3.0435201293389174 
Pedestrian 34 0 -9999.0 -9999.0 -9999.0 -9999.0 1.8 0.742563890087286 0.7166973150341831 -7.060591243370238 5.279422523786312 1.53986464037041 -1.2337204988512323 
Pedestrian 27 0 -9999.0 -9999.0 -9999.0 -9999.0 1.8 0.8271693526588353 0.8407252643496999 30.054795902623837 -0.16677919230264782 -1.2245528238511472 2.014531351991229 
Pedestrian 503 0 -9999.0 -9999.0 -9999.0 -9999.0 1.5098862519504819 0.7016892788347073 0.6244449312827264 23.963303926571818 5.21278499634751 -0.330326183767343 2.395193348729382 
Pedestrian 28 0 -9999.0 -9999.0 -9999.0 -9999.0 1.9344750647178444 0.9180852004756592 0.7505107045290647 38.72280853583433 -1.0389077066909171 -1.9239695959932128 0.005317858510232476 
Pedestrian 29 0 -9999.0 -9999.0 -9999.0 -9999.0 1.914706511234499 0.9112747753301017 0.7505107045290647 38.733756678733045 -0.2590990175248122 -1.9443199297279032 0.005317858512576379 
Pedestrian 22 0 -9999.0 -9999.0 -9999.0 -9999.0 1.7272234413230434 0.8930338539667776 0.7589542967325148 27.876080591147712 -4.914908582593897 -1.3627358224997428 -2.534689852292342 
Pedestrian 777 0 -9999.0 -9999.0 -9999.0 -9999.0 1.5601539586488533 0.7742910735758141 0.7734620811052282 -15.132978187441049 3.687666003659095 2.4448523285762427 0.24300149362346968 
Pedestrian 502 0 -9999.0 -9999.0 -9999.0 -9999.0 1.5580631857725595 0.6324640994580073 0.6231826615974934 23.494984604028506 5.808559049979997 -0.2669946278588051 2.379465410502508 
Pedestrian 45 0 -9999.0 -9999.0 -9999.0 -9999.0 1.840803791853019 0.9047965827395252 0.7795427445654814 11.29400086750802 -2.1673660765052336 0.2363802811525183 -2.679757065962294 
Pedestrain_sitting 20 0 -9999.0 -9999.0 -9999.0 -9999.0 0.9288023059382893 0.630173997091732 0.7116151379014846 10.916019332318045 5.3024078213086465 0.5510518938960245 -3.0335085583846215 
Pedestrian 30 0 -9999.0 -9999.0 -9999.0 -9999.0 1.6574581668813668 0.5844020196858356 0.6601390122619767 56.27264465639527 -3.2376203868561553 -4.13729254902888 0.1885689152665666 
Car 4 0 -9999.0 -9999.0 -9999.0 -9999.0 2.0589564776245735 4.5 2.044844764170049 -33.16574635207654 6.75664371064022 4.336634516374279 0.15975626962034895 
Pedestrian 200 0 -9999.0 -9999.0 -9999.0 -9999.0 1.7521106512660325 0.9162872598483918 0.6944942567378337 -4.956660086973378 2.9311546938851656 1.8191246820508 -3.056820818386406 
Pedestrian 47 0 -9999.0 -9999.0 -9999.0 -9999.0 1.739259612086605 0.9765708634005151 0.6968829901888434 -14.272862911360454 2.706373828646901 2.458559848047819 0.27071195983177887 
Pedestrian 24 0 -9999.0 -9999.0 -9999.0 -9999.0 1.5665724604937843 0.8256175940025915 0.7327379765104859 22.445983337579 -5.1779941970735495 -0.9946722446801293 3.131483008430541 
Pedestrian 46 0 -9999.0 -9999.0 -9999.0 -9999.0 1.739259612086605 0.8137808070594968 0.7631092640473314 -14.113126394824462 3.3214320997700697 2.446626846007156 0.270690035686993 
Pedestrian 35 0 -9999.0 -9999.0 -9999.0 -9999.0 1.85 0.8455221526426029 0.8055941736449839 6.931043255130353 3.481477406146004 0.6031254753791545 -3.0816231211238865 
Pedestrian 31 0 -9999.0 -9999.0 -9999.0 -9999.0 1.6183186744299025 0.6340866970656824 0.5322695037304019 57.80989634725384 -2.440597154720121 -3.9735812744211074 -3.0553355148965053 
Pedestrian 32 0 -9999.0 -9999.0 -9999.0 -9999.0 1.6264157795512513 0.6356555012147109 0.5322695037304019 57.39293419330354 -1.7017881463364726 -4.210285884574097 -3.056922019186569 
Pedestrian 33 0 -9999.0 -9999.0 -9999.0 -9999.0 1.85 1.011633098401595 1.1292297078013385 42.052166021576326 -6.277998813694368 -2.4856186452809115 2.7507152036693405 
Pedestrian 39 0 -9999.0 -9999.0 -9999.0 -9999.0 1.6992181517554945 0.7236988029930532 0.6130136573276566 -4.95381086067699 2.266156418609998 1.7944787507151267 -3.0507780236139403 
Pedestrian 49 0 -9999.0 -9999.0 -9999.0 -9999.0 1.8880449392725787 0.7266739568839767 0.719062337692116 -13.021486200638446 -2.2560409349107133 2.109681842337473 1.1335962198901708 
Pedestrian 51 0 -9999.0 -9999.0 -9999.0 -9999.0 1.7084772160642387 0.6876926218915868 0.6022575416759411 -8.436605970962898 -2.3759451812111716 1.9341355528767534 1.7806207929365527 
Pedestrian 50 0 -9999.0 -9999.0 -9999.0 -9999.0 1.6682901068147347 0.7378107948553352 0.6318862957964667 -9.116038802929866 -2.0297231643039098 1.931193492795124 1.774286363237355 
Pedestrian 37 0 -9999.0 -9999.0 -9999.0 -9999.0 1.7674898152527898 0.7851268766529278 0.7077031440696406 -0.3809972659725549 1.6065447901739454 1.2500182722123774 -3.085748947817084 
Pedestrian 38 0 -9999.0 -9999.0 -9999.0 -9999.0 1.768936684463284 0.7798122203956248 0.6543593384916504 -0.3185568157998705 2.290672995947351 1.3208409381098687 -3.1045461128246217 
Pedestrian 48 0 -9999.0 -9999.0 -9999.0 -9999.0 1.8437648405814306 0.63 0.8639507388388924 -12.615689725781667 -1.6433754661570874 2.0791440546171667 0.18314032223371335 
Pedestrain_sitting 557 0 -9999.0 -9999.0 -9999.0 -9999.0 1.3003415906177906 0.5495013160563614 0.4849281347249202 22.563999882078797 -8.826339743428312 -0.8395935487452881 -0.004784629393231654 
Pedestrain_sitting 556 0 -9999.0 -9999.0 -9999.0 -9999.0 1.3003415906177906 0.5495013160563614 0.4849281347249202 21.20146957343899 -8.712839942270254 -0.8442442845204365 3.1368080825650217 
Pedestrain_sitting 555 0 -9999.0 -9999.0 -9999.0 -9999.0 1.3003415906177906 0.5495013160563614 0.4849281347249202 21.181753543665735 -7.978160433363835 -0.8437010287346784 3.1368080825650217 
Pedestrian 23 0 -9999.0 -9999.0 -9999.0 -9999.0 1.733985410563253 0.6134757942819711 0.7222749871810963 17.206854476885265 -4.882166681485444 -0.4341348116791987 -2.0191023197871907 
