Car 2 0 -9999.0 -9999.0 -9999.0 -9999.0 1.7161032172723623 4.3042446659889535 2.497900330371051 29.621185314834225 1.098823277258636 -2.33841551793127 0.07281321653102601 
Pedestrian 26 0 -9999.0 -9999.0 -9999.0 -9999.0 1.8 0.880638232653005 0.7173897124333324 26.051635083988963 -3.924748013857438 -1.9128386849225374 -2.954805073580406 
Pedestrian 25 0 -9999.0 -9999.0 -9999.0 -9999.0 1.8 0.880638232653005 0.7173897124333324 26.160859131732124 -3.110440597620739 -1.9522433774267156 -2.954805073580406 
Car 3 0 -9999.0 -9999.0 -9999.0 -9999.0 1.4301220212552401 4 1.8633935758759457 55.420908215506245 -0.18417707555676513 -3.527103195696846 -3.0521482483721982 
Pedestrian 42 0 -9999.0 -9999.0 -9999.0 -9999.0 1.9110630666244788 0.6648425352273584 0.7730646177530336 -27.28945075308382 0.533827443919606 2.6424661033194745 1.1639921954703372 
Pedestrian 41 0 -9999.0 -9999.0 -9999.0 -9999.0 1.7717383253829708 0.6171990397476583 0.6601212154854279 -26.74878900410818 0.9848672188786993 2.5608380753180215 1.124721062312906 
Pedestrain_sitting 21 0 -9999.0 -9999.0 -9999.0 -9999.0 0.9170967942404316 0.6239191457374971 0.6351946031908755 11.70361966035319 5.2424831920597645 -0.9569108568933694 0.13000069789197077 
Pedestrian 1001 0 -9999.0 -9999.0 -9999.0 -9999.0 1.8190235843771385 0.6309324708718423 0.6213012349133786 32.22745340062735 2.6205811883450667 -2.246689642955017 1.5959482746087588 
Pedestrian 765 0 -9999.0 -9999.0 -9999.0 -9999.0 1.765427731387784 0.6045377694180526 0.7280996093110779 29.431565043785668 2.3637619559818717 -2.149368122138252 -1.7123369528983599 
Pedestrian 888 0 -9999.0 -9999.0 -9999.0 -9999.0 1.5366259275535865 0.5877254913696837 0.6357928477663076 12.321396602543857 8.286661629690114 -0.5382741949311016 -3.105585582548617 
Pedestrian 223 0 -9999.0 -9999.0 -9999.0 -9999.0 1.7272234413230434 0.6942712320825266 0.6155335882708507 37.11915381269751 -7.09281551070298 -3.072199758949172 0.6419837748310204 
Pedestrian 3 0 -9999.0 -9999.0 -9999.0 -9999.0 1.6413741868673242 0.9102319618606736 0.749658509723502 9.627640480328038 3.0447806196245586 -0.7898447957997117 -2.86591423304586 
Pedestrian 5 0 -9999.0 -9999.0 -9999.0 -9999.0 1.6467102258502564 0.8504990806290904 0.7324788173464449 5.649391456007312 3.0013199035536027 -0.39370980068998374 -0.05478673945474455 
Pedestrian 4 0 -9999.0 -9999.0 -9999.0 -9999.0 1.7335733350919327 0.8234084053360446 0.7316008376188541 4.963994625037662 3.3574074503053675 -0.30753362476523133 -0.001972687747450408 
Pedestrian 1 0 -9999.0 -9999.0 -9999.0 -9999.0 1.830187787627785 0.8467364901875526 1.030957247409183 2.1582307479668317 3.6134898666893682 -0.0015269143297556229 -3.0656978837314455 
Pedestrian 2 0 -9999.0 -9999.0 -9999.0 -9999.0 1.6047004871739794 0.8225193905720728 0.8427564948210492 2.9241963244376223 3.8476514720585704 -0.20881767061007378 0.44407086591178224 
Pedestrian 6 0 -9999.0 -9999.0 -9999.0 -9999.0 1.8 0.7815797515521649 0.729516349447393 13.76490733988948 -0.7226150122791437 -0.9335414002339733 -3.0167461044901067 
Pedestrian 7 0 -9999.0 -9999.0 -9999.0 -9999.0 1.85 0.7446143281153959 0.7378356243838986 13.58284975213994 -1.4239779334363207 -0.9258736816117173 -3.0167473323324607 
Pedestrian 9 0 -9999.0 -9999.0 -9999.0 -9999.0 1.7388951330758573 0.762844615165235 0.6125796005267553 15.44097210835506 2.0151575712942016 -1.2138186126051038 -3.065159277327684 
Pedestrian 10 0 -9999.0 -9999.0 -9999.0 -9999.0 1.7238665634959034 0.765649395571576 0.6782236572752955 15.637305738059402 1.5057548157694671 -1.2282665106493096 -3.0651209050995334 
Car 1 0 -9999.0 -9999.0 -9999.0 -9999.0 1.9636838768401188 5.159477280173534 1.9749927503715075 8.425364494162967 -3.0892498550509013 -0.3837802176604228 0.07789770955783304 
Pedestrian 11 0 -9999.0 -9999.0 -9999.0 -9999.0 1.833843394516407 0.888361750840276 0.8547891083331658 29.677978736017376 -1.2084813867771875 -2.2776126623426194 -3.070074769532763 
Pedestrian 44 0 -9999.0 -9999.0 -9999.0 -9999.0 1.773026559218124 1 0.9694486388550138 -29.535326589155684 3.986715271357739 2.8834763546443964 -3.044545410484572 
Pedestrian 43 0 -9999.0 -9999.0 -9999.0 -9999.0 1.6975355979754738 1 1.115836959245979 -29.6059599673242 3.040134284627512 2.9065124851361794 -3.0445454062189032 
Pedestrian 18 0 -9999.0 -9999.0 -9999.0 -9999.0 1.553791531556044 0.9350978240778415 0.7014189842208715 14.029757489792878 -3.4876874560006508 -1.107241877656556 0.25933997622696836 
Pedestrian 17 0 -9999.0 -9999.0 -9999.0 -9999.0 1.6786936986616088 0.9385842718372612 0.8570610823441984 14.533136391365469 -3.0386118485035105 -1.0561040292703447 0.24110890498144855 
Pedestrian 19 0 -9999.0 -9999.0 -9999.0 -9999.0 1.88766995436284 0.8473523143195599 0.8020167022554571 32.309041989578645 -0.09500142348718407 -2.3366679483001316 -0.013927842033309545 
Pedestrian 20 0 -9999.0 -9999.0 -9999.0 -9999.0 1.8942850025152396 0.7837367986462382 0.6986151564054772 31.88744785100289 -0.6166711175662468 -2.315399040861593 -0.018209558436211637 
Pedestrian 8 0 -9999.0 -9999.0 -9999.0 -9999.0 1.7182020193881877 0.84040506779357 0.7617142683117479 13.753381779859312 -2.3539734071092937 -1.0272039025347632 -3.0601135763819496 
Pedestrian 36 0 -9999.0 -9999.0 -9999.0 -9999.0 1.85 0.8455221526426029 0.7795427445654814 -6.147822863864139 4.955460644644672 0.7066794679046524 -1.1284451412066492 
Pedestrian 1002 0 -9999.0 -9999.0 -9999.0 -9999.0 1.5480067025273518 0.5644233003512866 0.6213012349133786 19.183637899055952 -2.1118787402884696 -1.470748898900579 -3.043520129541184 
Pedestrian 16 0 -9999.0 -9999.0 -9999.0 -9999.0 1.5480067025273518 0.5644233003512866 0.6213012349133786 18.944371036096257 -2.779286381943865 -1.4413209455177443 -3.0435201217039705 
Pedestrian 34 0 -9999.0 -9999.0 -9999.0 -9999.0 1.8 0.742563890087286 0.7166973150341831 -6.880045318150692 5.201558745134097 0.6917866490248183 -2.0031027711515357 
Pedestrian 503 0 -9999.0 -9999.0 -9999.0 -9999.0 1.5098862519504819 0.7016892788347073 0.6244449312827264 23.40264304216375 5.046302701317939 -1.8929123973525968 2.395193348729382 
Pedestrian 14 0 -9999.0 -9999.0 -9999.0 -9999.0 1.5350666013118595 0.6767124353147551 0.6338965826401189 21.45160624874993 -1.0067909982007248 -1.7281663092419783 -2.9396541108498138 
Pedestrian 15 0 -9999.0 -9999.0 -9999.0 -9999.0 1.4995242359067946 0.6433493585685015 0.616020103352135 21.38681677400152 -1.6453730827035256 -1.7255968590297075 -2.9495739411613773 
Pedestrian 22 0 -9999.0 -9999.0 -9999.0 -9999.0 1.7272234413230434 0.8930338539667776 0.7589542967325148 20.396432574346363 -3.7906039332899892 -1.6623764920526025 -3.0157948836340047 
Pedestrian 777 0 -9999.0 -9999.0 -9999.0 -9999.0 1.5601539586488533 0.7742910735758141 0.7734620811052282 -6.5851722921788305 -1.4169899149447929 0.748095111044748 0.7486745801986778 
Pedestrian 502 0 -9999.0 -9999.0 -9999.0 -9999.0 1.5580631857725595 0.6324640994580073 0.6231826615974934 22.60990414448321 5.281767318471249 -1.6598822612921074 2.384830979894442 
Pedestrian 45 0 -9999.0 -9999.0 -9999.0 -9999.0 1.840803791853019 0.9047965827395252 0.7795427445654814 -0.817916909805552 -2.3980578520342277 0.3802822959216866 3.1354613119275374 
Pedestrain_sitting 20 0 -9999.0 -9999.0 -9999.0 -9999.0 0.9288023059382893 0.630173997091732 0.7116151379014846 10.933275941815237 5.351213359705548 -0.8351723018404605 -3.0334459711209565 
Car 4 0 -9999.0 -9999.0 -9999.0 -9999.0 2.0589564776245735 4.5 2.044844764170049 -33.326224564781384 6.7912892730688 3.2541400461272785 0.15975626962034895 
Pedestrian 52 0 -9999.0 -9999.0 -9999.0 -9999.0 1.85 0.8063422351422711 0.648255271894977 -2.0121819948064923 -10.556394082934185 0.7620436178056693 3.0157783739316972 
Pedestrian 200 0 -9999.0 -9999.0 -9999.0 -9999.0 1.7521106512660325 0.9162872598483918 0.6944942567378337 -18.71526377518424 4.055912612578475 1.8403782090014815 -3.035992187412763 
Pedestrian 47 0 -9999.0 -9999.0 -9999.0 -9999.0 1.739259612086605 0.9765708634005151 0.6968829901888434 -7.319973488855353 -1.4391670836616877 0.8696710201873905 0.6842492918115086 
Pedestrian 24 0 -9999.0 -9999.0 -9999.0 -9999.0 1.5665724604937843 0.8256175940025915 0.7327379765104859 17.649969287839898 -4.752149718758254 -1.4049009025737187 -1.6969111059076294 
Pedestrian 46 0 -9999.0 -9999.0 -9999.0 -9999.0 1.739259612086605 0.8137808070594968 0.7631092640473314 -7.08253110106017 -0.7043050928614264 0.8960402246022886 0.6894098755940128 
Pedestrian 35 0 -9999.0 -9999.0 -9999.0 -9999.0 1.85 0.8455221526426029 0.8055941736449839 -5.921733975728717 3.7773895969890963 0.7935601916486136 3.094597031583202 
Pedestrian 39 0 -9999.0 -9999.0 -9999.0 -9999.0 1.6992181517554945 0.7236988029930532 0.6130136573276566 -18.669771481748093 3.3931585033367857 1.8970455529157402 -3.035991408381147 
Pedestrian 49 0 -9999.0 -9999.0 -9999.0 -9999.0 1.8880449392725787 0.7266739568839767 0.719062337692116 -13.337878513937756 -1.8166879476075437 1.4152440988851729 1.133596236092222 
Pedestrian 51 0 -9999.0 -9999.0 -9999.0 -9999.0 1.7084772160642387 0.6876926218915868 0.6022575416759411 -8.705413661124506 -2.3287119883964524 1.1237985325340902 1.7806207929365527 
Pedestrian 50 0 -9999.0 -9999.0 -9999.0 -9999.0 1.6682901068147347 0.7378107948553352 0.6318862957964667 -9.432261488414968 -2.0363934759704168 1.1183669603348714 1.774286363237355 
Pedestrian 37 0 -9999.0 -9999.0 -9999.0 -9999.0 1.7674898152527898 0.7851268766529278 0.7077031440696406 -14.032836985175143 3.7369795346086954 1.4976871981617115 -2.9497354069174104 
Pedestrian 38 0 -9999.0 -9999.0 -9999.0 -9999.0 1.768936684463284 0.7798122203956248 0.6543593384916504 -13.926122552867138 4.387766080618193 1.4856938334019152 -2.949233468461454 
Pedestrian 48 0 -9999.0 -9999.0 -9999.0 -9999.0 1.8437648405814306 0.63 0.8639507388388924 -12.81581550496186 -1.4348703404857637 1.3967319524569977 0.1830687755244842 
Pedestrian 23 0 -9999.0 -9999.0 -9999.0 -9999.0 1.733985410563253 0.6134757942819711 0.7222749871810963 16.913612732048325 -4.867576495557856 -1.303175214818563 -2.0191023197871907 
