Car 2 0 -9999.0 -9999.0 -9999.0 -9999.0 1.7161032172723623 4.3042446659889535 2.497900330371051 29.82191076832389 0.7014444420193979 -1.2597844871471187 0.07281321653102601 
Pedestrian 26 0 -9999.0 -9999.0 -9999.0 -9999.0 1.8 0.880638232653005 0.7173897124333324 37.82959663775278 -3.308925611005021 -2.139999710018448 -2.954805073580406 
Pedestrian 25 0 -9999.0 -9999.0 -9999.0 -9999.0 1.8 0.880638232653005 0.7173897124333324 37.90100409167053 -2.59577270719506 -2.129141054875621 -2.954805073580406 
Car 3 0 -9999.0 -9999.0 -9999.0 -9999.0 1.4301220212552401 4 1.8633935758759457 55.60780106924706 -0.20093831788863933 -3.2680345525079875 -3.0521482483721982 
Pedestrain_sitting 21 0 -9999.0 -9999.0 -9999.0 -9999.0 0.9170967942404316 0.6239191457374971 0.6351946031908755 11.779775755856402 5.2431259625571 0.3795020587303024 0.12864198752246825 
Pedestrian 1005 0 -9999.0 -9999.0 -9999.0 -9999.0 1.7182020193881877 0.7271215203340413 0.7172417616036824 29.628621154793283 -4.922053074943089 -1.4818042021259767 1.5744487692087308 
Pedestrian 999 0 -9999.0 -9999.0 -9999.0 -9999.0 1.7478363069824068 0.6324640994580073 0.6450381271264 20.771330138178925 5.779350745198853 0.07746323157552112 2.3101051699359374 
Pedestrian 702 0 -9999.0 -9999.0 -9999.0 -9999.0 1.7242744269198185 0.63 0.6898739737048278 -27.28872139693513 3.570452254101492 3.531008619093158 -3.00732011091074 
Pedestrian 703 0 -9999.0 -9999.0 -9999.0 -9999.0 1.7717383253829708 0.63 0.6566716672544799 -27.229914104711906 4.305501225813953 3.5663276564349156 -3.00732011091074 
Pedestrian 1001 0 -9999.0 -9999.0 -9999.0 -9999.0 1.8190235843771385 0.6309324708718423 0.6213012349133786 32.36203671854715 2.7950122054046815 -1.49571470158075 1.5959482666426839 
Pedestrian 888 0 -9999.0 -9999.0 -9999.0 -9999.0 1.5366259275535865 0.5877254913696837 0.6357928477663076 13.36402162854998 7.13688154414033 0.21126764928548997 -2.815707605241842 
Pedestrian 223 0 -9999.0 -9999.0 -9999.0 -9999.0 1.7272234413230434 0.6942712320825266 0.6155335882708507 37.44816216864659 -7.066496189912059 -2.2531729634156443 0.6419837606349521 
Pedestrian 3 0 -9999.0 -9999.0 -9999.0 -9999.0 1.6413741868673242 0.9102319618606736 0.749658509723502 22.247780915122927 2.180092344332307 -0.7074661892789663 -2.86591423304586 
Pedestrian 5 0 -9999.0 -9999.0 -9999.0 -9999.0 1.6467102258502564 0.8504990806290904 0.946862823709426 0.38301047087151535 2.9120069231372634 1.1966345440455928 0.31927844665894156 
Pedestrian 4 0 -9999.0 -9999.0 -9999.0 -9999.0 1.7335733350919327 0.8234084053360446 0.7316008376188541 -0.39651014510364807 3.412612385341885 1.3080686653005997 0.07184085232825588 
Pedestrian 1 0 -9999.0 -9999.0 -9999.0 -9999.0 1.830187787627785 0.8467364901875526 1.030957247409183 2.376390186285575 3.6368982376060037 1.0116661865815182 -2.6429288734159613 
Pedestrian 2 0 -9999.0 -9999.0 -9999.0 -9999.0 1.6047004871739794 0.8225193905720728 0.8427564948210492 0.9005423228034467 4.653243191042242 1.1206076647567134 0.4411566527895703 
Pedestrian 6 0 -9999.0 -9999.0 -9999.0 -9999.0 1.8 0.7815797515521649 0.729516349447393 25.811169973703183 -2.500247750683954 -1.0295839355330196 -3.016788344526745 
Pedestrian 7 0 -9999.0 -9999.0 -9999.0 -9999.0 1.85 0.7446143281153959 0.7378356243838986 25.574105782201336 -3.192630652471931 -1.0340827394178649 -3.0167473323324607 
Pedestrian 9 0 -9999.0 -9999.0 -9999.0 -9999.0 1.7388951330758573 0.762844615165235 0.6125796005267553 19.068008371165103 2.5220430066943815 -0.45715629366471217 2.0343956191610992 
Pedestrian 10 0 -9999.0 -9999.0 -9999.0 -9999.0 1.7238665634959034 0.765649395571576 0.6782236572752955 19.63115674266912 2.487527139152737 -0.5141991287688501 2.0517940754673063 
Car 1 0 -9999.0 -9999.0 -9999.0 -9999.0 1.9636838768401188 5.159477280173534 1.9749927503715075 8.80001869249034 -3.1375559257493215 0.44828374034539853 0.07789770972107224 
Pedestrian 11 0 -9999.0 -9999.0 -9999.0 -9999.0 1.833843394516407 0.888361750840276 0.8547891083331658 46.72387236036677 -1.7766080559723565 -3.0688113657395295 -3.0700747006987648 
Pedestrian 44 0 -9999.0 -9999.0 -9999.0 -9999.0 1.773026559218124 1 0.9694486388550138 -13.684564480801273 1.998712355191965 2.385329135921853 -2.8937058066911945 
Pedestrian 43 0 -9999.0 -9999.0 -9999.0 -9999.0 1.6975355979754738 1 1.115836959245979 -13.844298160464385 1.101771071712566 2.351972574675674 -2.886074065278555 
Pedestrian 18 0 -9999.0 -9999.0 -9999.0 -9999.0 1.553791531556044 0.9350978240778415 0.7014189842208715 4.869987105354603 -1.1834751148901208 0.5668020596053776 0.036376383813182755 
Pedestrian 17 0 -9999.0 -9999.0 -9999.0 -9999.0 1.6786936986616088 0.9385842718372612 0.8570610823441984 4.351277307321442 -0.632836332293845 0.7707668889840541 -0.01570667855375163 
Pedestrian 19 0 -9999.0 -9999.0 -9999.0 -9999.0 1.88766995436284 0.8473523143195599 0.8020167022554571 24.01072203127243 1.378290110312533 -0.7697827455288063 -0.008916999936376513 
Pedestrian 20 0 -9999.0 -9999.0 -9999.0 -9999.0 1.8942850025152396 0.7837367986462382 0.6986151564054772 23.71714317780671 0.79007080434528 -0.7293357455134586 -0.009004093065506424 
Pedestrian 8 0 -9999.0 -9999.0 -9999.0 -9999.0 1.7182020193881877 0.84040506779357 0.7617142683117479 23.506726057295385 -3.814771049151219 -0.9891926538495448 3.0683443177161926 
Pedestrian 36 0 -9999.0 -9999.0 -9999.0 -9999.0 1.85 0.8455221526426029 0.7795427445654814 -6.142528969765638 5.177402995139172 1.5269206093850405 -1.1350935571125866 
Pedestrian 1002 0 -9999.0 -9999.0 -9999.0 -9999.0 1.5480067025273518 0.5644233003512866 0.6213012349133786 32.325391246568024 -3.3036583670987256 -1.8044897639383664 -3.043520129541184 
Pedestrian 16 0 -9999.0 -9999.0 -9999.0 -9999.0 1.5480067025273518 0.5644233003512866 0.6213012349133786 32.32389481428852 -4.103940023186758 -1.8038504381079268 -3.043520129404527 
Pedestrian 34 0 -9999.0 -9999.0 -9999.0 -9999.0 1.8 0.742563890087286 0.7166973150341831 -7.1315623737447345 5.134992359777783 1.4798053102210884 -1.2337243916705862 
Pedestrian 27 0 -9999.0 -9999.0 -9999.0 -9999.0 1.8 0.8271693526588353 0.8407252643496999 29.95377048460052 -0.22316973224924253 -1.2604090250159266 1.735288637541725 
Pedestrian 503 0 -9999.0 -9999.0 -9999.0 -9999.0 1.5098862519504819 0.7016892788347073 0.6244449312827264 24.029356928037586 5.2429736980845245 -0.4639631456893308 2.395193348729382 
Pedestrian 28 0 -9999.0 -9999.0 -9999.0 -9999.0 1.9344750647178444 0.9180852004756592 0.7505107045290647 39.91525937824617 -0.9277350430819955 -2.5507825814624057 0.005317858512576379 
Pedestrian 29 0 -9999.0 -9999.0 -9999.0 -9999.0 1.914706511234499 0.9112747753301017 0.7505107045290647 39.915811005595884 -0.18255988506311613 -2.5880648107583077 0.005317858512576379 
Pedestrian 22 0 -9999.0 -9999.0 -9999.0 -9999.0 1.7272234413230434 0.8930338539667776 0.7589542967325148 27.39520459595075 -4.669827549005585 -1.444081102873784 -2.960427112723913 
Pedestrian 777 0 -9999.0 -9999.0 -9999.0 -9999.0 1.5601539586488533 0.7742910735758141 0.7734620811052282 -14.094272662998558 3.2289559925179447 2.204303808574268 0.11203408173708063 
Pedestrian 502 0 -9999.0 -9999.0 -9999.0 -9999.0 1.5580631857725595 0.6324640994580073 0.6231826615974934 23.56657776225624 5.871068128996662 -0.40732310795507387 2.3830729418735057 
Pedestrian 45 0 -9999.0 -9999.0 -9999.0 -9999.0 1.840803791853019 0.9047965827395252 0.7795427445654814 10.256616059575752 -2.0095458482807307 0.2055995883943726 -3.103411943375413 
Pedestrain_sitting 20 0 -9999.0 -9999.0 -9999.0 -9999.0 0.9288023059382893 0.630173997091732 0.7116151379014846 10.914304095248944 5.297372739920901 0.44205295771972175 -3.0335035905487313 
Pedestrian 30 0 -9999.0 -9999.0 -9999.0 -9999.0 1.6574581668813668 0.5844020196858356 0.6601390122619767 57.474636449913 -3.256865960172349 -4.215628143396299 0.18855873037281068 
Car 4 0 -9999.0 -9999.0 -9999.0 -9999.0 2.0589564776245735 4.5 2.044844764170049 -33.156340986813845 6.742685468538294 4.196248817949959 0.15975626962034895 
Pedestrian 200 0 -9999.0 -9999.0 -9999.0 -9999.0 1.7521106512660325 0.9162872598483918 0.6944942567378337 -6.036916553332259 3.1462201736808204 1.8400162387147714 -3.0179129867817647 
Pedestrian 111 0 -9999.0 -9999.0 -9999.0 -9999.0 1.83889513307586 0.7017705575400481 0.6922125420881973 16.818166605699165 4.9025711138977615 0.034790701676974164 0.27355191138330426 
Pedestrian 47 0 -9999.0 -9999.0 -9999.0 -9999.0 1.739259612086605 0.9765708634005151 0.6968829901888434 -13.07637146948167 2.3369853864268766 2.3393480913443523 0.27071352337999777 
Pedestrian 24 0 -9999.0 -9999.0 -9999.0 -9999.0 1.5665724604937843 0.8256175940025915 0.7327379765104859 21.700606669391654 -5.111513263998213 -1.156846129066053 3.131466508871082 
Pedestrian 46 0 -9999.0 -9999.0 -9999.0 -9999.0 1.739259612086605 0.8137808070594968 0.7631092640473314 -13.130451916692746 3.0322727196618415 2.26936190675467 0.2706978359026717 
Pedestrian 35 0 -9999.0 -9999.0 -9999.0 -9999.0 1.85 0.8455221526426029 0.8055941736449839 5.8326528225349135 3.446384718835919 0.6989874572422182 -3.0815678066646566 
Pedestrian 31 0 -9999.0 -9999.0 -9999.0 -9999.0 1.6183186744299025 0.6340866970656824 0.5322695037304019 58.330754784112784 -2.055785573132858 -4.170713226689828 -3.0553355148965053 
Pedestrian 32 0 -9999.0 -9999.0 -9999.0 -9999.0 1.6264157795512513 0.6356555012147109 0.5322695037304019 58.32903656417047 -1.5041935118952867 -4.512385005532744 -3.056922019186569 
Pedestrian 33 0 -9999.0 -9999.0 -9999.0 -9999.0 1.85 1.011633098401595 1.1292297078013385 41.99506570069598 -6.035416896000142 -2.646835219702014 2.75053487274082 
Pedestrian 39 0 -9999.0 -9999.0 -9999.0 -9999.0 1.6992181517554945 0.7236988029930532 0.6130136573276566 -6.069273140443055 2.4853602807496236 1.7539634808073767 -3.0152615677566246 
Pedestrian 49 0 -9999.0 -9999.0 -9999.0 -9999.0 1.8880449392725787 0.7266739568839767 0.719062337692116 -13.01249829718991 -2.1608201585635403 1.945570973472381 1.1335962756184834 
Pedestrian 51 0 -9999.0 -9999.0 -9999.0 -9999.0 1.7084772160642387 0.6876926218915868 0.6022575416759411 -8.523552010432466 -2.7737382973666316 1.735747011422011 1.7806207929365527 
Pedestrian 50 0 -9999.0 -9999.0 -9999.0 -9999.0 1.6682901068147347 0.7378107948553352 0.6318862957964667 -9.202825569235975 -2.325156565968791 1.7986665900550847 1.774286363237355 
Pedestrian 37 0 -9999.0 -9999.0 -9999.0 -9999.0 1.7674898152527898 0.7851268766529278 0.7077031440696406 -1.2997006457953424 1.532688311038804 1.265440286009765 -2.935361333753571 
Pedestrian 38 0 -9999.0 -9999.0 -9999.0 -9999.0 1.768936684463284 0.7798122203956248 0.6543593384916504 -1.3071285049855166 2.2227583885697766 1.2974788159482715 -2.948706159962505 
Pedestrian 48 0 -9999.0 -9999.0 -9999.0 -9999.0 1.8437648405814306 0.63 0.8639507388388924 -12.589052913699332 -1.5526177847567217 1.9128038920379697 0.1831977379615939 
Pedestrain_sitting 557 0 -9999.0 -9999.0 -9999.0 -9999.0 1.3003415906177906 0.5495013160563614 0.4849281347249202 22.598939082733853 -8.828065339059046 -0.9713333599094202 -0.004784645611415783 
Pedestrain_sitting 556 0 -9999.0 -9999.0 -9999.0 -9999.0 1.3003415906177906 0.5495013160563614 0.4849281347249202 21.224142555093966 -8.712713751403312 -0.9769765494940336 3.1368080825650217 
Pedestrain_sitting 555 0 -9999.0 -9999.0 -9999.0 -9999.0 1.3003415906177906 0.5495013160563614 0.4849281347249202 21.204477260460695 -7.9754874193696725 -0.9769765494940336 3.1368080825650217 
Pedestrian 23 0 -9999.0 -9999.0 -9999.0 -9999.0 1.733985410563253 0.6134757942819711 0.7222749871810963 17.217409201541944 -4.875837967144733 -0.5528969389587166 -2.0191023197871907 
