Car 2 0 -9999.0 -9999.0 -9999.0 -9999.0 1.7161032172723623 4.3042446659889535 2.497900330371051 29.650439735034904 1.3688666538718532 -2.1319507653298846 0.07281321653102601 
Pedestrian 26 0 -9999.0 -9999.0 -9999.0 -9999.0 1.8 0.880638232653005 0.7173897124333324 30.53091756818676 -3.849460023222309 -2.0833436160466796 -2.954805073580406 
Pedestrian 25 0 -9999.0 -9999.0 -9999.0 -9999.0 1.8 0.880638232653005 0.7173897124333324 30.556503935015876 -3.0992477271049994 -2.079708053788913 -2.954805073580406 
Car 3 0 -9999.0 -9999.0 -9999.0 -9999.0 1.4301220212552401 4 1.8633935758759457 55.495010260736755 -0.1908228210335747 -3.424383825046053 -3.0521482483721982 
Pedestrian 42 0 -9999.0 -9999.0 -9999.0 -9999.0 1.9110630666244788 0.6648425352273584 0.7730646177530336 -27.269749178680765 -0.0026665600157142165 3.006366405629688 1.6208829121166506 
Pedestrian 41 0 -9999.0 -9999.0 -9999.0 -9999.0 1.7717383253829708 0.6171990397476583 0.6601212154854279 -26.74341708586994 0.3152213309761988 2.933977005820419 1.633535575985567 
Pedestrain_sitting 21 0 -9999.0 -9999.0 -9999.0 -9999.0 0.9170967942404316 0.6239191457374971 0.6351946031908755 11.733815156438792 5.242738047221495 -0.4270300811547836 0.12946197629164846 
Pedestrian 702 0 -9999.0 -9999.0 -9999.0 -9999.0 1.7242744269198185 0.63 0.6898739737048278 -36.4849195888844 4.8898722327273045 3.7441912444485537 -3.00732011091074 
Pedestrian 703 0 -9999.0 -9999.0 -9999.0 -9999.0 1.7717383253829708 0.63 0.6566716672544799 -36.27692264946359 5.767256570898187 3.8192170136393373 -3.00732011091074 
Pedestrian 1001 0 -9999.0 -9999.0 -9999.0 -9999.0 1.8190235843771385 0.6309324708718423 0.6213012349133786 32.07252677026308 3.015835408947359 -2.0450634332723316 1.5959482668193097 
Pedestrian 765 0 -9999.0 -9999.0 -9999.0 -9999.0 1.765427731387784 0.6045377694180526 0.7280996093110779 29.376514233705493 2.442650959855423 -1.8693100445856627 -1.6815336441098196 
Pedestrian 888 0 -9999.0 -9999.0 -9999.0 -9999.0 1.5366259275535865 0.5877254913696837 0.6357928477663076 13.353386967294854 7.946722619910416 -0.41881817661754955 -3.1061873107872326 
Pedestrian 223 0 -9999.0 -9999.0 -9999.0 -9999.0 1.7272234413230434 0.6942712320825266 0.6155335882708507 37.43923758647573 -6.884316314033537 -2.6417688000147583 0.6419837530751504 
Pedestrian 3 0 -9999.0 -9999.0 -9999.0 -9999.0 1.6413741868673242 0.9102319618606736 0.749658509723502 14.556513107241473 2.0613895320704305 -0.6956103960724045 -2.86591423304586 
Pedestrian 5 0 -9999.0 -9999.0 -9999.0 -9999.0 1.6467102258502564 0.8504990806290904 0.946862823709426 4.0864998432066955 2.48566122739099 0.2502522057345672 0.6742618119554962 
Pedestrian 4 0 -9999.0 -9999.0 -9999.0 -9999.0 1.7335733350919327 0.8234084053360446 0.7316008376188541 2.1632794508686195 2.873242711453142 0.4541953587280224 0.08184194348378426 
Pedestrian 1 0 -9999.0 -9999.0 -9999.0 -9999.0 1.830187787627785 0.8467364901875526 1.030957247409183 2.1990665095314146 3.5474481468487378 0.4571626804907426 -3.0622909814855976 
Pedestrian 2 0 -9999.0 -9999.0 -9999.0 -9999.0 1.6047004871739794 0.8225193905720728 0.8427564948210492 2.738756311302196 3.9292149399889045 0.27125497375814983 0.4440707538360744 
Pedestrian 6 0 -9999.0 -9999.0 -9999.0 -9999.0 1.8 0.7815797515521649 0.729516349447393 18.48440355605115 -1.5429747363861046 -0.9502447023567865 -3.016725175335486 
Pedestrian 7 0 -9999.0 -9999.0 -9999.0 -9999.0 1.85 0.7446143281153959 0.7378356243838986 18.10451483476551 -2.20082828765475 -0.919385654977847 -3.0167473323324607 
Pedestrian 9 0 -9999.0 -9999.0 -9999.0 -9999.0 1.7388951330758573 0.762844615165235 0.6125796005267553 17.994086446213608 2.306172161501449 -0.9649276399842733 2.4660029013891656 
Pedestrian 10 0 -9999.0 -9999.0 -9999.0 -9999.0 1.7238665634959034 0.765649395571576 0.6782236572752955 18.541102000773332 1.9570447657774883 -1.0248162125468747 2.4678134332554365 
Car 1 0 -9999.0 -9999.0 -9999.0 -9999.0 1.9636838768401188 5.159477280173534 1.9749927503715075 8.478805971259833 -3.110466843538433 0.06210829563009855 0.07789770964114595 
Pedestrian 11 0 -9999.0 -9999.0 -9999.0 -9999.0 1.833843394516407 0.888361750840276 0.8547891083331658 36.40308293463692 -1.4572932832539847 -2.729424214722153 -3.0700747887842077 
Pedestrian 44 0 -9999.0 -9999.0 -9999.0 -9999.0 1.773026559218124 1 0.9694486388550138 -23.23533502128428 3.13178324190365 2.776350430534252 -3.0454032199950944 
Pedestrian 43 0 -9999.0 -9999.0 -9999.0 -9999.0 1.6975355979754738 1 1.115836959245979 -23.34394059279794 2.1108840238728646 2.7361167826546238 -3.0454852683168294 
Pedestrian 18 0 -9999.0 -9999.0 -9999.0 -9999.0 1.553791531556044 0.9350978240778415 0.7014189842208715 10.022258669250714 -1.8922716505463006 -0.26649715862579115 0.05881221619901211 
Pedestrian 17 0 -9999.0 -9999.0 -9999.0 -9999.0 1.6786936986616088 0.9385842718372612 0.8570610823441984 10.491275504510321 -1.3181449164484225 -0.24782257582148065 0.15426828515301327 
Pedestrian 19 0 -9999.0 -9999.0 -9999.0 -9999.0 1.88766995436284 0.8473523143195599 0.8020167022554571 28.89627428406401 -0.20267070651286684 -1.9324338285090732 -0.05300355055320338 
Pedestrian 20 0 -9999.0 -9999.0 -9999.0 -9999.0 1.8942850025152396 0.7837367986462382 0.6986151564054772 28.305987684998797 -0.512477052786624 -1.884379968631207 -0.0013490450344235683 
Pedestrian 8 0 -9999.0 -9999.0 -9999.0 -9999.0 1.7182020193881877 0.84040506779357 0.7617142683117479 17.530967571801323 -3.1755867179397193 -0.828897048054882 -3.0008840104509353 
Pedestrian 36 0 -9999.0 -9999.0 -9999.0 -9999.0 1.85 0.8455221526426029 0.7795427445654814 -6.3704414202731865 5.0519552481455055 1.247151165939411 -1.1351170402488364 
Pedestrian 1002 0 -9999.0 -9999.0 -9999.0 -9999.0 1.5480067025273518 0.5644233003512866 0.6213012349133786 24.16993594304077 -2.9606735084770386 -1.3533778262448213 -3.043520129541184 
Pedestrian 16 0 -9999.0 -9999.0 -9999.0 -9999.0 1.5480067025273518 0.5644233003512866 0.6213012349133786 23.853749989421026 -3.511377132442837 -1.339939534274067 -3.0435201293389174 
Pedestrian 34 0 -9999.0 -9999.0 -9999.0 -9999.0 1.8 0.742563890087286 0.7166973150341831 -7.1378510855972 5.246545164659341 1.413491391970744 -1.231619984181048 
Pedestrian 27 0 -9999.0 -9999.0 -9999.0 -9999.0 1.8 0.8271693526588353 0.8407252643496999 30.051531427347275 -0.19165724601790976 -2.085691760469318 1.588431044596632 
Pedestrian 503 0 -9999.0 -9999.0 -9999.0 -9999.0 1.5098862519504819 0.7016892788347073 0.6244449312827264 23.986554150871914 5.334808514580517 -1.3037773545596856 2.395193348729382 
Pedestrian 14 0 -9999.0 -9999.0 -9999.0 -9999.0 1.5350666013118595 0.6767124353147551 0.6338965826401189 24.556893703842412 1.4923734917267082 -1.5664912431828868 2.125300295839505 
Pedestrian 15 0 -9999.0 -9999.0 -9999.0 -9999.0 1.4995242359067946 0.6433493585685015 0.616020103352135 25.06448569283426 1.1750460898505393 -1.5527139716791856 2.0962362741480796 
Pedestrian 22 0 -9999.0 -9999.0 -9999.0 -9999.0 1.7272234413230434 0.8930338539667776 0.7589542967325148 23.101591100007177 -4.153545289509421 -1.3618318329628156 -3.0155351586918613 
Pedestrian 777 0 -9999.0 -9999.0 -9999.0 -9999.0 1.5601539586488533 0.7742910735758141 0.7734620811052282 -11.988763013319673 1.0712811224640952 1.721667595491105 1.0416990622111566 
Pedestrian 502 0 -9999.0 -9999.0 -9999.0 -9999.0 1.5580631857725595 0.6324640994580073 0.6231826615974934 23.198033411246822 5.591183698517559 -1.3575634947030117 2.3848312232272093 
Pedestrian 45 0 -9999.0 -9999.0 -9999.0 -9999.0 1.840803791853019 0.9047965827395252 0.7795427445654814 4.081991666980508 -1.875916236234024 0.3966528971367502 3.1354613119275374 
Pedestrain_sitting 20 0 -9999.0 -9999.0 -9999.0 -9999.0 0.9288023059382893 0.630173997091732 0.7116151379014846 10.895242251611496 5.300127379772275 -0.3156890497128877 -3.0334688169246213 
Car 4 0 -9999.0 -9999.0 -9999.0 -9999.0 2.0589564776245735 4.5 2.044844764170049 -33.26225240507893 6.805546029119634 3.7892964840093324 0.15975626962034895 
Pedestrian 200 0 -9999.0 -9999.0 -9999.0 -9999.0 1.7521106512660325 0.9162872598483918 0.6944942567378337 -13.83429354815063 3.339205530710141 1.9101856510156723 -3.0337176285103773 
Pedestrian 47 0 -9999.0 -9999.0 -9999.0 -9999.0 1.739259612086605 0.9765708634005151 0.6968829901888434 -11.574402157205544 0.12914966639949327 1.7036340328368094 1.3308173344156202 
Pedestrian 24 0 -9999.0 -9999.0 -9999.0 -9999.0 1.5665724604937843 0.8256175940025915 0.7327379765104859 17.748714348126533 -4.827123531014533 -1.0160340371063252 -1.6971765611606493 
Pedestrian 46 0 -9999.0 -9999.0 -9999.0 -9999.0 1.739259612086605 0.8137808070594968 0.7631092640473314 -10.846009305559138 0.4849297467331326 1.6578948346365596 1.2993919170651989 
Pedestrian 35 0 -9999.0 -9999.0 -9999.0 -9999.0 1.85 0.8455221526426029 0.8055941736449839 -0.8982943444077771 5.152331890441077 0.735207273516489 -3.0824337689944166 
Pedestrian 39 0 -9999.0 -9999.0 -9999.0 -9999.0 1.6992181517554945 0.7236988029930532 0.6130136573276566 -13.900935283111245 2.7267764418881955 1.9485190883656225 -3.0325391876585392 
Pedestrian 49 0 -9999.0 -9999.0 -9999.0 -9999.0 1.8880449392725787 0.7266739568839767 0.719062337692116 -13.281645954740576 -2.1516116147140463 1.8656087406030264 1.1336211090407318 
Pedestrian 51 0 -9999.0 -9999.0 -9999.0 -9999.0 1.7084772160642387 0.6876926218915868 0.6022575416759411 -8.608248718072284 -2.481927167322571 1.4038611628531825 1.7806207929365527 
Pedestrian 50 0 -9999.0 -9999.0 -9999.0 -9999.0 1.6682901068147347 0.7378107948553352 0.6318862957964667 -9.356925904878905 -2.2812618271512406 1.407138683492952 1.774286363237355 
Pedestrian 37 0 -9999.0 -9999.0 -9999.0 -9999.0 1.7674898152527898 0.7851268766529278 0.7077031440696406 -9.072977550100259 2.777015450613601 1.4592857185243135 -2.9500536712570025 
Pedestrian 38 0 -9999.0 -9999.0 -9999.0 -9999.0 1.768936684463284 0.7798122203956248 0.6543593384916504 -9.008405089639075 3.470328470281306 1.435869056686827 -2.9495241246126085 
Pedestrian 48 0 -9999.0 -9999.0 -9999.0 -9999.0 1.8437648405814306 0.63 0.8639507388388924 -12.745547083427818 -1.7021417376472916 1.840795438697658 0.1830701022773713 
Pedestrain_sitting 556 0 -9999.0 -9999.0 -9999.0 -9999.0 1.3003415906177906 0.5495013160563614 0.4849281347249202 21.219826621970597 -8.615792569439341 -1.1750959169853017 3.1368080825650217 
Pedestrain_sitting 555 0 -9999.0 -9999.0 -9999.0 -9999.0 1.3003415906177906 0.5495013160563614 0.4849281347249202 21.201207696294276 -7.885411099455045 -1.1838474799826428 3.1368080825650217 
Pedestrian 23 0 -9999.0 -9999.0 -9999.0 -9999.0 1.733985410563253 0.6134757942819711 0.7222749871810963 17.030826985719234 -4.843841466140618 -0.9046669548129371 -2.0191023197871907 
