Pedestrian 12 0 -9999.0 -9999.0 -9999.0 -9999.0 1.85 0.6601961343208707 0.6325646732376861 25.093472783286103 2.918161221668738 -2.532680238608539 1.609268270430757 
Pedestrian 13 0 -9999.0 -9999.0 -9999.0 -9999.0 1.85 0.6324640994580073 0.5664825239758708 25.7131234775215 2.6688691652153196 -2.4976306918844875 1.609268273179044 
Car 2 0 -9999.0 -9999.0 -9999.0 -9999.0 1.7161032172723623 4.3042446659889535 2.497900330371051 29.67659003836582 0.6220681794399228 -2.789084768277292 0.07281321653102601 
Pedestrian 26 0 -9999.0 -9999.0 -9999.0 -9999.0 1.8 0.880638232653005 0.7173897124333324 23.102396747661388 -3.458279083379544 -2.412659059346262 -2.954805073580406 
Pedestrian 42 0 -9999.0 -9999.0 -9999.0 -9999.0 1.9110630666244788 0.6648425352273584 0.7730646177530336 -27.256208109910418 0.10377937507746676 2.111493850010589 1.1628189808144818 
Pedestrian 41 0 -9999.0 -9999.0 -9999.0 -9999.0 1.7717383253829708 0.6171990397476583 0.6601212154854279 -26.801928691060507 0.5599942561337184 2.020662034982148 1.124721062312906 
Pedestrian 1001 0 -9999.0 -9999.0 -9999.0 -9999.0 1.8190235843771385 0.6309324708718423 0.6213012349133786 32.1307204074621 2.796215008630596 -2.7596546146499423 1.5959482591204033 
Pedestrian 765 0 -9999.0 -9999.0 -9999.0 -9999.0 1.765427731387784 0.6045377694180526 0.7280996093110779 30.753142964004226 2.2554554243688747 -2.882393470377086 -0.07756918352757225 
Pedestrian 888 0 -9999.0 -9999.0 -9999.0 -9999.0 1.5366259275535865 0.5877254913696837 0.6357928477663076 12.409858654393297 8.135646339928783 -1.766537073029332 -3.1055590004956812 
Pedestrian 3 0 -9999.0 -9999.0 -9999.0 -9999.0 1.6413741868673242 0.9102319618606736 0.749658509723502 6.529002161870508 3.606128850098046 -1.03381201934232 -2.86591423304586 
Pedestrian 5 0 -9999.0 -9999.0 -9999.0 -9999.0 1.6467102258502564 0.8504990806290904 0.7324788173464449 7.144482956507519 2.551438286410708 -1.0000659674958656 0.36958922087539836 
Pedestrian 4 0 -9999.0 -9999.0 -9999.0 -9999.0 1.7335733350919327 0.8234084053360446 0.7316008376188541 6.492773080999516 2.7183514185776767 -0.9605944571659114 0.409465261799304 
Pedestrian 1 0 -9999.0 -9999.0 -9999.0 -9999.0 1.830187787627785 0.8467364901875526 1.030957247409183 2.0418788066555527 3.322470649740056 -0.4889352258036611 1.085217583268971 
Pedestrian 2 0 -9999.0 -9999.0 -9999.0 -9999.0 1.6047004871739794 0.8225193905720728 0.8427564948210492 2.8331651808105303 3.7692751876205994 -0.688788689680173 0.4440707471453109 
Pedestrian 6 0 -9999.0 -9999.0 -9999.0 -9999.0 1.8 0.7815797515521649 0.729516349447393 10.846809938399705 -0.64226322711697 -1.0816558191568482 -3.016746110761325 
Pedestrian 7 0 -9999.0 -9999.0 -9999.0 -9999.0 1.85 0.7446143281153959 0.7378356243838986 10.51465684658735 -1.214796564571935 -1.0472445515984532 -3.0167473323324607 
Pedestrian 9 0 -9999.0 -9999.0 -9999.0 -9999.0 1.7388951330758573 0.762844615165235 0.6125796005267553 13.510153814836357 2.3941306224984173 -1.5259304849365205 -3.0744418487218645 
Pedestrian 10 0 -9999.0 -9999.0 -9999.0 -9999.0 1.7238665634959034 0.765649395571576 0.6782236572752955 13.65986118339015 1.7909196702246337 -1.5412733932948024 -3.072265298923174 
Car 1 0 -9999.0 -9999.0 -9999.0 -9999.0 1.9636838768401188 5.159477280173534 1.9749927503715075 8.46058645255203 -3.1451509160395945 -0.8616050544348641 0.07789770530317774 
Pedestrian 11 0 -9999.0 -9999.0 -9999.0 -9999.0 1.833843394516407 0.888361750840276 0.8547891083331658 25.509274880013763 -0.36738990396567955 -2.4652618655431544 -3.0700747678175464 
Pedestrian 44 0 -9999.0 -9999.0 -9999.0 -9999.0 1.773026559218124 1 0.9694486388550138 -33.64317631660461 3.7463699363733003 2.5866425141761704 -3.0445453782003007 
Pedestrian 43 0 -9999.0 -9999.0 -9999.0 -9999.0 1.6975355979754738 1 1.115836959245979 -33.75302064002445 2.7292339922877176 2.5112344541215825 -3.044545378960736 
Pedestrian 18 0 -9999.0 -9999.0 -9999.0 -9999.0 1.553791531556044 0.9350978240778415 0.7014189842208715 17.020072805859783 -3.8680256464922778 -1.6646178899179676 0.22741991196855693 
Pedestrian 17 0 -9999.0 -9999.0 -9999.0 -9999.0 1.6786936986616088 0.9385842718372612 0.8570610823441984 17.343942965519258 -3.1656258081052333 -1.627864717616992 0.2182432384518922 
Pedestrian 19 0 -9999.0 -9999.0 -9999.0 -9999.0 1.88766995436284 0.8473523143195599 0.8020167022554571 34.42284756103646 -0.06282916045787507 -2.953470412753807 -0.013729120499480274 
Pedestrian 20 0 -9999.0 -9999.0 -9999.0 -9999.0 1.8942850025152396 0.7837367986462382 0.6986151564054772 34.100200819490794 -1.053178858652376 -2.9427158191552576 -0.022687909874480994 
Pedestrian 8 0 -9999.0 -9999.0 -9999.0 -9999.0 1.7182020193881877 0.84040506779357 0.7617142683117479 11.684779804633777 -2.0111305308319873 -1.2151550531815458 -3.0701376175476724 
Pedestrian 36 0 -9999.0 -9999.0 -9999.0 -9999.0 1.85 0.8455221526426029 0.7795427445654814 -6.672930172369496 4.563434361131601 0.2975256495879879 -2.2730016754844726 
Pedestrian 1002 0 -9999.0 -9999.0 -9999.0 -9999.0 1.5480067025273518 0.5644233003512866 0.6213012349133786 16.045662755823983 -1.850312746010956 -1.7190661511897372 -3.043520129541184 
Pedestrian 16 0 -9999.0 -9999.0 -9999.0 -9999.0 1.5480067025273518 0.5644233003512866 0.6213012349133786 16.052682973065927 -2.5923823009955185 -1.6874929350170358 -3.0435201293389174 
Pedestrian 34 0 -9999.0 -9999.0 -9999.0 -9999.0 1.8 0.742563890087286 0.7166973150341831 -7.249307680211236 3.4665722956758356 0.2692819978801122 2.8540141482778605 
Pedestrian 503 0 -9999.0 -9999.0 -9999.0 -9999.0 1.5098862519504819 0.7016892788347073 0.6244449312827264 23.44809726194403 5.038057109970353 -2.5004781954402193 2.395193348729382 
Pedestrian 15 0 -9999.0 -9999.0 -9999.0 -9999.0 1.4995242359067946 0.6433493585685015 0.616020103352135 18.478644478112248 -1.7187153232278796 -1.649952368805988 -3.04364113956858 
Pedestrian 22 0 -9999.0 -9999.0 -9999.0 -9999.0 1.7272234413230434 0.8930338539667776 0.7589542967325148 18.448317987936928 -4.193208816166362 -1.6295764534056503 -3.0157783612555633 
Pedestrian 777 0 -9999.0 -9999.0 -9999.0 -9999.0 1.5601539586488533 0.7742910735758141 0.7734620811052282 -4.6609806612756985 -3.3682267271265665 0.15496046759924018 0.5404081319145604 
Pedestrian 45 0 -9999.0 -9999.0 -9999.0 -9999.0 1.840803791853019 0.9047965827395252 0.7795427445654814 -3.769598251106153 -1.984907854472687 0.16454277683560756 3.1354613119275374 
Car 4 0 -9999.0 -9999.0 -9999.0 -9999.0 2.0589564776245735 4.5 2.044844764170049 -33.31089748441724 6.727036899628595 2.7709617610465176 0.15975626962034895 
Pedestrian 52 0 -9999.0 -9999.0 -9999.0 -9999.0 1.85 0.8063422351422711 0.648255271894977 -1.9668799871173088 -10.216478291107544 0.2869994171208838 3.0157783739316972 
Pedestrian 53 0 -9999.0 -9999.0 -9999.0 -9999.0 1.85 0.6635819251292966 0.5936944772056624 -1.2232650006504724 -10.96842034788991 0.23456611116008022 2.928476607281148 
Pedestrian 200 0 -9999.0 -9999.0 -9999.0 -9999.0 1.7521106512660325 0.9162872598483918 0.6944942567378337 -22.064548808509723 3.9937363635321406 1.687809353620313 -3.0359266588916753 
Pedestrian 47 0 -9999.0 -9999.0 -9999.0 -9999.0 1.739259612086605 0.9765708634005151 0.6968829901888434 -5.082943532500554 -3.079217873415509 0.21782736337307754 0.5038403388570103 
Pedestrian 46 0 -9999.0 -9999.0 -9999.0 -9999.0 1.739259612086605 0.8137808070594968 0.7631092640473314 -4.760185746809166 -2.4791124863792082 0.20714900391921917 0.4906424570790122 
Pedestrian 35 0 -9999.0 -9999.0 -9999.0 -9999.0 1.85 0.8455221526426029 0.8055941736449839 -9.222487602699982 3.6985308405631567 0.5418560090048167 -3.003770966276889 
Pedestrian 39 0 -9999.0 -9999.0 -9999.0 -9999.0 1.6992181517554945 0.7236988029930532 0.6130136573276566 -22.070337263745706 3.328708153440137 1.6861211655422377 -3.035907306075366 
Pedestrian 49 0 -9999.0 -9999.0 -9999.0 -9999.0 1.8880449392725787 0.7266739568839767 0.719062337692116 -13.342887476034628 -1.7558964115845501 1.0204590065669379 1.9914656012517966 
Pedestrian 51 0 -9999.0 -9999.0 -9999.0 -9999.0 1.7084772160642387 0.6876926218915868 0.6022575416759411 -8.364924457555405 -2.553675092117016 0.538623476616938 1.7806207929365527 
Pedestrian 50 0 -9999.0 -9999.0 -9999.0 -9999.0 1.6682901068147347 0.7378107948553352 0.6318862957964667 -9.494561697684416 -2.269943788768255 0.5260058156908607 1.774286363237355 
Pedestrian 37 0 -9999.0 -9999.0 -9999.0 -9999.0 1.7674898152527898 0.7851268766529278 0.7077031440696406 -17.14575922514035 3.5638280134461016 0.9606540222770079 -2.9493592972483356 
Pedestrian 38 0 -9999.0 -9999.0 -9999.0 -9999.0 1.768936684463284 0.7798122203956248 0.6543593384916504 -17.00441569749915 4.2474759258492645 1.0232700937881385 -2.9492786284056898 
Pedestrian 48 0 -9999.0 -9999.0 -9999.0 -9999.0 1.8437648405814306 0.63 0.8639507388388924 -12.791839588016543 -1.679122172054928 0.9923093956268156 0.18306882067463537 
Pedestrian 23 0 -9999.0 -9999.0 -9999.0 -9999.0 1.733985410563253 0.6134757942819711 0.7222749871810963 16.884467282052515 -4.916939747416504 -1.575306213916306 -2.0191023197871907 
