Car 2 0 -9999.0 -9999.0 -9999.0 -9999.0 1.7161032172723623 4.3042446659889535 2.497900330371051 29.630610009750534 1.2778448732920689 -2.364539823936439 0.07281321653102601 
Pedestrian 26 0 -9999.0 -9999.0 -9999.0 -9999.0 1.8 0.880638232653005 0.7173897124333324 31.1329073614586 -3.819634584354481 -2.0697941308301244 -2.954805073580406 
Pedestrian 25 0 -9999.0 -9999.0 -9999.0 -9999.0 1.8 0.880638232653005 0.7173897124333324 31.184427028175886 -3.088599104719704 -2.0558137297661623 -2.954805073580406 
Car 3 0 -9999.0 -9999.0 -9999.0 -9999.0 1.4301220212552401 4 1.8633935758759457 55.50467647083333 -0.1916897225047474 -3.4109846399815877 -3.0521482483721982 
Pedestrian 42 0 -9999.0 -9999.0 -9999.0 -9999.0 1.9110630666244788 0.6648425352273584 0.7730646177530336 -27.041218429772076 0.5439504854866811 3.1352143158089207 2.230415286870535 
Pedestrian 41 0 -9999.0 -9999.0 -9999.0 -9999.0 1.7717383253829708 0.6171990397476583 0.6601212154854279 -26.645999404802176 -0.016880861604380737 3.0704758580351936 2.244179302397745 
Pedestrain_sitting 21 0 -9999.0 -9999.0 -9999.0 -9999.0 0.9170967942404316 0.6239191457374971 0.6351946031908755 11.73775399521478 5.242771291695785 -0.3579100064187253 0.12939170297927127 
Pedestrian 702 0 -9999.0 -9999.0 -9999.0 -9999.0 1.7242744269198185 0.63 0.6898739737048278 -35.62977396781139 4.90992034198253 3.730689736083252 -3.00732011091074 
Pedestrian 703 0 -9999.0 -9999.0 -9999.0 -9999.0 1.7717383253829708 0.63 0.6566716672544799 -35.46306686695188 5.64008817482858 3.771270305454876 -3.00732011091074 
Pedestrian 1001 0 -9999.0 -9999.0 -9999.0 -9999.0 1.8190235843771385 0.6309324708718423 0.6213012349133786 32.12446564875767 3.0218235264823 -2.0232367390933486 1.595948266815106 
Pedestrian 765 0 -9999.0 -9999.0 -9999.0 -9999.0 1.765427731387784 0.6045377694180526 0.7280996093110779 29.3248298906539 2.424107464333586 -1.8314590138843259 -1.6297575878958401 
Pedestrian 888 0 -9999.0 -9999.0 -9999.0 -9999.0 1.5366259275535865 0.5877254913696837 0.6357928477663076 13.562476750102439 7.931064837509678 -0.35968548348662277 -3.107237848008401 
Pedestrian 223 0 -9999.0 -9999.0 -9999.0 -9999.0 1.7272234413230434 0.6942712320825266 0.6155335882708507 37.4600664342529 -6.889124644714958 -2.6620342781953124 0.6419837573558596 
Pedestrian 3 0 -9999.0 -9999.0 -9999.0 -9999.0 1.6413741868673242 0.9102319618606736 0.749658509723502 15.20481328129322 1.9181167849328808 -0.7086047398692695 -2.86591423304586 
Pedestrian 5 0 -9999.0 -9999.0 -9999.0 -9999.0 1.6467102258502564 0.8504990806290904 0.946862823709426 3.984668701624534 2.513299688707877 0.28188021096680194 0.5494426083360882 
Pedestrian 4 0 -9999.0 -9999.0 -9999.0 -9999.0 1.7335733350919327 0.8234084053360446 0.7316008376188541 2.150938586429887 2.9070236802993468 0.5232490392900654 0.05451605388707215 
Pedestrian 1 0 -9999.0 -9999.0 -9999.0 -9999.0 1.830187787627785 0.8467364901875526 1.030957247409183 2.2164339127562975 3.592310302467023 0.5162688019156029 -3.055351543992872 
Pedestrian 2 0 -9999.0 -9999.0 -9999.0 -9999.0 1.6047004871739794 0.8225193905720728 0.8427564948210492 2.9503498087567097 3.8328052597838695 0.331141433475195 0.4440707538360744 
Pedestrian 6 0 -9999.0 -9999.0 -9999.0 -9999.0 1.8 0.7815797515521649 0.729516349447393 19.18982284105352 -1.586401131691785 -0.9265570461693491 -3.0167461106019857 
Pedestrian 7 0 -9999.0 -9999.0 -9999.0 -9999.0 1.85 0.7446143281153959 0.7378356243838986 18.7828328192103 -2.2908161989120233 -0.898305864959139 -3.0167473323324607 
Pedestrian 9 0 -9999.0 -9999.0 -9999.0 -9999.0 1.7388951330758573 0.762844615165235 0.6125796005267553 18.272338503481485 2.3808153207385465 -0.9522424644295331 2.2740135736018345 
Pedestrian 10 0 -9999.0 -9999.0 -9999.0 -9999.0 1.7238665634959034 0.765649395571576 0.6782236572752955 18.816526428806377 2.0549356763467888 -1.0145932024870414 2.2762823451080916 
Car 1 0 -9999.0 -9999.0 -9999.0 -9999.0 1.9636838768401188 5.159477280173534 1.9749927503715075 8.504091645905131 -3.1149468190112057 0.10967108612471876 0.07789770957994335 
Pedestrian 11 0 -9999.0 -9999.0 -9999.0 -9999.0 1.833843394516407 0.888361750840276 0.8547891083331658 37.27707087544483 -1.5778728113518417 -2.7749678173922034 -3.070074778933172 
Pedestrian 44 0 -9999.0 -9999.0 -9999.0 -9999.0 1.773026559218124 1 0.9694486388550138 -22.366559736042124 3.076221854916568 2.8386450012032305 -3.0466046363782695 
Pedestrian 43 0 -9999.0 -9999.0 -9999.0 -9999.0 1.6975355979754738 1 1.115836959245979 -22.482232736518913 2.0497361521991952 2.7579751031091755 -3.0468015666081527 
Pedestrian 18 0 -9999.0 -9999.0 -9999.0 -9999.0 1.553791531556044 0.9350978240778415 0.7014189842208715 9.4918495615149 -1.8742367857530144 -0.1542102867169738 0.0825726740421544 
Pedestrian 17 0 -9999.0 -9999.0 -9999.0 -9999.0 1.6786936986616088 0.9385842718372612 0.8570610823441984 9.857602366305343 -1.2755942002930687 -0.15541692249457123 0.09906515433777496 
Pedestrian 19 0 -9999.0 -9999.0 -9999.0 -9999.0 1.88766995436284 0.8473523143195599 0.8020167022554571 28.540101654459068 -0.17047251348186643 -1.8098390963772433 -0.07702724151319984 
Pedestrian 20 0 -9999.0 -9999.0 -9999.0 -9999.0 1.8942850025152396 0.7837367986462382 0.6986151564054772 27.879433005667966 -0.5149949089408382 -1.809378805436247 0.02326462718393696 
Pedestrian 8 0 -9999.0 -9999.0 -9999.0 -9999.0 1.7182020193881877 0.84040506779357 0.7617142683117479 18.198807950992528 -3.301060605674982 -0.8350857804739609 -3.0024234205461386 
Pedestrian 36 0 -9999.0 -9999.0 -9999.0 -9999.0 1.85 0.8455221526426029 0.7795427445654814 -6.455263578203226 5.075596096220691 1.262666203828392 -1.1350935540575087 
Pedestrian 1002 0 -9999.0 -9999.0 -9999.0 -9999.0 1.5480067025273518 0.5644233003512866 0.6213012349133786 24.84084682983076 -2.967032948248484 -1.4712090712757961 -3.043520129541184 
Pedestrian 16 0 -9999.0 -9999.0 -9999.0 -9999.0 1.5480067025273518 0.5644233003512866 0.6213012349133786 24.61492833768437 -3.525073778633632 -1.5309021396843474 -3.0435201293389174 
Pedestrian 34 0 -9999.0 -9999.0 -9999.0 -9999.0 1.8 0.742563890087286 0.7166973150341831 -7.30193287418128 5.112089378308807 1.5053065289836556 -1.2331282277926707 
Pedestrian 27 0 -9999.0 -9999.0 -9999.0 -9999.0 1.8 0.8271693526588353 0.8407252643496999 29.634416882181224 -0.12392034238172021 -2.0517171792149327 1.5884383216254072 
Pedestrian 503 0 -9999.0 -9999.0 -9999.0 -9999.0 1.5098862519504819 0.7016892788347073 0.6244449312827264 23.967653875740538 5.28658621213927 -1.3837525884811033 2.395193348729382 
Pedestrian 14 0 -9999.0 -9999.0 -9999.0 -9999.0 1.5350666013118595 0.6767124353147551 0.6338965826401189 24.922617603790464 1.9611655183298293 -1.5901477112235816 1.9755564406183002 
Pedestrian 15 0 -9999.0 -9999.0 -9999.0 -9999.0 1.4995242359067946 0.6433493585685015 0.616020103352135 25.433824606352943 1.6990524844739134 -1.566610107419072 1.9605963997247962 
Pedestrian 22 0 -9999.0 -9999.0 -9999.0 -9999.0 1.7272234413230434 0.8930338539667776 0.7589542967325148 23.46549130517745 -4.192242319323952 -1.3821762609906858 -3.0151915870148116 
Pedestrian 777 0 -9999.0 -9999.0 -9999.0 -9999.0 1.5601539586488533 0.7742910735758141 0.7734620811052282 -12.310719307910446 0.9795807132366477 1.777835078837966 1.4838436637750307 
Pedestrian 502 0 -9999.0 -9999.0 -9999.0 -9999.0 1.5580631857725595 0.6324640994580073 0.6231826615974934 23.258124025282452 5.570298339882372 -1.3907600139649 2.3848312881532756 
Pedestrian 45 0 -9999.0 -9999.0 -9999.0 -9999.0 1.840803791853019 0.9047965827395252 0.7795427445654814 4.583504937607034 -1.8999352119667428 0.4253665730260911 3.1354613119275374 
Pedestrain_sitting 20 0 -9999.0 -9999.0 -9999.0 -9999.0 0.9288023059382893 0.630173997091732 0.7116151379014846 10.89296888204256 5.296813471001098 -0.24904087369309197 -3.0334717970358653 
Car 4 0 -9999.0 -9999.0 -9999.0 -9999.0 2.0589564776245735 4.5 2.044844764170049 -33.25088142983061 6.794259035826724 3.8642982665199326 0.15975626962034895 
Pedestrian 200 0 -9999.0 -9999.0 -9999.0 -9999.0 1.7521106512660325 0.9162872598483918 0.6944942567378337 -13.238490556282049 3.3510484987694404 1.9630206810037598 -3.030624072856517 
Pedestrian 47 0 -9999.0 -9999.0 -9999.0 -9999.0 1.739259612086605 0.9765708634005151 0.6968829901888434 -11.58873849800512 0.5308425426910182 1.73820744672853 1.713103804013378 
Pedestrian 24 0 -9999.0 -9999.0 -9999.0 -9999.0 1.5665724604937843 0.8256175940025915 0.7327379765104859 17.69651284826522 -4.8153694844367605 -0.9670469984718162 -1.6975206772295834 
Pedestrian 46 0 -9999.0 -9999.0 -9999.0 -9999.0 1.739259612086605 0.8137808070594968 0.7631092640473314 -10.751703510720153 0.8978363413699553 1.6886807031894946 1.7028913600793283 
Pedestrian 35 0 -9999.0 -9999.0 -9999.0 -9999.0 1.85 0.8455221526426029 0.8055941736449839 -0.39161645570760284 5.255124975303598 0.7538789577274903 -3.0817746350703406 
Pedestrian 39 0 -9999.0 -9999.0 -9999.0 -9999.0 1.6992181517554945 0.7236988029930532 0.6130136573276566 -13.26347033947961 2.7233694722615813 1.978489198701312 -3.029739041875441 
Pedestrian 49 0 -9999.0 -9999.0 -9999.0 -9999.0 1.8880449392725787 0.7266739568839767 0.719062337692116 -13.224647967791626 -2.2592692044276843 1.8488376962464392 1.1336177746147484 
Pedestrian 51 0 -9999.0 -9999.0 -9999.0 -9999.0 1.7084772160642387 0.6876926218915868 0.6022575416759411 -8.587744153682811 -2.5192993065386884 1.444048945105886 1.7806207929365527 
Pedestrian 50 0 -9999.0 -9999.0 -9999.0 -9999.0 1.6682901068147347 0.7378107948553352 0.6318862957964667 -9.317394627800464 -2.3171530485219916 1.4519533113414198 1.774286363237355 
Pedestrian 37 0 -9999.0 -9999.0 -9999.0 -9999.0 1.7674898152527898 0.7851268766529278 0.7077031440696406 -8.485172150504873 2.701546015658269 1.5082365356970115 -2.949870990398013 
Pedestrian 38 0 -9999.0 -9999.0 -9999.0 -9999.0 1.768936684463284 0.7798122203956248 0.6543593384916504 -8.374259688603068 3.360836787675227 1.4248319311223228 -2.949461920881518 
Pedestrian 48 0 -9999.0 -9999.0 -9999.0 -9999.0 1.8437648405814306 0.63 0.8639507388388924 -12.709556568873936 -1.7382703512864073 1.8298767324453753 0.183071906751616 
Pedestrain_sitting 556 0 -9999.0 -9999.0 -9999.0 -9999.0 1.3003415906177906 0.5495013160563614 0.4849281347249202 21.22113780366132 -8.61854391050462 -1.1502708857484394 3.1368080825650217 
Pedestrain_sitting 555 0 -9999.0 -9999.0 -9999.0 -9999.0 1.3003415906177906 0.5495013160563614 0.4849281347249202 21.201540787227085 -7.8955879650258876 -1.1502708857484394 3.1368080825650217 
Pedestrian 23 0 -9999.0 -9999.0 -9999.0 -9999.0 1.733985410563253 0.6134757942819711 0.7222749871810963 17.05538695270776 -4.845915894178631 -0.8326269346896348 -2.0191023197871907 
