Car 2 0 -9999.0 -9999.0 -9999.0 -9999.0 1.7161032172723623 4.3042446659889535 2.497900330371051 29.632380961832958 1.2615238746090414 -2.1391772845669603 0.07281321653102601 
Pedestrian 26 0 -9999.0 -9999.0 -9999.0 -9999.0 1.8 0.880638232653005 0.7173897124333324 28.413094376462364 -3.964389184463369 -2.0272268141481047 -2.954805073580406 
Pedestrian 25 0 -9999.0 -9999.0 -9999.0 -9999.0 1.8 0.880638232653005 0.7173897124333324 28.51199596378278 -3.2122243126968915 -2.0296244383164086 -2.954805073580406 
Car 3 0 -9999.0 -9999.0 -9999.0 -9999.0 1.4301220212552401 4 1.8633935758759457 55.45955992717361 -0.18764350400938423 -3.473524654312505 -3.0521482483721982 
Pedestrian 42 0 -9999.0 -9999.0 -9999.0 -9999.0 1.9110630666244788 0.6648425352273584 0.7730646177530336 -27.343559231441926 0.19234791121241615 2.8895511194864874 1.439207712450722 
Pedestrian 41 0 -9999.0 -9999.0 -9999.0 -9999.0 1.7717383253829708 0.6171990397476583 0.6601212154854279 -26.790264634363478 0.5120413643852315 2.7585759118686477 1.435420701246775 
Pedestrain_sitting 21 0 -9999.0 -9999.0 -9999.0 -9999.0 0.9170967942404316 0.6239191457374971 0.6351946031908755 11.71936966569681 5.24261612480403 -0.6805244373523806 0.12971970008820044 
Pedestrian 702 0 -9999.0 -9999.0 -9999.0 -9999.0 1.7242744269198185 0.63 0.6898739737048278 -39.25282642589663 5.6553131595565205 4.014129615416826 -3.00732011091074 
Pedestrian 703 0 -9999.0 -9999.0 -9999.0 -9999.0 1.7717383253829708 0.63 0.6566716672544799 -39.134792290127976 6.387893325007101 4.056954276125152 -3.00732011091074 
Pedestrian 1001 0 -9999.0 -9999.0 -9999.0 -9999.0 1.8190235843771385 0.6309324708718423 0.6213012349133786 32.1602303389375 2.7190756637199147 -2.275459246291882 1.5959482672932293 
Pedestrian 765 0 -9999.0 -9999.0 -9999.0 -9999.0 1.765427731387784 0.6045377694180526 0.7280996093110779 29.37042190641172 2.4437163102817245 -2.076637690128464 -1.6691479135026732 
Pedestrian 888 0 -9999.0 -9999.0 -9999.0 -9999.0 1.5366259275535865 0.5877254913696837 0.6357928477663076 13.092581043981358 8.274499260380626 -0.409539507757135 -3.1042234988417157 
Pedestrian 223 0 -9999.0 -9999.0 -9999.0 -9999.0 1.7272234413230434 0.6942712320825266 0.6155335882708507 37.30935394195981 -6.931524230276502 -2.630554464388925 0.6419837422838075 
Pedestrian 3 0 -9999.0 -9999.0 -9999.0 -9999.0 1.6413741868673242 0.9102319618606736 0.749658509723502 12.329618270072004 2.7224417302917736 -0.8045815592227342 -2.86591423304586 
Pedestrian 5 0 -9999.0 -9999.0 -9999.0 -9999.0 1.6467102258502564 0.8504990806290904 0.946862823709426 4.6405744297484794 2.6396299600882727 -0.02991410264713984 0.16276229671401943 
Pedestrian 4 0 -9999.0 -9999.0 -9999.0 -9999.0 1.7335733350919327 0.8234084053360446 0.7316008376188541 3.3070353109490096 2.9982915425342638 0.13809375110469793 0.0853507343761919 
Pedestrian 1 0 -9999.0 -9999.0 -9999.0 -9999.0 1.830187787627785 0.8467364901875526 1.030957247409183 2.1497751037504518 3.5693807320025113 0.2213576068366521 -3.0656978837314455 
Pedestrian 2 0 -9999.0 -9999.0 -9999.0 -9999.0 1.6047004871739794 0.8225193905720728 0.8427564948210492 2.891302756458544 3.847149962586926 0.03218114066005095 0.44396708011061925 
Pedestrian 6 0 -9999.0 -9999.0 -9999.0 -9999.0 1.8 0.7815797515521649 0.729516349447393 16.24672540633425 -1.11717459411428 -0.9524976179470772 -3.0167462643171206 
Pedestrian 7 0 -9999.0 -9999.0 -9999.0 -9999.0 1.85 0.7446143281153959 0.7378356243838986 15.993217073312108 -1.8164277301154548 -0.929956850202429 -3.0167473323324607 
Pedestrian 9 0 -9999.0 -9999.0 -9999.0 -9999.0 1.7388951330758573 0.762844615165235 0.6125796005267553 16.944059979431465 2.030486190609801 -1.0686352346111403 3.010050696482674 
Pedestrian 10 0 -9999.0 -9999.0 -9999.0 -9999.0 1.7238665634959034 0.765649395571576 0.6782236572752955 17.363256185449632 1.5614124964993348 -1.1152656866517956 3.0088675855063496 
Car 1 0 -9999.0 -9999.0 -9999.0 -9999.0 1.9636838768401188 5.159477280173534 1.9749927503715075 8.427418794970047 -3.091164865026441 -0.11349002205211157 0.07789771012313906 
Pedestrian 11 0 -9999.0 -9999.0 -9999.0 -9999.0 1.833843394516407 0.888361750840276 0.8547891083331658 33.241917303092634 -1.330112461265163 -2.4976114615105915 -3.0700747636110925 
Pedestrian 44 0 -9999.0 -9999.0 -9999.0 -9999.0 1.773026559218124 1 0.9694486388550138 -26.315192714164453 3.383823538617392 2.764466768913636 -3.044450524103068 
Pedestrian 43 0 -9999.0 -9999.0 -9999.0 -9999.0 1.6975355979754738 1 1.115836959245979 -26.41103322355805 2.34034919701676 2.7543058784668157 -3.0444413944636164 
Pedestrian 18 0 -9999.0 -9999.0 -9999.0 -9999.0 1.553791531556044 0.9350978240778415 0.7014189842208715 11.82524173236693 -2.6146874467151444 -0.6630898673696183 0.4935276008738967 
Pedestrian 17 0 -9999.0 -9999.0 -9999.0 -9999.0 1.6786936986616088 0.9385842718372612 0.8570610823441984 12.322132627279906 -2.108875556074765 -0.6482809077979247 0.47036755622691917 
Pedestrian 19 0 -9999.0 -9999.0 -9999.0 -9999.0 1.88766995436284 0.8473523143195599 0.8020167022554571 30.388325983123327 -0.31044981713454123 -2.125576009099049 -0.015028854745983367 
Pedestrian 20 0 -9999.0 -9999.0 -9999.0 -9999.0 1.8942850025152396 0.7837367986462382 0.6986151564054772 30.011874238318995 -0.919021798259134 -2.1265308856740543 -0.013827729771309194 
Pedestrian 8 0 -9999.0 -9999.0 -9999.0 -9999.0 1.7182020193881877 0.84040506779357 0.7617142683117479 15.865578546197597 -2.86109548797611 -0.9259090041968867 -2.925106517189665 
Pedestrian 36 0 -9999.0 -9999.0 -9999.0 -9999.0 1.85 0.8455221526426029 0.7795427445654814 -6.183961128754603 5.221222683382031 0.9086264559315327 -1.1353564383291168 
Pedestrian 1002 0 -9999.0 -9999.0 -9999.0 -9999.0 1.5480067025273518 0.5644233003512866 0.6213012349133786 21.686451377402218 -2.5386996648721016 -1.5112135370492217 -3.043520129541184 
Pedestrian 16 0 -9999.0 -9999.0 -9999.0 -9999.0 1.5480067025273518 0.5644233003512866 0.6213012349133786 21.3840227314719 -3.3813309980479875 -1.530044881759107 -3.0435201594592787 
Pedestrian 34 0 -9999.0 -9999.0 -9999.0 -9999.0 1.8 0.742563890087286 0.7166973150341831 -7.137948168709931 5.4001257940126095 0.8471145916067678 -1.2060835369735052 
Pedestrian 503 0 -9999.0 -9999.0 -9999.0 -9999.0 1.5098862519504819 0.7016892788347073 0.6244449312827264 23.5048990017415 5.216851122277638 -1.3999330526340688 2.395193348729382 
Pedestrian 14 0 -9999.0 -9999.0 -9999.0 -9999.0 1.5350666013118595 0.6767124353147551 0.6338965826401189 23.087632927514854 -0.06881640733654087 -1.6246166566635631 2.148949926447683 
Pedestrian 15 0 -9999.0 -9999.0 -9999.0 -9999.0 1.4995242359067946 0.6433493585685015 0.616020103352135 23.541720046233735 -0.6855543250590639 -1.6125729490706777 2.1714416661887075 
Pedestrian 22 0 -9999.0 -9999.0 -9999.0 -9999.0 1.7272234413230434 0.8930338539667776 0.7589542967325148 21.873157329929658 -4.123532658911991 -1.4234051534817198 -3.015809287672514 
Pedestrian 777 0 -9999.0 -9999.0 -9999.0 -9999.0 1.5601539586488533 0.7742910735758141 0.7734620811052282 -9.307525720488782 0.5906996378571233 1.1535079692950159 0.4589518853911425 
Pedestrian 502 0 -9999.0 -9999.0 -9999.0 -9999.0 1.5580631857725595 0.6324640994580073 0.6231826615974934 22.78708812192782 5.598586774019667 -1.2342092228085848 2.384830979894442 
Pedestrian 45 0 -9999.0 -9999.0 -9999.0 -9999.0 1.840803791853019 0.9047965827395252 0.7795427445654814 1.7713046041167535 -2.1783498096621985 0.40805168800072944 3.1354613119275747 
Pedestrain_sitting 20 0 -9999.0 -9999.0 -9999.0 -9999.0 0.9288023059382893 0.630173997091732 0.7116151379014846 10.909125113806288 5.319192252516131 -0.5624194125148664 -3.033457887518315 
Car 4 0 -9999.0 -9999.0 -9999.0 -9999.0 2.0589564776245735 4.5 2.044844764170049 -33.479268561106736 6.805749759419484 3.3858178959795335 0.15975626962034806 
Pedestrian 200 0 -9999.0 -9999.0 -9999.0 -9999.0 1.7521106512660325 0.9162872598483918 0.6944942567378337 -16.037386431232694 3.706231816286031 1.7935467485441363 -3.0362128337367142 
Pedestrian 47 0 -9999.0 -9999.0 -9999.0 -9999.0 1.739259612086605 0.9765708634005151 0.6968829901888434 -9.725630069631057 -0.6301779765628901 1.2456664587175814 0.11807322408239074 
Pedestrian 24 0 -9999.0 -9999.0 -9999.0 -9999.0 1.5665724604937843 0.8256175940025915 0.7327379765104859 17.65245555518727 -4.819269538654498 -1.1496033163322732 -1.6969128800576385 
Pedestrian 46 0 -9999.0 -9999.0 -9999.0 -9999.0 1.739259612086605 0.8137808070594968 0.7631092640473314 -9.635038393018931 0.07190762149847954 1.2577563173398223 0.130365352182233 
Pedestrian 35 0 -9999.0 -9999.0 -9999.0 -9999.0 1.85 0.8455221526426029 0.8055941736449839 -3.3133627659739537 4.620482380131885 0.7745046667546307 3.101426245981248 
Pedestrian 39 0 -9999.0 -9999.0 -9999.0 -9999.0 1.6992181517554945 0.7236988029930532 0.6130136573276566 -16.052285684401557 3.085430054499752 1.8099337796483306 -3.0362078628320717 
Pedestrian 49 0 -9999.0 -9999.0 -9999.0 -9999.0 1.8880449392725787 0.7266739568839767 0.719062337692116 -13.401311066610491 -2.0526696785566205 1.5678828470527297 1.1335267141932865 
Pedestrian 51 0 -9999.0 -9999.0 -9999.0 -9999.0 1.7084772160642387 0.6876926218915868 0.6022575416759411 -8.647671326941074 -2.372547751787001 1.1579047201973505 1.7806207929365527 
Pedestrian 50 0 -9999.0 -9999.0 -9999.0 -9999.0 1.6682901068147347 0.7378107948553352 0.6318862957964667 -9.354290044249169 -2.122369487865703 1.1314978244424465 1.774286363237355 
Pedestrian 37 0 -9999.0 -9999.0 -9999.0 -9999.0 1.7674898152527898 0.7851268766529278 0.7077031440696406 -11.46101741513193 3.0737404128355794 1.3782785632028787 -2.950549975020291 
Pedestrian 38 0 -9999.0 -9999.0 -9999.0 -9999.0 1.768936684463284 0.7798122203956248 0.6543593384916504 -11.49184310987276 3.7771460225752453 1.2237855767882073 -2.9495067741453447 
Pedestrian 48 0 -9999.0 -9999.0 -9999.0 -9999.0 1.8437648405814306 0.63 0.8639507388388924 -12.800405241605379 -1.677278216069997 1.5412345846810782 0.1830686468215852 
Pedestrian 23 0 -9999.0 -9999.0 -9999.0 -9999.0 1.733985410563253 0.6134757942819711 0.7222749871810963 16.957347569000326 -4.843325675978437 -1.0418657430543146 -2.0191023197871907 
