Car 2 0 -9999.0 -9999.0 -9999.0 -9999.0 1.7161032172723623 4.3042446659889535 2.497900330371051 29.636290941111426 1.0734087628687154 -2.3817681977299228 0.07281321653102601 
Pedestrian 26 0 -9999.0 -9999.0 -9999.0 -9999.0 1.8 0.880638232653005 0.7173897124333324 25.6540897186718 -3.8874549304813364 -1.941286132155724 -2.954805073580406 
Pedestrian 25 0 -9999.0 -9999.0 -9999.0 -9999.0 1.8 0.880638232653005 0.7173897124333324 25.752314809863684 -3.0427883323776004 -1.9805109091442075 -2.954805073580406 
Car 3 0 -9999.0 -9999.0 -9999.0 -9999.0 1.4301220212552401 4 1.8633935758759457 55.41446917899247 -0.18359959894794373 -3.5360289112588816 -3.0521482483721982 
Pedestrian 42 0 -9999.0 -9999.0 -9999.0 -9999.0 1.9110630666244788 0.6648425352273584 0.7730646177530336 -27.282562651036393 0.469630401376303 2.599877618749647 1.1516632582117792 
Pedestrian 41 0 -9999.0 -9999.0 -9999.0 -9999.0 1.7717383253829708 0.6171990397476583 0.6601212154854279 -26.74712074369634 1.0039595930647078 2.5149670925444974 1.1340597659236558 
Pedestrain_sitting 21 0 -9999.0 -9999.0 -9999.0 -9999.0 0.9170967942404316 0.6239191457374971 0.6351946031908755 11.700995847457852 5.242461046629271 -1.0029544128075913 0.13004750966409517 
Pedestrian 1001 0 -9999.0 -9999.0 -9999.0 -9999.0 1.8190235843771385 0.6309324708718423 0.6213012349133786 32.22313704528438 2.634134475334564 -2.3105290363840827 1.5959482751342406 
Pedestrian 765 0 -9999.0 -9999.0 -9999.0 -9999.0 1.765427731387784 0.6045377694180526 0.7280996093110779 29.389505810374242 2.319295838321663 -2.2395665817242163 -1.6568038988850606 
Pedestrian 888 0 -9999.0 -9999.0 -9999.0 -9999.0 1.5366259275535865 0.5877254913696837 0.6357928477663076 12.348270563275005 8.354044889435231 -0.7296208488881732 -3.1055315984399527 
Pedestrian 223 0 -9999.0 -9999.0 -9999.0 -9999.0 1.7272234413230434 0.6942712320825266 0.6155335882708507 37.100110892725205 -7.113473742020018 -3.1849574817536257 0.6419837828992332 
Pedestrian 3 0 -9999.0 -9999.0 -9999.0 -9999.0 1.6413741868673242 0.9102319618606736 0.749658509723502 9.219586775418701 3.1383174974946666 -0.8289907988757041 -2.86591423304586 
Pedestrian 5 0 -9999.0 -9999.0 -9999.0 -9999.0 1.6467102258502564 0.8504990806290904 0.7324788173464449 5.781082903675046 3.014695093047971 -0.46609415873718574 0.03173353345887975 
Pedestrian 4 0 -9999.0 -9999.0 -9999.0 -9999.0 1.7335733350919327 0.8234084053360446 0.7316008376188541 5.2168554683639385 3.394280594835224 -0.41109959279329034 0.13739290068604326 
Pedestrian 1 0 -9999.0 -9999.0 -9999.0 -9999.0 1.830187787627785 0.8467364901875526 1.030957247409183 2.0812739552045807 3.6226014865144065 -0.08651477494810092 -3.054504248608211 
Pedestrian 2 0 -9999.0 -9999.0 -9999.0 -9999.0 1.6047004871739794 0.8225193905720728 0.8427564948210492 2.997398267927198 3.8128603205075318 -0.3133021702017063 0.4440707538360762 
Pedestrian 6 0 -9999.0 -9999.0 -9999.0 -9999.0 1.8 0.7815797515521649 0.729516349447393 13.424761858908903 -0.6938436298986331 -0.9466753259254639 -3.0167461021272466 
Pedestrian 7 0 -9999.0 -9999.0 -9999.0 -9999.0 1.85 0.7446143281153959 0.7378356243838986 13.164438252496073 -1.4157873717991887 -0.9102502179470595 -3.0167473323324607 
Pedestrian 9 0 -9999.0 -9999.0 -9999.0 -9999.0 1.7388951330758573 0.762844615165235 0.6125796005267553 15.174438502488957 2.0295644110412696 -1.252728101225035 -3.0603190164278615 
Pedestrian 10 0 -9999.0 -9999.0 -9999.0 -9999.0 1.7238665634959034 0.765649395571576 0.6782236572752955 15.327913613297461 1.529087300744977 -1.2612361627447943 -3.0603265465206118 
Car 1 0 -9999.0 -9999.0 -9999.0 -9999.0 1.9636838768401188 5.159477280173534 1.9749927503715075 8.428389031573312 -3.093412906889723 -0.44002958723807795 0.0778977091916726 
Pedestrian 11 0 -9999.0 -9999.0 -9999.0 -9999.0 1.833843394516407 0.888361750840276 0.8547891083331658 29.11814644566916 -1.134708495147573 -2.3146394476759338 -3.0700747705495885 
Pedestrian 44 0 -9999.0 -9999.0 -9999.0 -9999.0 1.773026559218124 1 0.9694486388550138 -30.078667858937305 3.965935253473244 2.800686328214059 -3.044545410295667 
Pedestrian 43 0 -9999.0 -9999.0 -9999.0 -9999.0 1.6975355979754738 1 1.115836959245979 -30.13532442634146 3.073286840591738 2.9357204277368085 -3.0445453991683316 
Pedestrian 18 0 -9999.0 -9999.0 -9999.0 -9999.0 1.553791531556044 0.9350978240778415 0.7014189842208715 14.481645248041401 -3.594490397437156 -1.1652533220116619 0.2602196613346148 
Pedestrian 17 0 -9999.0 -9999.0 -9999.0 -9999.0 1.6786936986616088 0.9385842718372612 0.8570610823441984 14.807557158558856 -3.1145870054485494 -1.1053961879610337 0.22099721279914952 
Pedestrian 19 0 -9999.0 -9999.0 -9999.0 -9999.0 1.88766995436284 0.8473523143195599 0.8020167022554571 32.60878843623201 -0.06886196655725896 -2.4118853000487 -0.013869244027175043 
Pedestrian 20 0 -9999.0 -9999.0 -9999.0 -9999.0 1.8942850025152396 0.7837367986462382 0.6986151564054772 32.205726516126745 -0.5736416010306361 -2.389475558546773 -0.018953829513558063 
Pedestrian 8 0 -9999.0 -9999.0 -9999.0 -9999.0 1.7182020193881877 0.84040506779357 0.7617142683117479 13.419822031254386 -2.382940794393433 -0.9946436880553025 -3.1070114289300133 
Pedestrian 36 0 -9999.0 -9999.0 -9999.0 -9999.0 1.85 0.8455221526426029 0.7795427445654814 -6.2530947481428685 4.877369796461391 0.6901349947579694 -1.1180687278804946 
Pedestrian 1002 0 -9999.0 -9999.0 -9999.0 -9999.0 1.5480067025273518 0.5644233003512866 0.6213012349133786 18.75233177165027 -2.0695942150821693 -1.4021065851500412 -3.043520129541184 
Pedestrian 16 0 -9999.0 -9999.0 -9999.0 -9999.0 1.5480067025273518 0.5644233003512866 0.6213012349133786 18.506690074876822 -2.677215233398244 -1.3923770451112434 -3.0435201269911225 
Pedestrian 34 0 -9999.0 -9999.0 -9999.0 -9999.0 1.8 0.742563890087286 0.7166973150341831 -6.909915098903941 5.057764167965216 0.6960420962070865 -2.6348138669152377 
Pedestrian 503 0 -9999.0 -9999.0 -9999.0 -9999.0 1.5098862519504819 0.7016892788347073 0.6244449312827264 23.37975769713037 5.115414084682978 -1.799855345115451 2.395193348729382 
Pedestrian 14 0 -9999.0 -9999.0 -9999.0 -9999.0 1.5350666013118595 0.6767124353147551 0.6338965826401189 21.059138231478556 -1.0552078758048842 -1.7151138450250203 -2.8869545955162366 
Pedestrian 15 0 -9999.0 -9999.0 -9999.0 -9999.0 1.4995242359067946 0.6433493585685015 0.616020103352135 21.00817403281299 -1.7312064988408458 -1.7302193064093783 -2.897570364040927 
Pedestrian 22 0 -9999.0 -9999.0 -9999.0 -9999.0 1.7272234413230434 0.8930338539667776 0.7589542967325148 20.1366285083872 -3.894888476284464 -1.6708074827342407 -3.015796240832124 
Pedestrian 777 0 -9999.0 -9999.0 -9999.0 -9999.0 1.5601539586488533 0.7742910735758141 0.7734620811052282 -6.2470538999269385 -1.7761487926699162 0.6570986439483427 0.7077416757328638 
Pedestrian 502 0 -9999.0 -9999.0 -9999.0 -9999.0 1.5580631857725595 0.6324640994580073 0.6231826615974934 22.69650603269332 5.341157205712208 -1.671240269094074 2.3848309799141028 
Pedestrian 45 0 -9999.0 -9999.0 -9999.0 -9999.0 1.840803791853019 0.9047965827395252 0.7795427445654814 -1.2460504886813486 -2.340382480875241 0.3514120866813487 3.1354613119275374 
Pedestrain_sitting 20 0 -9999.0 -9999.0 -9999.0 -9999.0 0.9288023059382893 0.630173997091732 0.7116151379014846 10.937818677713999 5.357195153365159 -0.8808261241521286 -3.0334439859535625 
Car 4 0 -9999.0 -9999.0 -9999.0 -9999.0 2.0589564776245735 4.5 2.044844764170049 -33.26388136019708 6.773064211458036 3.0804866520235588 0.15975626962034895 
Pedestrian 52 0 -9999.0 -9999.0 -9999.0 -9999.0 1.85 0.8063422351422711 0.648255271894977 -2.0042860732552445 -10.51656501217948 0.7370160995445039 3.0157783739316972 
Pedestrian 200 0 -9999.0 -9999.0 -9999.0 -9999.0 1.7521106512660325 0.9162872598483918 0.6944942567378337 -19.164119532118725 4.042788730208406 1.786059607572839 -3.036044321556677 
Pedestrian 47 0 -9999.0 -9999.0 -9999.0 -9999.0 1.739259612086605 0.9765708634005151 0.6968829901888434 -7.109467291125897 -1.637089680266076 0.7916665679712578 0.7625429023096579 
Pedestrian 24 0 -9999.0 -9999.0 -9999.0 -9999.0 1.5665724604937843 0.8256175940025915 0.7327379765104859 17.655804931363406 -4.7527000680809905 -1.3790822523315858 -1.6969110860562164 
Pedestrian 46 0 -9999.0 -9999.0 -9999.0 -9999.0 1.739259612086605 0.8137808070594968 0.7631092640473314 -6.83118659638361 -1.0586007262756771 0.7774649514942122 0.7625429023096579 
Pedestrian 35 0 -9999.0 -9999.0 -9999.0 -9999.0 1.85 0.8455221526426029 0.8055941736449839 -6.440784052087435 3.6864768697331542 0.766335847018558 3.1319578924724265 
Pedestrian 39 0 -9999.0 -9999.0 -9999.0 -9999.0 1.6992181517554945 0.7236988029930532 0.6130136573276566 -19.116567320198055 3.3763786517596266 1.8340768405451853 -3.0360427886106045 
Pedestrian 49 0 -9999.0 -9999.0 -9999.0 -9999.0 1.8880449392725787 0.7266739568839767 0.719062337692116 -13.358177425184378 -1.841030157202883 1.341695299318245 1.1381773739279568 
Pedestrian 51 0 -9999.0 -9999.0 -9999.0 -9999.0 1.7084772160642387 0.6876926218915868 0.6022575416759411 -8.735487577225769 -2.325744255817163 0.9531238836104279 1.7806207929365527 
Pedestrian 50 0 -9999.0 -9999.0 -9999.0 -9999.0 1.6682901068147347 0.7378107948553352 0.6318862957964667 -9.52428114570319 -2.0460860611831917 0.9516289068449434 1.774286363237355 
Pedestrian 37 0 -9999.0 -9999.0 -9999.0 -9999.0 1.7674898152527898 0.7851268766529278 0.7077031440696406 -14.449986713841858 3.7104366762929932 1.2855593945712216 -2.9494437149779227 
Pedestrian 38 0 -9999.0 -9999.0 -9999.0 -9999.0 1.768936684463284 0.7798122203956248 0.6543593384916504 -14.31003805206415 4.3621689788722815 1.282284290431913 -2.9495499583221463 
Pedestrian 48 0 -9999.0 -9999.0 -9999.0 -9999.0 1.8437648405814306 0.63 0.8639507388388924 -12.820869907927452 -1.4414379972530194 1.3350705146334332 0.18306874511463 
Pedestrian 23 0 -9999.0 -9999.0 -9999.0 -9999.0 1.733985410563253 0.6134757942819711 0.7222749871810963 16.90901790845909 -4.873609986898138 -1.3036970199880646 -2.0191023197871907 
