Car 2 0 -9999.0 -9999.0 -9999.0 -9999.0 1.7161032172723623 4.3042446659889535 2.497900330371051 29.825674685308172 0.7113533849335295 -1.2802558693736998 0.07281321653102601 
Pedestrian 26 0 -9999.0 -9999.0 -9999.0 -9999.0 1.8 0.880638232653005 0.7173897124333324 37.60636127165852 -3.3180770203180696 -2.1209041456185185 -2.954805073580406 
Pedestrian 25 0 -9999.0 -9999.0 -9999.0 -9999.0 1.8 0.880638232653005 0.7173897124333324 37.67021785958744 -2.6171387955961016 -2.109293747201627 -2.954805073580406 
Car 3 0 -9999.0 -9999.0 -9999.0 -9999.0 1.4301220212552401 4 1.8633935758759457 55.6045727572645 -0.2006487909303874 -3.2725096000465754 -3.0521482483721982 
Pedestrain_sitting 21 0 -9999.0 -9999.0 -9999.0 -9999.0 0.9170967942404316 0.6239191457374971 0.6351946031908755 11.778460266094557 5.243114859598067 0.35641739956435825 0.1286654573388839 
Pedestrian 999 0 -9999.0 -9999.0 -9999.0 -9999.0 1.7478363069824068 0.6324640994580073 0.6450381271264 20.78688016793748 5.827899692273809 0.05372870087621062 2.309933081580308 
Pedestrian 702 0 -9999.0 -9999.0 -9999.0 -9999.0 1.7242744269198185 0.63 0.6898739737048278 -27.58751997795952 3.606086797991795 3.5165751673990058 -3.00732011091074 
Pedestrian 703 0 -9999.0 -9999.0 -9999.0 -9999.0 1.7717383253829708 0.63 0.6566716672544799 -27.508412947275573 4.341224960744587 3.551427075332667 -3.00732011091074 
Pedestrian 1001 0 -9999.0 -9999.0 -9999.0 -9999.0 1.8190235843771385 0.6309324708718423 0.6213012349133786 32.34262719177989 2.8069110092190517 -1.4918779829804423 1.5959482666427203 
Pedestrian 888 0 -9999.0 -9999.0 -9999.0 -9999.0 1.5366259275535865 0.5877254913696837 0.6357928477663076 13.334118857995453 7.150051128005258 0.22199111458058185 -3.1055590004956812 
Pedestrian 223 0 -9999.0 -9999.0 -9999.0 -9999.0 1.7272234413230434 0.6942712320825266 0.6155335882708507 37.4831830688905 -7.030204843757997 -2.2748500848789917 0.6419837606342753 
Pedestrian 3 0 -9999.0 -9999.0 -9999.0 -9999.0 1.6413741868673242 0.9102319618606736 0.749658509723502 22.035295268122212 2.16012580417573 -0.7013971174848184 -2.862392415379766 
Pedestrian 5 0 -9999.0 -9999.0 -9999.0 -9999.0 1.6467102258502564 0.8504990806290904 0.946862823709426 0.5422541487836983 2.9505504650676087 1.1133561636071698 0.3193000727277733 
Pedestrian 4 0 -9999.0 -9999.0 -9999.0 -9999.0 1.7335733350919327 0.8234084053360446 0.7316008376188541 -0.23195448963254967 3.458165998297248 1.2017224964853528 0.07184209846453271 
Pedestrian 1 0 -9999.0 -9999.0 -9999.0 -9999.0 1.830187787627785 0.8467364901875526 1.030957247409183 2.3650168167718393 3.5809707031968703 0.9813933669563265 -2.642928868817034 
Pedestrian 2 0 -9999.0 -9999.0 -9999.0 -9999.0 1.6047004871739794 0.8225193905720728 0.8427564948210492 1.038097631302468 4.633821215654937 1.0774470856800378 0.44155869325671127 
Pedestrian 6 0 -9999.0 -9999.0 -9999.0 -9999.0 1.8 0.7815797515521649 0.729516349447393 25.61113323707981 -2.4744626944074737 -1.0747368862325506 -3.01678834511619 
Pedestrian 7 0 -9999.0 -9999.0 -9999.0 -9999.0 1.85 0.7446143281153959 0.7378356243838986 25.367403397625896 -3.192252608709588 -1.0704898157080196 -3.0167473323324607 
Pedestrian 9 0 -9999.0 -9999.0 -9999.0 -9999.0 1.7388951330758573 0.762844615165235 0.6125796005267553 19.06338503254562 2.5215264093735397 -0.4713128906229006 2.033883623517088 
Pedestrian 10 0 -9999.0 -9999.0 -9999.0 -9999.0 1.7238665634959034 0.765649395571576 0.6782236572752955 19.621263885126616 2.48344124178518 -0.5308784472660208 2.0533444741677833 
Car 1 0 -9999.0 -9999.0 -9999.0 -9999.0 1.9636838768401188 5.159477280173534 1.9749927503715075 8.795345523736547 -3.137509675487305 0.4161714477155928 0.0778977097245166 
Pedestrian 11 0 -9999.0 -9999.0 -9999.0 -9999.0 1.833843394516407 0.888361750840276 0.8547891083331658 46.467777920929684 -1.7224086149925355 -3.0420991511943596 -3.0700747027644315 
Pedestrian 44 0 -9999.0 -9999.0 -9999.0 -9999.0 1.773026559218124 1 0.9694486388550138 -14.0437591591661 2.1256329649962202 2.368330714710552 -2.904830153184177 
Pedestrian 43 0 -9999.0 -9999.0 -9999.0 -9999.0 1.6975355979754738 1 1.115836959245979 -14.105897328754866 1.1853097036382327 2.334610737401367 -2.8958019410566855 
Pedestrian 18 0 -9999.0 -9999.0 -9999.0 -9999.0 1.553791531556044 0.9350978240778415 0.7014189842208715 4.9845402862302555 -1.1882989405065907 0.5488372154212262 0.029685265347457523 
Pedestrian 17 0 -9999.0 -9999.0 -9999.0 -9999.0 1.6786936986616088 0.9385842718372612 0.8570610823441984 4.528713814795431 -0.5907317942109589 0.7178348362269622 -0.02170713351720366 
Pedestrian 19 0 -9999.0 -9999.0 -9999.0 -9999.0 1.88766995436284 0.8473523143195599 0.8020167022554571 24.171531780838666 1.345568136569667 -0.7979470565516141 0.00028506785950810354 
Pedestrian 20 0 -9999.0 -9999.0 -9999.0 -9999.0 1.8942850025152396 0.7837367986462382 0.6986151564054772 23.881321547646383 0.7678829139407334 -0.7631117987836009 0.00020955531436861463 
Pedestrian 8 0 -9999.0 -9999.0 -9999.0 -9999.0 1.7182020193881877 0.84040506779357 0.7617142683117479 23.330467249645412 -3.809545259345426 -1.0122137347874236 3.0748520483081805 
Pedestrian 36 0 -9999.0 -9999.0 -9999.0 -9999.0 1.85 0.8455221526426029 0.7795427445654814 -6.159742126244819 5.189135651685351 1.5105578434952738 -1.1350935606223231 
Pedestrian 1002 0 -9999.0 -9999.0 -9999.0 -9999.0 1.5480067025273518 0.5644233003512866 0.6213012349133786 32.131778515632426 -3.32525037680106 -1.8286403615139253 -3.043520129541184 
Pedestrian 16 0 -9999.0 -9999.0 -9999.0 -9999.0 1.5480067025273518 0.5644233003512866 0.6213012349133786 32.11047337973843 -4.109548696952959 -1.8189825535125144 -3.0435201295397007 
Pedestrian 34 0 -9999.0 -9999.0 -9999.0 -9999.0 1.8 0.742563890087286 0.7166973150341831 -7.1335311486725 5.104821071033974 1.4760930635993856 -1.2337242402116608 
Pedestrian 27 0 -9999.0 -9999.0 -9999.0 -9999.0 1.8 0.8271693526588353 0.8407252643496999 29.93316520241634 -0.22856312805177809 -1.280662178217223 1.6768956924024092 
Pedestrian 503 0 -9999.0 -9999.0 -9999.0 -9999.0 1.5098862519504819 0.7016892788347073 0.6244449312827264 24.038360109941323 5.250747683314015 -0.5107066397702453 2.395193348729382 
Pedestrian 28 0 -9999.0 -9999.0 -9999.0 -9999.0 1.9344750647178444 0.9180852004756592 0.7505107045290647 40.0953457607312 -0.9409052855982989 -2.8413260110898557 0.005317858512576379 
Pedestrian 29 0 -9999.0 -9999.0 -9999.0 -9999.0 1.914706511234499 0.9112747753301017 0.7505107045290647 40.105773073975115 -0.17817604759736777 -2.8520463616983256 0.005317858512576379 
Pedestrian 22 0 -9999.0 -9999.0 -9999.0 -9999.0 1.7272234413230434 0.8930338539667776 0.7589542967325148 27.298471927507762 -4.632782046788981 -1.461801867537464 -2.9938531068643073 
Pedestrian 777 0 -9999.0 -9999.0 -9999.0 -9999.0 1.5601539586488533 0.7742910735758141 0.7734620811052282 -13.855738123010976 3.2471521079388235 2.2271910685946477 0.16659549819735986 
Pedestrian 502 0 -9999.0 -9999.0 -9999.0 -9999.0 1.5580631857725595 0.6324640994580073 0.6231826615974934 23.590564179781108 5.866534760722634 -0.4473747838471973 2.3841047722055446 
Pedestrian 45 0 -9999.0 -9999.0 -9999.0 -9999.0 1.840803791853019 0.9047965827395252 0.7795427445654814 10.133659453111767 -1.9819142948812067 0.17919786827074172 -3.103411943375413 
Pedestrain_sitting 20 0 -9999.0 -9999.0 -9999.0 -9999.0 0.9288023059382893 0.630173997091732 0.7116151379014846 10.91397169450702 5.296467701442662 0.4202149987900279 -3.0335025952539123 
Pedestrian 30 0 -9999.0 -9999.0 -9999.0 -9999.0 1.6574581668813668 0.5844020196858356 0.6601390122619767 57.73487931919527 -3.2644482177371317 -4.244185770074133 0.18855668985210627 
Car 4 0 -9999.0 -9999.0 -9999.0 -9999.0 2.0589564776245735 4.5 2.044844764170049 -33.1550186152346 6.7403134342477395 4.172762568579684 0.15975626962034895 
Pedestrian 1005 0 -9999.0 -9999.0 -9999.0 -9999.0 1.7182020193881877 0.7271215203340413 0.7172417616036824 29.670533382289648 -4.958405054952763 -1.5121545008631454 1.5901481759552363 
Pedestrian 200 0 -9999.0 -9999.0 -9999.0 -9999.0 1.7521106512660325 0.9162872598483918 0.6944942567378337 -6.246463245022229 3.1705942788623838 1.8527255121860164 -3.0084068915532427 
Pedestrian 111 0 -9999.0 -9999.0 -9999.0 -9999.0 1.83889513307586 0.7017705575400481 0.6922125420881973 16.897049835185783 4.903464621143566 -0.00034915543391367265 0.2735519228471226 
Pedestrian 47 0 -9999.0 -9999.0 -9999.0 -9999.0 1.739259612086605 0.9765708634005151 0.6968829901888434 -12.936276559126146 2.2207601364839102 2.213337935600168 0.27071383662970483 
Pedestrian 24 0 -9999.0 -9999.0 -9999.0 -9999.0 1.5665724604937843 0.8256175940025915 0.7327379765104859 21.546429863897153 -5.108052578585397 -1.1074575999344123 3.131483008430541 
Pedestrian 46 0 -9999.0 -9999.0 -9999.0 -9999.0 1.739259612086605 0.8137808070594968 0.7631092640473314 -12.860784113093802 2.955489306903907 2.1589013398958996 0.2706986093152848 
Pedestrian 35 0 -9999.0 -9999.0 -9999.0 -9999.0 1.85 0.8455221526426029 0.8055941736449839 5.6885080800712124 3.521123413722696 0.7552862178685869 -3.081571300379906 
Pedestrian 31 0 -9999.0 -9999.0 -9999.0 -9999.0 1.6183186744299025 0.6340866970656824 0.5322695037304019 58.48480111553859 -2.2035930107775497 -4.1416926638122025 -3.0553355148965053 
Pedestrian 32 0 -9999.0 -9999.0 -9999.0 -9999.0 1.6264157795512513 0.6356555012147109 0.5322695037304019 58.43237789145916 -1.610746128578211 -4.620912348538638 -3.056922019186569 
Pedestrian 33 0 -9999.0 -9999.0 -9999.0 -9999.0 1.85 1.011633098401595 1.1292297078013385 41.98284016095141 -5.980842825729139 -2.680414657735179 2.750518124358825 
Pedestrian 39 0 -9999.0 -9999.0 -9999.0 -9999.0 1.6992181517554945 0.7236988029930532 0.6130136573276566 -6.288848722959382 2.509859597233497 1.7504411395401052 -3.006378724271258 
Pedestrian 49 0 -9999.0 -9999.0 -9999.0 -9999.0 1.8880449392725787 0.7266739568839767 0.719062337692116 -13.037358956698368 -2.1080830954493948 1.9185972152571864 1.1335962847118743 
Pedestrian 51 0 -9999.0 -9999.0 -9999.0 -9999.0 1.7084772160642387 0.6876926218915868 0.6022575416759411 -8.533733418307401 -2.7596950841376033 1.7095806747511595 1.7806207929365527 
Pedestrian 50 0 -9999.0 -9999.0 -9999.0 -9999.0 1.6682901068147347 0.7378107948553352 0.6318862957964667 -9.192332513578922 -2.2337285233812887 1.7712527948566636 1.774286363237355 
Pedestrian 37 0 -9999.0 -9999.0 -9999.0 -9999.0 1.7674898152527898 0.7851268766529278 0.7077031440696406 -1.5390558416857685 1.6311480749671106 1.1848217977760112 -2.943825314600053 
Pedestrian 38 0 -9999.0 -9999.0 -9999.0 -9999.0 1.768936684463284 0.7798122203956248 0.6543593384916504 -1.5589811308277157 2.334866538691542 1.2156849287009919 -2.950603000377434 
Pedestrian 48 0 -9999.0 -9999.0 -9999.0 -9999.0 1.8437648405814306 0.63 0.8639507388388924 -12.582768371808458 -1.5264745917799205 1.8875973616709814 0.18320509603544988 
Pedestrain_sitting 557 0 -9999.0 -9999.0 -9999.0 -9999.0 1.3003415906177906 0.5495013160563614 0.4849281347249202 22.60593852099185 -8.828295593575188 -0.9908586422754289 -0.004784648860693963 
Pedestrain_sitting 556 0 -9999.0 -9999.0 -9999.0 -9999.0 1.3003415906177906 0.5495013160563614 0.4849281347249202 21.227387657936603 -8.711452098984395 -0.9968055338116384 3.1368080825650217 
Pedestrain_sitting 555 0 -9999.0 -9999.0 -9999.0 -9999.0 1.3003415906177906 0.5495013160563614 0.4849281347249202 21.207743005219665 -7.974530054581543 -0.9969711854631883 3.1368080825650217 
Pedestrian 23 0 -9999.0 -9999.0 -9999.0 -9999.0 1.733985410563253 0.6134757942819711 0.7222749871810963 17.219179366041658 -4.874156822315214 -0.5737381919202156 -2.0191023197871907 
