Car 2 0 -9999.0 -9999.0 -9999.0 -9999.0 1.7161032172723623 4.3042446659889535 2.497900330371051 29.647682442852954 1.4867668866769228 -2.053166992542099 0.07281321653102601 
Pedestrian 26 0 -9999.0 -9999.0 -9999.0 -9999.0 1.8 0.880638232653005 0.7173897124333324 27.239670230802865 -3.978370975646349 -1.9315117571117046 -2.954805073580406 
Pedestrian 25 0 -9999.0 -9999.0 -9999.0 -9999.0 1.8 0.880638232653005 0.7173897124333324 27.160274560528734 -3.2070114481828096 -1.9404510989576693 -2.954805073580406 
Car 3 0 -9999.0 -9999.0 -9999.0 -9999.0 1.4301220212552401 4 1.8633935758759457 55.44025166497823 -0.18591186764562617 -3.5002895369132525 -3.0521482483721982 
Pedestrian 42 0 -9999.0 -9999.0 -9999.0 -9999.0 1.9110630666244788 0.6648425352273584 0.7730646177530336 -27.191253174232674 0.2020398904901401 2.7774907973361906 1.3603229583965568 
Pedestrian 41 0 -9999.0 -9999.0 -9999.0 -9999.0 1.7717383253829708 0.6171990397476583 0.6601212154854279 -26.749942130570535 0.5964830414823369 2.7084351539953575 1.3494418028180615 
Pedestrain_sitting 21 0 -9999.0 -9999.0 -9999.0 -9999.0 0.9170967942404316 0.6239191457374971 0.6351946031908755 11.711501832174445 5.242549718940747 -0.8185918404642076 0.12986007108439956 
Pedestrian 702 0 -9999.0 -9999.0 -9999.0 -9999.0 1.7242744269198185 0.63 0.6898739737048278 -40.81783915850048 5.849542956034582 3.5641663205879723 -3.00732011091074 
Pedestrian 1001 0 -9999.0 -9999.0 -9999.0 -9999.0 1.8190235843771385 0.6309324708718423 0.6213012349133786 32.216168724692615 2.623896589769402 -2.1814495502249134 1.5959482710250938 
Pedestrian 765 0 -9999.0 -9999.0 -9999.0 -9999.0 1.765427731387784 0.6045377694180526 0.7280996093110779 29.48855932544708 2.4738383979820235 -2.051819429538043 -1.6625116992586388 
Pedestrian 888 0 -9999.0 -9999.0 -9999.0 -9999.0 1.5366259275535865 0.5877254913696837 0.6357928477663076 12.177704858927813 8.455199557977565 -0.3249931125432491 -3.1062051549878795 
Pedestrian 223 0 -9999.0 -9999.0 -9999.0 -9999.0 1.7272234413230434 0.6942712320825266 0.6155335882708507 37.215523734616724 -6.999768392196518 -2.7654088316953196 0.6419837501979018 
Pedestrian 3 0 -9999.0 -9999.0 -9999.0 -9999.0 1.6413741868673242 0.9102319618606736 0.749658509723502 10.95575389958845 2.8504043833723123 -0.817931240151765 -2.86591423304586 
Pedestrian 5 0 -9999.0 -9999.0 -9999.0 -9999.0 1.6467102258502564 0.8504990806290904 0.946862823709426 5.135999402851033 3.0223000548322805 -0.20079580702134514 -0.05033916519043302 
Pedestrian 4 0 -9999.0 -9999.0 -9999.0 -9999.0 1.7335733350919327 0.8234084053360446 0.7316008376188541 4.078295700528123 3.110944527294694 -0.09792066841891528 -0.10690595454070717 
Pedestrian 1 0 -9999.0 -9999.0 -9999.0 -9999.0 1.830187787627785 0.8467364901875526 1.030957247409183 2.148128933137442 3.604007058251237 0.13127674507484421 -3.0639026834201886 
Pedestrian 2 0 -9999.0 -9999.0 -9999.0 -9999.0 1.6047004871739794 0.8225193905720728 0.8427564948210492 2.861423383551083 3.8656844904527596 -0.06834814365802562 0.4440699226938323 
Pedestrian 6 0 -9999.0 -9999.0 -9999.0 -9999.0 1.8 0.7815797515521649 0.729516349447393 14.972799310739987 -0.8409855337891168 -0.9245815369780771 -3.0167461106019857 
Pedestrian 7 0 -9999.0 -9999.0 -9999.0 -9999.0 1.85 0.7446143281153959 0.7378356243838986 14.822269856876897 -1.4426803298679114 -0.8927461213519192 -3.0167473323324607 
Pedestrian 9 0 -9999.0 -9999.0 -9999.0 -9999.0 1.7388951330758573 0.762844615165235 0.6125796005267553 16.23476147360624 1.9894765267042287 -1.1301615623377925 -3.126057495591036 
Pedestrian 10 0 -9999.0 -9999.0 -9999.0 -9999.0 1.7238665634959034 0.765649395571576 0.6782236572752955 16.549025468920988 1.4779386665025558 -1.1627273976661696 -3.1268347226871285 
Car 1 0 -9999.0 -9999.0 -9999.0 -9999.0 1.9636838768401188 5.159477280173534 1.9749927503715075 8.421332689958898 -3.0853413547221633 -0.2340315555613261 0.07789771013413027 
Pedestrian 11 0 -9999.0 -9999.0 -9999.0 -9999.0 1.833843394516407 0.888361750840276 0.8547891083331658 31.445688091961028 -1.1835647713061475 -2.3306669815035645 -3.0700747598596863 
Pedestrian 44 0 -9999.0 -9999.0 -9999.0 -9999.0 1.773026559218124 1 0.9694486388550138 -27.964000790143793 3.3540678279967517 2.9301000191471833 -3.044545406255775 
Pedestrian 43 0 -9999.0 -9999.0 -9999.0 -9999.0 1.6975355979754738 1 1.115836959245979 -28.049693983329647 2.386394072529389 2.817318749780695 -3.044545411593152 
Pedestrian 18 0 -9999.0 -9999.0 -9999.0 -9999.0 1.553791531556044 0.9350978240778415 0.7014189842208715 12.839487896279287 -3.235794445174426 -0.885743929221427 0.3602367670929567 
Pedestrian 17 0 -9999.0 -9999.0 -9999.0 -9999.0 1.6786936986616088 0.9385842718372612 0.8570610823441984 13.201916100714964 -2.8172373909526627 -0.8431001162866183 0.35878697276019444 
Pedestrian 19 0 -9999.0 -9999.0 -9999.0 -9999.0 1.88766995436284 0.8473523143195599 0.8020167022554571 31.42294990541193 -0.17069303593036392 -2.1233456841746228 -0.013358699882886071 
Pedestrian 20 0 -9999.0 -9999.0 -9999.0 -9999.0 1.8942850025152396 0.7837367986462382 0.6986151564054772 30.91070914336078 -0.7354232879944255 -2.0962452862615986 -0.016146428963326187 
Pedestrian 8 0 -9999.0 -9999.0 -9999.0 -9999.0 1.7182020193881877 0.84040506779357 0.7617142683117479 14.848503613279346 -2.5841200501194113 -0.9822886859583165 -3.0534916881199266 
Pedestrian 36 0 -9999.0 -9999.0 -9999.0 -9999.0 1.85 0.8455221526426029 0.7795427445654814 -6.025759131372832 5.125804383513136 0.7606954683167375 -1.1350935540575087 
Pedestrian 1002 0 -9999.0 -9999.0 -9999.0 -9999.0 1.5480067025273518 0.5644233003512866 0.6213012349133786 20.46759799265551 -2.2792538354458802 -1.499342929478323 -3.043520129541184 
Pedestrian 16 0 -9999.0 -9999.0 -9999.0 -9999.0 1.5480067025273518 0.5644233003512866 0.6213012349133786 20.159894323508766 -3.008131072719633 -1.5616699737961603 -3.0435201594592787 
Pedestrian 34 0 -9999.0 -9999.0 -9999.0 -9999.0 1.8 0.742563890087286 0.7166973150341831 -6.839867571580803 5.394585013754417 0.7320499314246459 -1.279908145190472 
Pedestrian 503 0 -9999.0 -9999.0 -9999.0 -9999.0 1.5098862519504819 0.7016892788347073 0.6244449312827264 23.237353633814326 5.161338481774566 -1.662937250053461 2.395193348729382 
Pedestrian 14 0 -9999.0 -9999.0 -9999.0 -9999.0 1.5350666013118595 0.6767124353147551 0.6338965826401189 22.537388308835705 -0.6027727225051644 -1.7054403235370559 2.733041302567921 
Pedestrian 15 0 -9999.0 -9999.0 -9999.0 -9999.0 1.4995242359067946 0.6433493585685015 0.616020103352135 22.615683085810545 -1.233930704378356 -1.6800703906964134 2.748104497862238 
Pedestrian 22 0 -9999.0 -9999.0 -9999.0 -9999.0 1.7272234413230434 0.8930338539667776 0.7589542967325148 21.160759938166066 -3.824467533887735 -1.5652734479913584 -3.015754986592576 
Pedestrian 777 0 -9999.0 -9999.0 -9999.0 -9999.0 1.5601539586488533 0.7742910735758141 0.7734620811052282 -7.682952740880389 -0.20872301126073098 0.9294046743518626 0.7898138930886525 
Pedestrian 502 0 -9999.0 -9999.0 -9999.0 -9999.0 1.5580631857725595 0.6324640994580073 0.6231826615974934 22.505887969283858 5.301818505789216 -1.4495454079421355 2.384830980160446 
Pedestrian 45 0 -9999.0 -9999.0 -9999.0 -9999.0 1.840803791853019 0.9047965827395252 0.7795427445654814 0.5030983402197552 -2.3485166352315954 0.3413947247345517 3.1354613119275374 
Pedestrain_sitting 20 0 -9999.0 -9999.0 -9999.0 -9999.0 0.9288023059382893 0.630173997091732 0.7116151379014846 10.920330408951937 5.334117493594348 -0.6983151315441694 -3.0334519347437876 
Car 4 0 -9999.0 -9999.0 -9999.0 -9999.0 2.0589564776245735 4.5 2.044844764170049 -33.46945464145189 6.813447536608212 3.4729124304413497 0.15975626962034895 
Pedestrian 52 0 -9999.0 -9999.0 -9999.0 -9999.0 1.85 0.8063422351422711 0.648255271894977 -2.0999955658899365 -10.451496488081418 0.836901732355559 3.0157783739316972 
Pedestrian 200 0 -9999.0 -9999.0 -9999.0 -9999.0 1.7521106512660325 0.9162872598483918 0.6944942567378337 -17.35313877556474 3.956924328484998 1.856080930859361 -3.0355564073999055 
Pedestrian 47 0 -9999.0 -9999.0 -9999.0 -9999.0 1.739259612086605 0.9765708634005151 0.6968829901888434 -8.387709453050078 -1.1298047265707878 1.0193605862498252 0.1294308435509537 
Pedestrian 24 0 -9999.0 -9999.0 -9999.0 -9999.0 1.5665724604937843 0.8256175940025915 0.7327379765104859 17.635366883045915 -4.777748616695797 -1.330802493442647 -1.6969135914256999 
Pedestrian 46 0 -9999.0 -9999.0 -9999.0 -9999.0 1.739259612086605 0.8137808070594968 0.7631092640473314 -8.300512344757564 -0.4622000019716264 1.0205429718477816 0.12942476462239583 
Pedestrian 35 0 -9999.0 -9999.0 -9999.0 -9999.0 1.85 0.8455221526426029 0.8055941736449839 -4.72410264870279 4.132024417349192 0.7081924644735621 3.081187331777045 
Pedestrian 39 0 -9999.0 -9999.0 -9999.0 -9999.0 1.6992181517554945 0.7236988029930532 0.6130136573276566 -17.321299620369764 3.3141563892755697 1.893160012955954 -3.03556192936043 
Pedestrian 49 0 -9999.0 -9999.0 -9999.0 -9999.0 1.8880449392725787 0.7266739568839767 0.719062337692116 -13.363471760050501 -1.896159451849157 1.5110614965469518 1.1340951151416565 
Pedestrian 51 0 -9999.0 -9999.0 -9999.0 -9999.0 1.7084772160642387 0.6876926218915868 0.6022575416759411 -8.695564042791403 -2.3616212667152845 1.1525159342805626 1.7806207929365527 
Pedestrian 50 0 -9999.0 -9999.0 -9999.0 -9999.0 1.6682901068147347 0.7378107948553352 0.6318862957964667 -9.295163702957835 -2.101332348027077 1.142552610318947 1.774286363237355 
Pedestrian 37 0 -9999.0 -9999.0 -9999.0 -9999.0 1.7674898152527898 0.7851268766529278 0.7077031440696406 -12.719493889295881 3.2944025621759048 1.387321312728404 -2.9493592972483356 
Pedestrian 38 0 -9999.0 -9999.0 -9999.0 -9999.0 1.768936684463284 0.7798122203956248 0.6543593384916504 -12.610653915450722 4.008787237492968 1.4088206447338736 -2.9501617415532735 
Pedestrian 48 0 -9999.0 -9999.0 -9999.0 -9999.0 1.8437648405814306 0.63 0.8639507388388924 -12.805628773539647 -1.543880867904616 1.4673827778021735 0.18306902971554173 
Pedestrian 23 0 -9999.0 -9999.0 -9999.0 -9999.0 1.733985410563253 0.6134757942819711 0.7222749871810963 16.931249782879753 -4.852334953474472 -1.215495617710927 -2.0191023197871907 
