Car 2 0 -9999.0 -9999.0 -9999.0 -9999.0 1.7161032172723623 4.3042446659889535 2.497900330371051 29.818792813836925 0.6906826635390723 -1.358836529696376 0.07281321653102601 
Pedestrian 26 0 -9999.0 -9999.0 -9999.0 -9999.0 1.8 0.880638232653005 0.7173897124333324 36.927201384541966 -3.352509209641334 -2.141110610082569 -2.954805073580406 
Pedestrian 25 0 -9999.0 -9999.0 -9999.0 -9999.0 1.8 0.880638232653005 0.7173897124333324 36.97398716985689 -2.6768178718667524 -2.1260901255778424 -2.954805073580406 
Car 3 0 -9999.0 -9999.0 -9999.0 -9999.0 1.4301220212552401 4 1.8633935758759457 55.59490111914588 -0.19978140265412322 -3.2859163093704034 -3.0521482483721982 
Pedestrain_sitting 21 0 -9999.0 -9999.0 -9999.0 -9999.0 0.9170967942404316 0.6239191457374971 0.6351946031908755 11.774519215479238 5.2430815964554744 0.2872585107237855 0.12873577011296167 
Pedestrian 999 0 -9999.0 -9999.0 -9999.0 -9999.0 1.7478363069824068 0.6324640994580073 0.6450381271264 20.91603483070286 6.059285174937688 -0.21301802098108158 2.308899002190401 
Pedestrian 702 0 -9999.0 -9999.0 -9999.0 -9999.0 1.7242744269198185 0.63 0.6898739737048278 -28.587714213799522 3.73265945423843 3.5316912001879346 -3.00732011091074 
Pedestrian 703 0 -9999.0 -9999.0 -9999.0 -9999.0 1.7717383253829708 0.63 0.6566716672544799 -28.492374902252596 4.49535560679939 3.597086686336969 -3.00732011091074 
Pedestrian 1001 0 -9999.0 -9999.0 -9999.0 -9999.0 1.8190235843771385 0.6309324708718423 0.6213012349133786 32.30298942669642 2.8353699067796776 -1.48221516099023 1.5959482666442728 
Pedestrian 888 0 -9999.0 -9999.0 -9999.0 -9999.0 1.5366259275535865 0.5877254913696837 0.6357928477663076 13.22915092153655 7.222855102294422 0.3188519495875914 2.9030328379388237 
Pedestrian 223 0 -9999.0 -9999.0 -9999.0 -9999.0 1.7272234413230434 0.6942712320825266 0.6155335882708507 37.559565213473796 -6.934337426808906 -2.305339158983219 0.6419837606293735 
Pedestrian 3 0 -9999.0 -9999.0 -9999.0 -9999.0 1.6413741868673242 0.9102319618606736 0.749658509723502 21.385868710774133 2.0629373325392466 -0.7129524544183052 -2.8593283918175345 
Pedestrian 5 0 -9999.0 -9999.0 -9999.0 -9999.0 1.6467102258502564 0.8504990806290904 0.946862823709426 1.04406571404033 2.8920171216930304 0.9849180800609716 0.3193501609061684 
Pedestrian 4 0 -9999.0 -9999.0 -9999.0 -9999.0 1.7335733350919327 0.8234084053360446 0.7316008376188541 0.16099995599512607 3.1432648353572197 1.0617806306656359 0.07151788528662983 
Pedestrian 1 0 -9999.0 -9999.0 -9999.0 -9999.0 1.830187787627785 0.8467364901875526 1.030957247409183 2.376312204763032 3.6539194349305997 0.8771822822814762 -2.778616005453756 
Pedestrian 2 0 -9999.0 -9999.0 -9999.0 -9999.0 1.6047004871739794 0.8225193905720728 0.8427564948210492 1.3771732888518402 4.531491147224703 0.9611408312967462 0.44131600159171924 
Pedestrian 6 0 -9999.0 -9999.0 -9999.0 -9999.0 1.8 0.7815797515521649 0.729516349447393 25.008208258300492 -2.408755592638264 -1.2278988236452997 -3.0167883565545957 
Pedestrian 7 0 -9999.0 -9999.0 -9999.0 -9999.0 1.85 0.7446143281153959 0.7378356243838986 24.744134872230635 -3.126261488181259 -1.1724316610885983 -3.0167473323324607 
Pedestrian 9 0 -9999.0 -9999.0 -9999.0 -9999.0 1.7388951330758573 0.762844615165235 0.6125796005267553 19.04967658225666 2.5168679527289 -0.5128403466739041 2.033690800148829 
Pedestrian 10 0 -9999.0 -9999.0 -9999.0 -9999.0 1.7238665634959034 0.765649395571576 0.6782236572752955 19.596963124111717 2.4679152160854283 -0.5815466150756287 2.045926818214248 
Car 1 0 -9999.0 -9999.0 -9999.0 -9999.0 1.9636838768401188 5.159477280173534 1.9749927503715075 8.776882946285356 -3.1368082091970293 0.3345451649406932 0.07789770973325005 
Pedestrian 11 0 -9999.0 -9999.0 -9999.0 -9999.0 1.833843394516407 0.888361750840276 0.8547891083331658 45.65847689725698 -1.6374805847713059 -2.9773093977750884 -3.0700747090161062 
Pedestrian 44 0 -9999.0 -9999.0 -9999.0 -9999.0 1.773026559218124 1 0.9694486388550138 -14.853421095789038 2.470522703600764 2.329459555474813 -2.9721125953728453 
Pedestrian 43 0 -9999.0 -9999.0 -9999.0 -9999.0 1.6975355979754738 1 1.115836959245979 -14.849062766215143 1.4475773012550204 2.295575133651099 -2.9657274607498714 
Pedestrian 18 0 -9999.0 -9999.0 -9999.0 -9999.0 1.553791531556044 0.9350978240778415 0.7014189842208715 5.2883608234543935 -1.2027189222649388 0.4929253819504569 0.004845795118617602 
Pedestrian 17 0 -9999.0 -9999.0 -9999.0 -9999.0 1.6786936986616088 0.9385842718372612 0.8570610823441984 5.083361284103754 -0.5087629795953316 0.5710605109723303 -0.037312262210246416 
Pedestrian 19 0 -9999.0 -9999.0 -9999.0 -9999.0 1.88766995436284 0.8473523143195599 0.8020167022554571 24.655041801900097 1.2840486081635951 -0.9158542829319182 0.08235838482758329 
Pedestrian 20 0 -9999.0 -9999.0 -9999.0 -9999.0 1.8942850025152396 0.7837367986462382 0.6986151564054772 24.323362617979996 0.6654056386511784 -0.8798405579207802 0.08235842221018341 
Pedestrian 8 0 -9999.0 -9999.0 -9999.0 -9999.0 1.7182020193881877 0.84040506779357 0.7617142683117479 22.771719373388997 -3.770391436715838 -1.0054719191895716 3.057402601534479 
Pedestrian 36 0 -9999.0 -9999.0 -9999.0 -9999.0 1.85 0.8455221526426029 0.7795427445654814 -6.20158890706382 5.244861761957009 1.451030677485476 -1.135093561264755 
Pedestrian 1002 0 -9999.0 -9999.0 -9999.0 -9999.0 1.5480067025273518 0.5644233003512866 0.6213012349133786 31.501178902438625 -3.3699597713050364 -1.851138353633541 -3.043520129541184 
Pedestrian 16 0 -9999.0 -9999.0 -9999.0 -9999.0 1.5480067025273518 0.5644233003512866 0.6213012349133786 31.457069255012915 -4.119251970864124 -1.781940828340108 -3.0435201296424115 
Pedestrian 34 0 -9999.0 -9999.0 -9999.0 -9999.0 1.8 0.742563890087286 0.7166973150341831 -7.140223129688205 5.034579997811675 1.4553020025680996 -1.2337196666267545 
Pedestrian 27 0 -9999.0 -9999.0 -9999.0 -9999.0 1.8 0.8271693526588353 0.8407252643496999 29.869185272967986 -0.23994502548394178 -1.3642658402478232 1.5628601357848657 
Pedestrian 503 0 -9999.0 -9999.0 -9999.0 -9999.0 1.5098862519504819 0.7016892788347073 0.6244449312827264 24.042252393807594 5.267074810342333 -0.6743458297591195 2.395193348729382 
Pedestrian 28 0 -9999.0 -9999.0 -9999.0 -9999.0 1.9344750647178444 0.9180852004756592 0.7505107045290647 40.83805310208736 -0.7322271899978843 -2.775107993361064 0.005317858512576379 
Pedestrian 29 0 -9999.0 -9999.0 -9999.0 -9999.0 1.914706511234499 0.9112747753301017 0.7505107045290647 40.84139302066637 0.011837409788841352 -2.7771393412371888 0.005317858512576379 
Pedestrian 22 0 -9999.0 -9999.0 -9999.0 -9999.0 1.7272234413230434 0.8930338539667776 0.7589542967325148 26.998813528866986 -4.532219417671885 -1.503869908775688 -3.0287641050546306 
Pedestrian 777 0 -9999.0 -9999.0 -9999.0 -9999.0 1.5601539586488533 0.7742910735758141 0.7734620811052282 -13.153900062937309 3.2210267698497788 2.233692255111976 0.2771258845605038 
Pedestrian 502 0 -9999.0 -9999.0 -9999.0 -9999.0 1.5580631857725595 0.6324640994580073 0.6231826615974934 23.661520125009687 5.797138340851991 -0.5867106606796234 2.3851167114564777 
Pedestrian 45 0 -9999.0 -9999.0 -9999.0 -9999.0 1.840803791853019 0.9047965827395252 0.7795427445654814 9.520163277063448 -1.9270210361404063 0.19044316971783312 -3.1038487220306035 
Pedestrain_sitting 20 0 -9999.0 -9999.0 -9999.0 -9999.0 0.9288023059382893 0.630173997091732 0.7116151379014846 10.913001438486914 5.293992285878587 0.3547904710394957 -3.0334996134692 
Pedestrian 30 0 -9999.0 -9999.0 -9999.0 -9999.0 1.6574581668813668 0.5844020196858356 0.6601390122619767 58.57949549042747 -3.2995111135559783 -4.5680404130441845 0.1885505766951585 
Car 4 0 -9999.0 -9999.0 -9999.0 -9999.0 2.0589564776245735 4.5 2.044844764170049 -33.15267126108033 6.734378295716374 4.114736424464472 0.15975626962034895 
Pedestrian 200 0 -9999.0 -9999.0 -9999.0 -9999.0 1.7521106512660325 0.9162872598483918 0.6944942567378337 -6.873588768379777 3.2222499343974227 1.892405019539925 -2.984695788208608 
Pedestrian 111 0 -9999.0 -9999.0 -9999.0 -9999.0 1.83889513307586 0.7017705575400481 0.6922125420881973 17.054345091297623 5.042481130525516 -0.14301830846684357 0.27355192064603706 
Pedestrian 47 0 -9999.0 -9999.0 -9999.0 -9999.0 1.739259612086605 0.9765708634005151 0.6968829901888434 -12.348440974114315 2.351228807582226 2.0516208690498416 0.27071477754294104 
Pedestrian 24 0 -9999.0 -9999.0 -9999.0 -9999.0 1.5665724604937843 0.8256175940025915 0.7327379765104859 21.10449822990996 -5.107281704688909 -1.04077363515222 3.131483008430541 
Pedestrian 46 0 -9999.0 -9999.0 -9999.0 -9999.0 1.739259612086605 0.8137808070594968 0.7631092640473314 -12.225552838127035 3.0534392667896153 2.044693549093938 0.2706869977840274 
Pedestrian 35 0 -9999.0 -9999.0 -9999.0 -9999.0 1.85 0.8455221526426029 0.8055941736449839 5.275725498740275 3.8051138048957327 0.7012913148052876 -3.0816665868663513 
Pedestrian 31 0 -9999.0 -9999.0 -9999.0 -9999.0 1.6183186744299025 0.6340866970656824 0.5322695037304019 59.316620466358685 -1.8949669642655138 -4.298698460815045 -3.0553355148965053 
Pedestrian 32 0 -9999.0 -9999.0 -9999.0 -9999.0 1.6264157795512513 0.6356555012147109 0.5322695037304019 59.504892323036366 -1.2145805034508823 -4.76081011059812 -3.056922019186569 
Pedestrian 39 0 -9999.0 -9999.0 -9999.0 -9999.0 1.6992181517554945 0.7236988029930532 0.6130136573276566 -6.9443572275865435 2.561659645830786 1.747786394141937 -2.984251612868759 
Pedestrian 49 0 -9999.0 -9999.0 -9999.0 -9999.0 1.8880449392725787 0.7266739568839767 0.719062337692116 -13.118104395859225 -1.9641124329999635 1.8586106596775633 1.1335962657109455 
Pedestrian 51 0 -9999.0 -9999.0 -9999.0 -9999.0 1.7084772160642387 0.6876926218915868 0.6022575416759411 -8.598182253358953 -2.600095073925921 1.7003786264425782 1.7806207929365527 
Pedestrian 50 0 -9999.0 -9999.0 -9999.0 -9999.0 1.6682901068147347 0.7378107948553352 0.6318862957964667 -9.142757065848615 -1.9224941602055126 1.6876402673611546 1.774286363237355 
Pedestrian 37 0 -9999.0 -9999.0 -9999.0 -9999.0 1.7674898152527898 0.7851268766529278 0.7077031440696406 -2.206862062166335 1.9282190988533503 1.315717515812633 -2.9493659918109287 
Pedestrian 38 0 -9999.0 -9999.0 -9999.0 -9999.0 1.768936684463284 0.7798122203956248 0.6543593384916504 -2.0395717019814965 2.6042808873374317 1.30931165080293 -2.9490352463169778 
Pedestrian 48 0 -9999.0 -9999.0 -9999.0 -9999.0 1.8437648405814306 0.63 0.8639507388388924 -12.569631791673899 -1.4770726436324066 1.8360168189651986 0.18321225047476286 
Pedestrain_sitting 557 0 -9999.0 -9999.0 -9999.0 -9999.0 1.3003415906177906 0.5495013160563614 0.4849281347249202 22.62690693465969 -8.828761899515904 -1.0360584727598676 -0.004784658595141877 
Pedestrain_sitting 556 0 -9999.0 -9999.0 -9999.0 -9999.0 1.3003415906177906 0.5495013160563614 0.4849281347249202 21.23456839687181 -8.70533787099558 -1.0431379466970616 3.1368080825650217 
Pedestrain_sitting 555 0 -9999.0 -9999.0 -9999.0 -9999.0 1.3003415906177906 0.5495013160563614 0.4849281347249202 21.215002703035676 -7.97080907392987 -1.0438864620072208 3.1368080825650217 
Pedestrian 23 0 -9999.0 -9999.0 -9999.0 -9999.0 1.733985410563253 0.6134757942819711 0.7222749871810963 17.22302618227048 -4.8686793718587245 -0.6303787801903 -2.0191023197871907 
