Car 2 0 -9999.0 -9999.0 -9999.0 -9999.0 1.7161032172723623 4.3042446659889535 2.497900330371051 29.719684007633216 1.3013635099260108 -2.0469770841075157 0.07281321653102601 
Pedestrian 26 0 -9999.0 -9999.0 -9999.0 -9999.0 1.8 0.880638232653005 0.7173897124333324 31.994296534512824 -3.792511685449963 -2.0934616021377095 -2.954805073580406 
Pedestrian 25 0 -9999.0 -9999.0 -9999.0 -9999.0 1.8 0.880638232653005 0.7173897124333324 32.0036843808794 -3.0520098367607384 -2.089742728481107 -2.954805073580406 
Car 3 0 -9999.0 -9999.0 -9999.0 -9999.0 1.4301220212552401 4 1.8633935758759457 55.517568617121675 -0.1928459378644663 -3.3931137006713867 -3.0521482483721982 
Pedestrian 42 0 -9999.0 -9999.0 -9999.0 -9999.0 1.9110630666244788 0.6648425352273584 0.7730646177530336 -26.22311644413232 0.8166394424664409 3.2003372416199496 3.111320031063501 
Pedestrian 41 0 -9999.0 -9999.0 -9999.0 -9999.0 1.7717383253829708 0.6171990397476583 0.6601212154854279 -26.26826919655732 0.11921333700065077 3.1196059585403204 3.130002529335215 
Pedestrain_sitting 21 0 -9999.0 -9999.0 -9999.0 -9999.0 0.9170967942404316 0.6239191457374971 0.6351946031908755 11.743007355652722 5.242815630958178 -0.2657222610609479 0.12929797712246938 
Pedestrian 702 0 -9999.0 -9999.0 -9999.0 -9999.0 1.7242744269198185 0.63 0.6898739737048278 -34.56698899943582 4.647934632051223 3.8785858703626714 -3.00732011091074 
Pedestrian 703 0 -9999.0 -9999.0 -9999.0 -9999.0 1.7717383253829708 0.63 0.6566716672544799 -34.40829444479994 5.3723736248756415 3.9128797497273555 -3.00732011091074 
Pedestrian 1001 0 -9999.0 -9999.0 -9999.0 -9999.0 1.8190235843771385 0.6309324708718423 0.6213012349133786 32.21737153282235 2.9916244451062775 -1.9002985847070502 1.5959482667207654 
Pedestrian 765 0 -9999.0 -9999.0 -9999.0 -9999.0 1.765427731387784 0.6045377694180526 0.7280996093110779 29.280696807466963 2.359179036483907 -1.799985599760598 -1.5984016397727707 
Pedestrian 888 0 -9999.0 -9999.0 -9999.0 -9999.0 1.5366259275535865 0.5877254913696837 0.6357928477663076 13.629536848176246 7.931267300844949 -0.24775416563458807 -3.095987848984695 
Pedestrian 223 0 -9999.0 -9999.0 -9999.0 -9999.0 1.7272234413230434 0.6942712320825266 0.6155335882708507 37.475137263195215 -6.907383314992126 -2.6761075237790912 0.6419837613536155 
Pedestrian 3 0 -9999.0 -9999.0 -9999.0 -9999.0 1.6413741868673242 0.9102319618606736 0.749658509723502 16.087320225103134 1.9451423506733323 -0.7118906437946224 -2.86591423304586 
Pedestrian 5 0 -9999.0 -9999.0 -9999.0 -9999.0 1.6467102258502564 0.8504990806290904 0.946862823709426 3.5712378432876015 2.519100176915923 0.35462549988439107 0.31934341683617795 
Pedestrian 4 0 -9999.0 -9999.0 -9999.0 -9999.0 1.7335733350919327 0.8234084053360446 0.7316008376188541 2.1590949283275434 2.5859414249235404 0.47414377304390654 0.05975062286246846 
Pedestrian 1 0 -9999.0 -9999.0 -9999.0 -9999.0 1.830187787627785 0.8467364901875526 1.030957247409183 2.2332542631635373 3.656696314170145 0.5029528065935961 -3.041619839079921 
Pedestrian 2 0 -9999.0 -9999.0 -9999.0 -9999.0 1.6047004871739794 0.8225193905720728 0.8427564948210492 2.8892325907326857 3.7979052762552747 0.36885047741437044 0.4435217819634101 
Pedestrian 6 0 -9999.0 -9999.0 -9999.0 -9999.0 1.8 0.7815797515521649 0.729516349447393 20.10256639128411 -1.6973545851482164 -0.9356791554616922 -3.016799859889762 
Pedestrian 7 0 -9999.0 -9999.0 -9999.0 -9999.0 1.85 0.7446143281153959 0.7378356243838986 19.63062092947817 -2.33349445064727 -0.9257541212049181 -3.0167473323324607 
Pedestrian 9 0 -9999.0 -9999.0 -9999.0 -9999.0 1.7388951330758573 0.762844615165235 0.6125796005267553 18.60512260225266 2.459045789301518 -0.9403012736553771 2.069370965965444 
Pedestrian 10 0 -9999.0 -9999.0 -9999.0 -9999.0 1.7238665634959034 0.765649395571576 0.6782236572752955 19.154656127827547 2.1655076492334002 -1.0070943710176776 2.071810294493403 
Car 1 0 -9999.0 -9999.0 -9999.0 -9999.0 1.9636838768401188 5.159477280173534 1.9749927503715075 8.543349787700448 -3.120039709598213 0.17033860494261466 0.0778977095571225 
Pedestrian 11 0 -9999.0 -9999.0 -9999.0 -9999.0 1.833843394516407 0.888361750840276 0.8547891083331658 38.39022855540593 -1.7023126774259023 -2.816048408228252 -3.070074761386998 
Pedestrian 44 0 -9999.0 -9999.0 -9999.0 -9999.0 1.773026559218124 1 0.9694486388550138 -21.228596974402755 3.009057454605279 2.888788591270392 -3.0456339491877955 
Pedestrian 43 0 -9999.0 -9999.0 -9999.0 -9999.0 1.6975355979754738 1 1.115836959245979 -21.343993370721865 1.97303126827231 2.7722344892785586 -3.045738040036472 
Pedestrian 18 0 -9999.0 -9999.0 -9999.0 -9999.0 1.553791531556044 0.9350978240778415 0.7014189842208715 8.96453815359459 -1.8939516967129286 -0.08462329820472406 0.17897780720362277 
Pedestrian 17 0 -9999.0 -9999.0 -9999.0 -9999.0 1.6786936986616088 0.9385842718372612 0.8570610823441984 9.199954514948228 -1.1841937691832118 -0.05141210569779249 0.1258997957687793 
Pedestrian 19 0 -9999.0 -9999.0 -9999.0 -9999.0 1.88766995436284 0.8473523143195599 0.8020167022554571 28.021859365215704 -0.05972055239656052 -1.6963215355637689 -0.042239333199376006 
Pedestrian 20 0 -9999.0 -9999.0 -9999.0 -9999.0 1.8942850025152396 0.7837367986462382 0.6986151564054772 27.391253485287283 -0.4885026690106343 -1.6795278788947647 0.08610749342550861 
Pedestrian 8 0 -9999.0 -9999.0 -9999.0 -9999.0 1.7182020193881877 0.84040506779357 0.7617142683117479 18.827175371960074 -3.41145752702897 -0.8803907880153252 -3.0202840435536658 
Pedestrian 36 0 -9999.0 -9999.0 -9999.0 -9999.0 1.85 0.8455221526426029 0.7795427445654814 -6.4321633151337085 5.082375618087635 1.2547525976132787 -1.1350911075455201 
Pedestrian 1002 0 -9999.0 -9999.0 -9999.0 -9999.0 1.5480067025273518 0.5644233003512866 0.6213012349133786 25.767789210842487 -2.9217330596540623 -1.6397375762112292 -3.043520129541184 
Pedestrian 16 0 -9999.0 -9999.0 -9999.0 -9999.0 1.5480067025273518 0.5644233003512866 0.6213012349133786 25.682760742275615 -3.616444963584532 -1.637215410529425 -3.043520129789451 
Pedestrian 34 0 -9999.0 -9999.0 -9999.0 -9999.0 1.8 0.742563890087286 0.7166973150341831 -7.351368620143898 5.045283697793192 1.486277145725851 -1.2343957032367214 
Pedestrian 27 0 -9999.0 -9999.0 -9999.0 -9999.0 1.8 0.8271693526588353 0.8407252643496999 29.652821598446163 -0.18772145219845837 -1.934040449252817 1.588350802058077 
Pedestrian 503 0 -9999.0 -9999.0 -9999.0 -9999.0 1.5098862519504819 0.7016892788347073 0.6244449312827264 23.904273147649945 5.253655219824986 -1.4837839315644201 2.395193348729382 
Pedestrian 14 0 -9999.0 -9999.0 -9999.0 -9999.0 1.5350666013118595 0.6767124353147551 0.6338965826401189 25.360350984711204 2.633187634434746 -1.592318685551755 1.7868296489496842 
Pedestrian 15 0 -9999.0 -9999.0 -9999.0 -9999.0 1.4995242359067946 0.6433493585685015 0.616020103352135 25.912550507153846 2.434413227857148 -1.5965248001214798 1.7872064378098944 
Pedestrian 22 0 -9999.0 -9999.0 -9999.0 -9999.0 1.7272234413230434 0.8930338539667776 0.7589542967325148 23.968170682456456 -4.230674264613913 -1.3989833262069613 -3.0154696080846186 
Pedestrian 777 0 -9999.0 -9999.0 -9999.0 -9999.0 1.5601539586488533 0.7742910735758141 0.7734620811052282 -12.333828648114864 1.2732612243143688 1.785327814022096 1.6044993831125343 
Pedestrian 502 0 -9999.0 -9999.0 -9999.0 -9999.0 1.5580631857725595 0.6324640994580073 0.6231826615974934 23.269950152131933 5.556390562629964 -1.358944180216469 2.384830760903373 
Pedestrian 45 0 -9999.0 -9999.0 -9999.0 -9999.0 1.840803791853019 0.9047965827395252 0.7795427445654814 5.330488262892265 -1.8980005921493324 0.3854993181055895 3.1354613119275374 
Pedestrain_sitting 20 0 -9999.0 -9999.0 -9999.0 -9999.0 0.9288023059382893 0.630173997091732 0.7116151379014846 10.890846557156216 5.293527423286286 -0.16052756344797348 -3.0334757717094654 
Car 4 0 -9999.0 -9999.0 -9999.0 -9999.0 2.0589564776245735 4.5 2.044844764170049 -33.25150269359463 6.775341887493912 3.9257884668456793 0.15975626962034895 
Pedestrian 200 0 -9999.0 -9999.0 -9999.0 -9999.0 1.7521106512660325 0.9162872598483918 0.6944942567378337 -12.408614874216472 3.401561592464781 2.000908663910602 -3.033134300045468 
Pedestrian 47 0 -9999.0 -9999.0 -9999.0 -9999.0 1.739259612086605 0.9765708634005151 0.6968829901888434 -11.356478623393881 1.1506213418721163 1.7650680918095623 1.7396478391751735 
Pedestrian 24 0 -9999.0 -9999.0 -9999.0 -9999.0 1.5665724604937843 0.8256175940025915 0.7327379765104859 17.890627791073534 -4.77540040496297 -0.9919405707890013 -1.6970732659434766 
Pedestrian 46 0 -9999.0 -9999.0 -9999.0 -9999.0 1.739259612086605 0.8137808070594968 0.7631092640473314 -10.638277782737212 1.5489983836427623 1.7469033417978244 1.7315419163734624 
Pedestrian 35 0 -9999.0 -9999.0 -9999.0 -9999.0 1.85 0.8455221526426029 0.8055941736449839 0.2938471601906797 5.2825845489573 0.7205667338303706 -3.0817054100248065 
Pedestrian 39 0 -9999.0 -9999.0 -9999.0 -9999.0 1.6992181517554945 0.7236988029930532 0.6130136573276566 -12.380154889137476 2.751528163788707 1.9878387851182842 -3.032998948136875 
Pedestrian 49 0 -9999.0 -9999.0 -9999.0 -9999.0 1.8880449392725787 0.7266739568839767 0.719062337692116 -13.23631398906655 -2.2173270164103385 1.8193544489168112 1.133596236092222 
Pedestrian 51 0 -9999.0 -9999.0 -9999.0 -9999.0 1.7084772160642387 0.6876926218915868 0.6022575416759411 -8.517786366864337 -2.4968109181685 1.584801827054475 1.7806207929365527 
Pedestrian 50 0 -9999.0 -9999.0 -9999.0 -9999.0 1.6682901068147347 0.7378107948553352 0.6318862957964667 -9.343632716327628 -2.358700075910414 1.5727359258506604 1.774286363237355 
Pedestrian 37 0 -9999.0 -9999.0 -9999.0 -9999.0 1.7674898152527898 0.7851268766529278 0.7077031440696406 -7.531998100985499 2.4600509264879937 1.4579336888292034 -2.9499266955200447 
Pedestrian 38 0 -9999.0 -9999.0 -9999.0 -9999.0 1.768936684463284 0.7798122203956248 0.6543593384916504 -7.465969641361574 3.1489854311617442 1.4203316208860206 -2.9495758270119783 
Pedestrian 48 0 -9999.0 -9999.0 -9999.0 -9999.0 1.8437648405814306 0.63 0.8639507388388924 -12.664710536709894 -1.800921980070112 1.797905864665109 0.18307044253348081 
Pedestrain_sitting 556 0 -9999.0 -9999.0 -9999.0 -9999.0 1.3003415906177906 0.5495013160563614 0.4849281347249202 21.223024514250316 -8.622635939880622 -1.1183344669497706 3.1368080825650217 
Pedestrain_sitting 555 0 -9999.0 -9999.0 -9999.0 -9999.0 1.3003415906177906 0.5495013160563614 0.4849281347249202 21.203402748712747 -7.908889956252692 -1.117740318470443 3.1368080825650217 
Pedestrian 23 0 -9999.0 -9999.0 -9999.0 -9999.0 1.733985410563253 0.6134757942819711 0.7222749871810963 17.091056229336772 -4.848117316218591 -0.7670545268927693 -2.0191023197871907 
