Car 2 0 -9999.0 -9999.0 -9999.0 -9999.0 1.7161032172723623 4.3042446659889535 2.497900330371051 29.800954768962566 0.6785963311418097 -1.2799142433487647 0.07281321653102601 
Pedestrian 26 0 -9999.0 -9999.0 -9999.0 -9999.0 1.8 0.880638232653005 0.7173897124333324 38.27373054297481 -3.2854463664104254 -2.198181391880433 -2.954805073580406 
Pedestrian 25 0 -9999.0 -9999.0 -9999.0 -9999.0 1.8 0.880638232653005 0.7173897124333324 38.3553545983292 -2.552225245976341 -2.1881324607629677 -2.954805073580406 
Car 3 0 -9999.0 -9999.0 -9999.0 -9999.0 1.4301220212552401 4 1.8633935758759457 55.61423016951077 -0.20151490337780617 -3.259122610457202 -3.0521482483721982 
Pedestrain_sitting 21 0 -9999.0 -9999.0 -9999.0 -9999.0 0.9170967942404316 0.6239191457374971 0.6351946031908755 11.782395519875639 5.243148073814385 0.42547456359758273 0.12859524798684596 
Pedestrian 1006 0 -9999.0 -9999.0 -9999.0 -9999.0 1.8319269034634074 0.7746621567225385 0.7296367421575172 28.959922007954063 -4.783185421757809 -1.3711083910640969 1.6191380920302603 
Pedestrian 1005 0 -9999.0 -9999.0 -9999.0 -9999.0 1.7182020193881877 0.7271215203340413 0.7172417616036824 29.58443958957894 -4.801443144729982 -1.4894997183202796 1.6323014282084056 
Pedestrian 999 0 -9999.0 -9999.0 -9999.0 -9999.0 1.7478363069824068 0.6324640994580073 0.6450381271264 20.76567346398915 5.733349550308872 0.035388864507572726 2.3095965541121473 
Pedestrian 702 0 -9999.0 -9999.0 -9999.0 -9999.0 1.7242744269198185 0.63 0.6898739737048278 -26.839828318911152 3.50144585080304 3.6088135376275465 -3.00732011091074 
Pedestrian 703 0 -9999.0 -9999.0 -9999.0 -9999.0 1.7717383253829708 0.63 0.6566716672544799 -26.79870965165092 4.245295117109509 3.6657464761803067 -3.00732011091074 
Pedestrian 1001 0 -9999.0 -9999.0 -9999.0 -9999.0 1.8190235843771385 0.6309324708718423 0.6213012349133786 32.40534944842941 2.770215786952971 -1.5012575501965657 1.5959482666431102 
Pedestrian 888 0 -9999.0 -9999.0 -9999.0 -9999.0 1.5366259275535865 0.5877254913696837 0.6357928477663076 13.413577959116909 7.1280409026966005 0.22760789738490728 -2.006115129050926 
Pedestrian 223 0 -9999.0 -9999.0 -9999.0 -9999.0 1.7272234413230434 0.6942712320825266 0.6155335882708507 37.3714831396337 -7.138620017313877 -2.1977022652075973 0.6419837606351946 
Pedestrian 3 0 -9999.0 -9999.0 -9999.0 -9999.0 1.6413741868673242 0.9102319618606736 0.749658509723502 22.665005322875285 2.193731300119374 -0.735256892497747 -2.8763708149375304 
Pedestrian 5 0 -9999.0 -9999.0 -9999.0 -9999.0 1.6467102258502564 0.8504990806290904 0.946862823709426 -0.018740291095018555 2.986786649262433 1.1709506564111045 0.3195106311481677 
Pedestrian 4 0 -9999.0 -9999.0 -9999.0 -9999.0 1.7335733350919327 0.8234084053360446 0.7316008376188541 -0.811917700660563 3.1056739983535877 1.2710588785904298 0.07174185698091229 
Pedestrian 1 0 -9999.0 -9999.0 -9999.0 -9999.0 1.830187787627785 0.8467364901875526 1.030957247409183 2.1996909675182663 3.54937184083607 0.9412509736185949 -2.368207692317988 
Pedestrian 2 0 -9999.0 -9999.0 -9999.0 -9999.0 1.6047004871739794 0.8225193905720728 0.8427564948210492 0.6944660776626694 4.600999963975401 1.1190505282522987 0.4403473922024954 
Pedestrian 6 0 -9999.0 -9999.0 -9999.0 -9999.0 1.8 0.7815797515521649 0.729516349447393 26.212492114865846 -2.552995832234861 -1.0235332168764826 -3.01678834637789 
Pedestrian 7 0 -9999.0 -9999.0 -9999.0 -9999.0 1.85 0.7446143281153959 0.7378356243838986 25.979253655121667 -3.257745094959287 -1.0494094517101005 -3.0167473323324607 
Pedestrian 9 0 -9999.0 -9999.0 -9999.0 -9999.0 1.7388951330758573 0.762844615165235 0.6125796005267553 19.07440354108741 2.520216376108085 -0.4246788419409371 2.035595023473782 
Pedestrian 10 0 -9999.0 -9999.0 -9999.0 -9999.0 1.7238665634959034 0.765649395571576 0.6782236572752955 19.647079437391945 2.4936386412922045 -0.4782024328070631 2.038366394881102 
Car 1 0 -9999.0 -9999.0 -9999.0 -9999.0 1.9636838768401188 5.159477280173534 1.9749927503715075 8.805865266657992 -3.1372221113398053 0.5111796394712418 0.07789770971415777 
Pedestrian 11 0 -9999.0 -9999.0 -9999.0 -9999.0 1.833843394516407 0.888361750840276 0.8547891083331658 47.304787923469874 -1.8662731772458645 -3.129910639981211 -3.070074696589252 
Pedestrian 44 0 -9999.0 -9999.0 -9999.0 -9999.0 1.773026559218124 1 0.9694486388550138 -13.104717608592923 1.8761342360461124 2.4207022839199843 -2.89012108435443 
Pedestrian 43 0 -9999.0 -9999.0 -9999.0 -9999.0 1.6975355979754738 1 1.115836959245979 -13.294232927167391 0.9624377419012394 2.387979167235856 -2.887505907968883 
Pedestrian 18 0 -9999.0 -9999.0 -9999.0 -9999.0 1.553791531556044 0.9350978240778415 0.7014189842208715 4.624489099511418 -1.1732293754764471 0.6495153759566205 0.04601288739917564 
Pedestrian 17 0 -9999.0 -9999.0 -9999.0 -9999.0 1.6786936986616088 0.9385842718372612 0.8570610823441984 4.010469272755159 -0.6570488356071849 0.7317061279250034 -0.006699500830745109 
Pedestrian 19 0 -9999.0 -9999.0 -9999.0 -9999.0 1.88766995436284 0.8473523143195599 0.8020167022554571 23.688873243511935 1.3885020340252088 -0.7365791617587553 -0.01377256766041235 
Pedestrian 20 0 -9999.0 -9999.0 -9999.0 -9999.0 1.8942850025152396 0.7837367986462382 0.6986151564054772 23.366755153850598 0.770336408543027 -0.6956485182421811 -0.01377256766041235 
Pedestrian 8 0 -9999.0 -9999.0 -9999.0 -9999.0 1.7182020193881877 0.84040506779357 0.7617142683117479 23.873595882352333 -3.820003949378992 -0.9473210572683116 3.0479287056830344 
Pedestrian 36 0 -9999.0 -9999.0 -9999.0 -9999.0 1.85 0.8455221526426029 0.7795427445654814 -6.100755367519066 5.1909852177095095 1.5530731479784416 -1.1350935524242374 
Pedestrian 1002 0 -9999.0 -9999.0 -9999.0 -9999.0 1.5480067025273518 0.5644233003512866 0.6213012349133786 32.68278555508095 -3.2537208278558913 -1.721077184747246 -3.043520129541184 
Pedestrian 16 0 -9999.0 -9999.0 -9999.0 -9999.0 1.5480067025273518 0.5644233003512866 0.6213012349133786 32.746626465963296 -4.094101870036008 -1.6904949092895378 -3.0435201293847385 
Pedestrian 34 0 -9999.0 -9999.0 -9999.0 -9999.0 1.8 0.742563890087286 0.7166973150341831 -7.119658458862614 5.197606453133098 1.491103781596311 -1.2337233919661479 
Pedestrian 27 0 -9999.0 -9999.0 -9999.0 -9999.0 1.8 0.8271693526588353 0.8407252643496999 29.99830191424562 -0.2029603622255537 -1.236352495480075 1.8651704564996336 
Pedestrian 503 0 -9999.0 -9999.0 -9999.0 -9999.0 1.5098862519504819 0.7016892788347073 0.6244449312827264 24.00458984370065 5.227917012171235 -0.3920297846674133 2.395193348729382 
Pedestrian 28 0 -9999.0 -9999.0 -9999.0 -9999.0 1.9344750647178444 0.9180852004756592 0.7505107045290647 39.470415138399545 -1.0461329379271282 -2.095963441561593 0.005317858512576379 
Pedestrian 29 0 -9999.0 -9999.0 -9999.0 -9999.0 1.914706511234499 0.9112747753301017 0.7505107045290647 39.471723536238116 -0.27027445348154805 -2.20182811244571 0.005317858512576379 
Pedestrian 22 0 -9999.0 -9999.0 -9999.0 -9999.0 1.7272234413230434 0.8930338539667776 0.7589542967325148 27.586081019892095 -4.753685976837754 -1.40811040303634 -2.8472157850484443 
Pedestrian 777 0 -9999.0 -9999.0 -9999.0 -9999.0 1.5601539586488533 0.7742910735758141 0.7734620811052282 -14.571962020380743 3.1083506943579167 2.278380698575434 0.051377955322657876 
Pedestrian 502 0 -9999.0 -9999.0 -9999.0 -9999.0 1.5580631857725595 0.6324640994580073 0.6231826615974934 23.529377664080954 5.858403727598696 -0.3392779424955136 2.380801505369366 
Pedestrian 45 0 -9999.0 -9999.0 -9999.0 -9999.0 1.840803791853019 0.9047965827395252 0.7795427445654814 10.77480491331111 -2.0772974372763007 0.22793064280928815 -3.103411943375413 
Pedestrain_sitting 20 0 -9999.0 -9999.0 -9999.0 -9999.0 0.9288023059382893 0.630173997091732 0.7116151379014846 10.91497775933829 5.299283012552085 0.48554241478665694 -3.0335055726527607 
Pedestrian 30 0 -9999.0 -9999.0 -9999.0 -9999.0 1.6574581668813668 0.5844020196858356 0.6601390122619767 56.989477499820794 -3.248083504172611 -4.3054411659027325 0.18856279401730092 
Car 4 0 -9999.0 -9999.0 -9999.0 -9999.0 2.0589564776245735 4.5 2.044844764170049 -33.15960629999725 6.747886557671896 4.248237661577055 0.15975626962034895 
Pedestrian 200 0 -9999.0 -9999.0 -9999.0 -9999.0 1.7521106512660325 0.9162872598483918 0.6944942567378337 -5.614721780504915 3.0812591013900734 1.820905964195955 -3.0364074511249584 
Pedestrian 111 0 -9999.0 -9999.0 -9999.0 -9999.0 1.83889513307586 0.7017705575400481 0.6922125420881973 16.637551915302932 5.013771909344162 0.07584728404193589 0.2735518663853824 
Pedestrian 47 0 -9999.0 -9999.0 -9999.0 -9999.0 1.739259612086605 0.9765708634005151 0.6968829901888434 -13.597625587216609 2.2735131548721057 2.369783398061401 0.2707128995389336 
Pedestrian 24 0 -9999.0 -9999.0 -9999.0 -9999.0 1.5665724604937843 0.8256175940025915 0.7327379765104859 22.016779884562116 -5.127239118114331 -1.0021167492888567 3.131483008430541 
Pedestrian 46 0 -9999.0 -9999.0 -9999.0 -9999.0 1.739259612086605 0.8137808070594968 0.7631092640473314 -13.461533841552246 2.9832475523371715 2.3901614663937236 0.2706940857753066 
Pedestrian 35 0 -9999.0 -9999.0 -9999.0 -9999.0 1.85 0.8455221526426029 0.8055941736449839 6.266095165319112 3.3592695476645993 0.622585857561594 -3.081586999312691 
Pedestrian 31 0 -9999.0 -9999.0 -9999.0 -9999.0 1.6183186744299025 0.6340866970656824 0.5322695037304019 58.479886589316216 -2.4771235574421975 -4.3402865528108245 -3.0553355148965053 
Pedestrian 32 0 -9999.0 -9999.0 -9999.0 -9999.0 1.6264157795512513 0.6356555012147109 0.5322695037304019 58.125418909211916 -1.6521984263259315 -4.243391823644922 -3.056922019186569 
Pedestrian 33 0 -9999.0 -9999.0 -9999.0 -9999.0 1.85 1.011633098401595 1.1292297078013385 42.01896656083292 -6.140708754198071 -2.5806893090044207 2.7504564219893304 
Pedestrian 39 0 -9999.0 -9999.0 -9999.0 -9999.0 1.6992181517554945 0.7236988029930532 0.6130136573276566 -5.62893210623082 2.4196167566016618 1.7654229827203218 -3.032428764752389 
Pedestrian 49 0 -9999.0 -9999.0 -9999.0 -9999.0 1.8880449392725787 0.7266739568839767 0.719062337692116 -12.982711871498658 -2.244246913542943 2.006662035014359 1.1335962489541203 
Pedestrian 51 0 -9999.0 -9999.0 -9999.0 -9999.0 1.7084772160642387 0.6876926218915868 0.6022575416759411 -8.511924017845743 -2.7081057673069133 1.8185263522613897 1.7806207929365527 
Pedestrian 50 0 -9999.0 -9999.0 -9999.0 -9999.0 1.6682901068147347 0.7378107948553352 0.6318862957964667 -9.200339169606455 -2.391897128301283 1.8568405805247856 1.774286363237355 
Pedestrian 37 0 -9999.0 -9999.0 -9999.0 -9999.0 1.7674898152527898 0.7851268766529278 0.7077031440696406 -0.8552469319314474 1.410281448520916 1.2248186174199445 -2.949533466539595 
Pedestrian 38 0 -9999.0 -9999.0 -9999.0 -9999.0 1.768936684463284 0.7798122203956248 0.6543593384916504 -0.8033847964380035 2.1456091351359503 1.2589957311495328 -2.9495327191764353 
Pedestrian 48 0 -9999.0 -9999.0 -9999.0 -9999.0 1.8437648405814306 0.63 0.8639507388388924 -12.601885839725028 -1.6042120900817025 1.972356542334957 0.1831778653985614 
Pedestrain_sitting 557 0 -9999.0 -9999.0 -9999.0 -9999.0 1.3003415906177906 0.5495013160563614 0.4849281347249202 22.584999309806676 -8.827487319609546 -0.9253423023563504 -0.004784639140565261 
Pedestrain_sitting 556 0 -9999.0 -9999.0 -9999.0 -9999.0 1.3003415906177906 0.5495013160563614 0.4849281347249202 21.216337101511453 -8.713947976556096 -0.9304895104488341 3.1368080825650217 
Pedestrain_sitting 555 0 -9999.0 -9999.0 -9999.0 -9999.0 1.3003415906177906 0.5495013160563614 0.4849281347249202 21.196641487741296 -7.976956909111703 -0.930218016891493 3.1368080825650217 
Pedestrian 23 0 -9999.0 -9999.0 -9999.0 -9999.0 1.733985410563253 0.6134757942819711 0.7222749871810963 17.213413760894007 -4.878838950132534 -0.5092677210709001 -2.0191023197871907 
