Car 2 0 -9999.0 -9999.0 -9999.0 -9999.0 1.7161032172723623 4.3042446659889535 2.497900330371051 29.8088297308489 1.0149569288737532 -1.05706626272269 0.07281321653102601 
Pedestrian 26 0 -9999.0 -9999.0 -9999.0 -9999.0 1.8 0.880638232653005 0.7173897124333324 40.817698731359656 -3.5502207588942625 -2.1364059496330383 -2.954805073580406 
Pedestrian 25 0 -9999.0 -9999.0 -9999.0 -9999.0 1.8 0.880638232653005 0.7173897124333324 40.9654278258849 -2.8191476350860016 -2.1370496820912344 -2.954805073580406 
Car 3 0 -9999.0 -9999.0 -9999.0 -9999.0 1.4301220212552401 4 1.8633935758759457 55.65291069589086 -0.20498391604043223 -3.205504126461988 -3.0521482483721982 
Pedestrain_sitting 21 0 -9999.0 -9999.0 -9999.0 -9999.0 0.9170967942404316 0.6239191457374971 0.6351946031908755 11.79815726679188 5.243281105659535 0.7020670282253023 0.12831404070021968 
Pedestrian 602 0 -9999.0 -9999.0 -9999.0 -9999.0 1.7238665634959034 0.5990216574770284 0.5824301662283978 18.962886741822206 16.472544916265953 0.3800589196829044 -1.38979137166322 
Pedestrian 603 0 -9999.0 -9999.0 -9999.0 -9999.0 1.8192270588984627 0.6324640994580073 0.6782236572752955 18.965791920342216 18.214100161050737 0.6217640618636302 -1.5269479473830376 
Pedestrian 601 0 -9999.0 -9999.0 -9999.0 -9999.0 1.7334194695403702 0.5901000815388179 0.5961420748625704 18.76639382406468 13.14442986431648 0.22888314479829766 1.6689180392103173 
Pedestrian 600 0 -9999.0 -9999.0 -9999.0 -9999.0 1.8985119489706095 0.7891492470282006 0.774319038074053 17.94753205805036 13.25386814593627 0.6616513774524142 -1.4788938343542153 
Pedestrian 1006 0 -9999.0 -9999.0 -9999.0 -9999.0 1.8319269034634074 0.7746621567225385 0.7296367421575172 28.117959758832896 -4.814596823759406 -1.1057989524356568 -0.209647871143801 
Pedestrian 1005 0 -9999.0 -9999.0 -9999.0 -9999.0 1.7182020193881877 0.7271215203340413 0.7172417616036824 27.78503459829322 -4.184250485849572 -1.1213535825850856 -0.2156610854239034 
Pedestrian 500 0 -9999.0 -9999.0 -9999.0 -9999.0 1.6591565719904136 0.5920739440172947 0.5901695475559555 22.69621631502109 6.246785096455414 -0.02147616509183841 0.5475776796585237 
Pedestrian 999 0 -9999.0 -9999.0 -9999.0 -9999.0 1.7478363069824068 0.6324640994580073 0.6450381271264 20.82206812399684 6.063586977014439 0.08577999204228783 2.270091913457442 
Pedestrian 1001 0 -9999.0 -9999.0 -9999.0 -9999.0 1.8190235843771385 0.6309324708718423 0.6213012349133786 32.533047287165154 2.7319381441543125 -1.3074518071003816 1.5959482666466602 
Pedestrian 888 0 -9999.0 -9999.0 -9999.0 -9999.0 1.5366259275535865 0.5877254913696837 0.6357928477663076 12.409048750566921 7.134056796545749 0.6128265677142652 -0.2949599692854168 
Pedestrian 223 0 -9999.0 -9999.0 -9999.0 -9999.0 1.7272234413230434 0.6942712320825266 0.6155335882708507 37.19503340192713 -7.145510440228936 -1.8464699573959256 0.6419837606277774 
Pedestrian 3 0 -9999.0 -9999.0 -9999.0 -9999.0 1.6413741868673242 0.9102319618606736 0.749658509723502 25.07255922032445 1.23786920941378 -0.7424679254527722 -2.729915755286555 
Pedestrian 5 0 -9999.0 -9999.0 -9999.0 -9999.0 1.6467102258502564 0.8504990806290904 0.946862823709426 -2.1769324689141722 3.1419273140024098 1.746609727564353 0.31934341683617795 
Pedestrian 4 0 -9999.0 -9999.0 -9999.0 -9999.0 1.7335733350919327 0.8234084053360446 0.7316008376188541 -2.1948161456071964 3.7725571849004127 1.8081038152982998 0.07148058120763512 
Pedestrian 1 0 -9999.0 -9999.0 -9999.0 -9999.0 1.830187787627785 0.8467364901875526 1.030957247409183 1.919878684863235 3.8012647045243715 1.4049787762958323 -0.6167325115444449 
Pedestrian 2 0 -9999.0 -9999.0 -9999.0 -9999.0 1.6047004871739794 0.8225193905720728 0.8427564948210492 -0.35276099705266667 5.1006151990130135 1.6361973314647136 1.3351461025189426 
Pedestrian 6 0 -9999.0 -9999.0 -9999.0 -9999.0 1.8 0.7815797515521649 0.729516349447393 28.73809036390904 -2.7979556320466092 -1.0542504285960868 -3.0167883476174833 
Pedestrian 7 0 -9999.0 -9999.0 -9999.0 -9999.0 1.85 0.7446143281153959 0.7378356243838986 28.528720043406857 -3.5518396619501194 -1.0331599090102817 -3.0167473323324607 
Pedestrian 9 0 -9999.0 -9999.0 -9999.0 -9999.0 1.7388951330758573 0.762844615165235 0.6125796005267553 19.043772867224448 2.4775186555461675 -0.09682518749928101 2.0360947339926643 
Pedestrian 10 0 -9999.0 -9999.0 -9999.0 -9999.0 1.7238665634959034 0.765649395571576 0.6782236572752955 19.64708553897102 2.5443704118610935 -0.1657768836336425 2.0850413927247473 
Car 1 0 -9999.0 -9999.0 -9999.0 -9999.0 1.9636838768401188 5.159477280173534 1.9749927503715075 8.734043056456358 -3.121870513800614 0.8114426300580042 0.07789770969837662 
Pedestrian 11 0 -9999.0 -9999.0 -9999.0 -9999.0 1.833843394516407 0.888361750840276 0.8547891083331658 50.95831066443453 -2.0347239991243486 -3.4089771298111335 -3.070074671391186 
Pedestrian 44 0 -9999.0 -9999.0 -9999.0 -9999.0 1.773026559218124 1 0.9694486388550138 -10.101323199422417 2.1749958151545705 2.5200728776972126 -3.0535902391154472 
Pedestrian 43 0 -9999.0 -9999.0 -9999.0 -9999.0 1.6975355979754738 1 1.115836959245979 -9.747795360746174 1.0583524208376236 2.471110392462551 -3.0518790642957896 
Pedestrian 18 0 -9999.0 -9999.0 -9999.0 -9999.0 1.553791531556044 0.9350978240778415 0.7014189842208715 3.3453986190547633 -1.1775181652557611 1.1062712004805744 0.02162481090788937 
Pedestrian 17 0 -9999.0 -9999.0 -9999.0 -9999.0 1.6786936986616088 0.9385842718372612 0.8570610823441984 2.560362636867666 -0.5017657718586487 1.1975049232301296 0.008799300639138252 
Pedestrian 19 0 -9999.0 -9999.0 -9999.0 -9999.0 1.88766995436284 0.8473523143195599 0.8020167022554571 21.909830484734965 1.3655213022992843 -0.27428639884705897 -0.02697139996224429 
Pedestrian 20 0 -9999.0 -9999.0 -9999.0 -9999.0 1.8942850025152396 0.7837367986462382 0.6986151564054772 21.52544847889658 0.8182412583420652 -0.2433175015787258 -0.025658855793878388 
Pedestrian 8 0 -9999.0 -9999.0 -9999.0 -9999.0 1.7182020193881877 0.84040506779357 0.7617142683117479 26.12570568947559 -3.454183174985952 -0.8130167775305506 2.967790461235804 
Pedestrian 36 0 -9999.0 -9999.0 -9999.0 -9999.0 1.85 0.8455221526426029 0.7795427445654814 -6.171785543577811 5.376123377721154 1.8046659196426267 -1.1350935540920482 
Pedestrian 1002 0 -9999.0 -9999.0 -9999.0 -9999.0 1.5480067025273518 0.5644233003512866 0.6213012349133786 35.406364573802534 -3.0208619144464186 -1.7706495566123173 -3.043520129541184 
Pedestrian 16 0 -9999.0 -9999.0 -9999.0 -9999.0 1.5480067025273518 0.5644233003512866 0.6213012349133786 35.47032763260774 -3.9114438369019418 -1.7513060183551572 -3.0435201277815676 
Pedestrian 34 0 -9999.0 -9999.0 -9999.0 -9999.0 1.8 0.742563890087286 0.7166973150341831 -7.046732504670593 5.320451399559456 1.8304856357245662 -1.233719228713042 
Pedestrian 27 0 -9999.0 -9999.0 -9999.0 -9999.0 1.8 0.8271693526588353 0.8407252643496999 30.092191193709528 0.015271934038512628 -1.0386728103009404 2.328467762096423 
Pedestrian 503 0 -9999.0 -9999.0 -9999.0 -9999.0 1.5098862519504819 0.7016892788347073 0.6244449312827264 23.95410209804736 5.261444324513144 -0.17762784744453175 2.395193348729382 
Pedestrian 28 0 -9999.0 -9999.0 -9999.0 -9999.0 1.9344750647178444 0.9180852004756592 0.7505107045290647 36.76859091637674 -0.8792414421517659 -1.5502286490258763 0.005317858512562168 
Pedestrian 29 0 -9999.0 -9999.0 -9999.0 -9999.0 1.914706511234499 0.9112747753301017 0.7505107045290647 36.783655794122936 -0.16585390911598255 -1.570349112270407 0.005317858512576379 
Pedestrian 22 0 -9999.0 -9999.0 -9999.0 -9999.0 1.7272234413230434 0.8930338539667776 0.7589542967325148 28.73521655283652 -5.4301110117389255 -1.2514634846308161 -1.6575080840025151 
Pedestrian 502 0 -9999.0 -9999.0 -9999.0 -9999.0 1.5580631857725595 0.6324640994580073 0.6231826615974934 23.45181599710189 5.753898496885898 -0.21175275222418868 2.4071376366874624 
Pedestrian 45 0 -9999.0 -9999.0 -9999.0 -9999.0 1.840803791853019 0.9047965827395252 0.7795427445654814 12.87079730952375 -2.9133674003267735 0.35170108079009743 -2.679757065962294 
Pedestrain_sitting 20 0 -9999.0 -9999.0 -9999.0 -9999.0 0.9288023059382893 0.630173997091732 0.7116151379014846 10.91928703563032 5.313139738942855 0.7471896293290756 -3.033517497933751 
Pedestrian 30 0 -9999.0 -9999.0 -9999.0 -9999.0 1.6574581668813668 0.5844020196858356 0.6601390122619767 53.64236794967492 -3.034782219297744 -3.5262881455471438 0.18858724283617967 
Pedestrian 200 0 -9999.0 -9999.0 -9999.0 -9999.0 1.7521106512660325 0.9162872598483918 0.6944942567378337 -2.893778086618015 2.4150652339875354 1.9012342391707795 -3.0570222023358866 
Pedestrian 24 0 -9999.0 -9999.0 -9999.0 -9999.0 1.5665724604937843 0.8256175940025915 0.7327379765104859 22.46342623538792 -5.3626207298596364 -0.6953225642832258 -0.22513816282042676 
Pedestrian 35 0 -9999.0 -9999.0 -9999.0 -9999.0 1.85 0.8455221526426029 0.8055941736449839 8.64738480463578 3.852750743451861 0.6999874026073732 -3.081702414081965 
Pedestrian 31 0 -9999.0 -9999.0 -9999.0 -9999.0 1.6183186744299025 0.6340866970656824 0.5322695037304019 55.86503265038072 -2.262510301695821 -3.7660957473375323 -3.0553355148965053 
Pedestrian 32 0 -9999.0 -9999.0 -9999.0 -9999.0 1.6264157795512513 0.6356555012147109 0.5322695037304019 55.54812996783704 -1.5987725129895867 -3.692370008674969 -3.056922019186569 
Pedestrian 33 0 -9999.0 -9999.0 -9999.0 -9999.0 1.85 1.011633098401595 1.1292297078013385 42.099261004302974 -6.33629632476697 -2.2639781819928313 2.750518124358825 
Pedestrian 39 0 -9999.0 -9999.0 -9999.0 -9999.0 1.6992181517554945 0.7236988029930532 0.6130136573276566 -2.8728531766811463 1.7399024798331282 1.8841234693947975 -3.048743148708338 
Pedestrian 49 0 -9999.0 -9999.0 -9999.0 -9999.0 1.8880449392725787 0.7266739568839767 0.719062337692116 -13.250307810360335 -2.165965356679667 2.3685034935119256 1.1335962408579583 
Pedestrian 51 0 -9999.0 -9999.0 -9999.0 -9999.0 1.7084772160642387 0.6876926218915868 0.6022575416759411 -8.409926907258752 -2.4124545292575053 2.2495214865401323 1.7806207929365527 
Pedestrian 50 0 -9999.0 -9999.0 -9999.0 -9999.0 1.6682901068147347 0.7378107948553352 0.6318862957964667 -9.212300341389746 -2.0989823859243715 2.247758995576789 1.774286363237355 
Pedestrian 37 0 -9999.0 -9999.0 -9999.0 -9999.0 1.7674898152527898 0.7851268766529278 0.7077031440696406 -0.12205941864720916 0.6507664254441803 1.6102178568680385 -1.585299890892049 
Pedestrian 38 0 -9999.0 -9999.0 -9999.0 -9999.0 1.768936684463284 0.7798122203956248 0.6543593384916504 0.6315360512670488 0.6468621999698168 1.5773438907439001 -1.604008123613312 
Pedestrian 48 0 -9999.0 -9999.0 -9999.0 -9999.0 1.8437648405814306 0.63 0.8639507388388924 -12.617242791738136 -1.7525094836681412 2.3411269518769293 0.18306438070654885 
Pedestrain_sitting 557 0 -9999.0 -9999.0 -9999.0 -9999.0 1.3003415906177906 0.5495013160563614 0.4849281347249202 22.50111833869146 -8.821363132190914 -0.4912066039108084 -0.004784600208839862 
Pedestrain_sitting 556 0 -9999.0 -9999.0 -9999.0 -9999.0 1.3003415906177906 0.5495013160563614 0.4849281347249202 21.13965059720739 -8.69301172785835 -0.4957655522604651 3.1368080825650217 
Pedestrain_sitting 555 0 -9999.0 -9999.0 -9999.0 -9999.0 1.3003415906177906 0.5495013160563614 0.4849281347249202 21.12001396902191 -7.976143675445636 -0.48185167340689855 3.1368080825650217 
Pedestrian 23 0 -9999.0 -9999.0 -9999.0 -9999.0 1.733985410563253 0.6134757942819711 0.7222749871810963 17.194053389600054 -4.8781909778608314 -0.12496265630624792 -2.0191023197871907 
