Car 2 0 -9999.0 -9999.0 -9999.0 -9999.0 1.7161032172723623 4.3042446659889535 2.497900330371051 29.78846480338223 1.0892911644001373 -0.9547193592583103 0.07281321653102601 
Pedestrian 26 0 -9999.0 -9999.0 -9999.0 -9999.0 1.8 0.880638232653005 0.7173897124333324 41.23463690170719 -3.6566836899454085 -2.117043219514672 -2.954805073580406 
Pedestrian 25 0 -9999.0 -9999.0 -9999.0 -9999.0 1.8 0.880638232653005 0.7173897124333324 41.36852411424479 -2.923957896035676 -2.116457290853635 -2.954805073580406 
Car 3 0 -9999.0 -9999.0 -9999.0 -9999.0 1.4301220212552401 4 1.8633935758759457 55.65936918831646 -0.20556313752738173 -3.196551441347205 -3.0521482483721982 
Pedestrain_sitting 21 0 -9999.0 -9999.0 -9999.0 -9999.0 0.9170967942404316 0.6239191457374971 0.6351946031908755 11.800789007685797 5.243303318003696 0.7482497073393679 0.1282670874836871 
Pedestrian 602 0 -9999.0 -9999.0 -9999.0 -9999.0 1.7238665634959034 0.5990216574770284 0.5824301662283978 18.97364363398072 16.467087578175406 0.4406358762107196 -1.38979137166322 
Pedestrian 603 0 -9999.0 -9999.0 -9999.0 -9999.0 1.8192270588984627 0.6324640994580073 0.6782236572752955 19.00326187546881 18.235388497982296 0.5476701353671383 -1.752188880058064 
Pedestrian 601 0 -9999.0 -9999.0 -9999.0 -9999.0 1.7334194695403702 0.5901000815388179 0.5961420748625704 18.78082753143122 13.437631637512638 0.289326073259182 1.6689180321561619 
Pedestrian 600 0 -9999.0 -9999.0 -9999.0 -9999.0 1.8985119489706095 0.7891492470282006 0.774319038074053 17.795730115414262 12.674731881364083 0.6874607487561167 -1.4788939206360325 
Pedestrian 1006 0 -9999.0 -9999.0 -9999.0 -9999.0 1.8319269034634074 0.7746621567225385 0.7296367421575172 27.852523312299706 -4.7670941090151215 -0.8405507057546918 -0.4653987985081045 
Pedestrian 1005 0 -9999.0 -9999.0 -9999.0 -9999.0 1.7182020193881877 0.7271215203340413 0.7172417616036824 27.751440228906677 -4.201340740029938 -0.879297932331246 -0.48289464635795554 
Pedestrian 500 0 -9999.0 -9999.0 -9999.0 -9999.0 1.6591565719904136 0.5920739440172947 0.5901695475559555 22.708240689094918 6.343666152489184 0.009190287042572916 0.5475776796170289 
Pedestrian 999 0 -9999.0 -9999.0 -9999.0 -9999.0 1.7478363069824068 0.6324640994580073 0.6450381271264 20.782043687355223 6.076950339495828 0.1227653235527261 2.259248133651795 
Pedestrian 1001 0 -9999.0 -9999.0 -9999.0 -9999.0 1.8190235843771385 0.6309324708718423 0.6213012349133786 32.51971390246069 2.749490036397099 -1.2338250142324465 1.5959482666465572 
Pedestrian 888 0 -9999.0 -9999.0 -9999.0 -9999.0 1.5366259275535865 0.5877254913696837 0.6357928477663076 12.068252522728827 7.0463391749419655 0.7217639481334926 -0.5056870671700402 
Pedestrian 223 0 -9999.0 -9999.0 -9999.0 -9999.0 1.7272234413230434 0.6942712320825266 0.6155335882708507 37.24114775699255 -7.069710117995715 -1.8205247149767319 0.6419837606276815 
Pedestrian 3 0 -9999.0 -9999.0 -9999.0 -9999.0 1.6413741868673242 0.9102319618606736 0.749658509723502 25.51548536943831 0.7516235385997847 -0.710987959308917 -2.705421887961304 
Pedestrian 5 0 -9999.0 -9999.0 -9999.0 -9999.0 1.6467102258502564 0.8504990806290904 0.946862823709426 -2.5267902321066877 3.0842003681126293 1.8892835040963134 0.05880891888804385 
Pedestrian 4 0 -9999.0 -9999.0 -9999.0 -9999.0 1.7335733350919327 0.8234084053360446 0.7316008376188541 -2.548335987975686 3.760767893077562 1.9465595372292905 0.07151788528662983 
Pedestrian 1 0 -9999.0 -9999.0 -9999.0 -9999.0 1.830187787627785 0.8467364901875526 1.030957247409183 1.5803363977393747 3.7399101882848798 1.427380539856861 0.39539851636034484 
Pedestrian 2 0 -9999.0 -9999.0 -9999.0 -9999.0 1.6047004871739794 0.8225193905720728 0.8427564948210492 -0.5172931266524559 5.160989578880804 1.59554091024605 1.8101049060948853 
Pedestrian 6 0 -9999.0 -9999.0 -9999.0 -9999.0 1.8 0.7815797515521649 0.729516349447393 29.156198616091952 -2.9249994539577897 -0.9952025465931361 -3.0167883476173305 
Pedestrian 7 0 -9999.0 -9999.0 -9999.0 -9999.0 1.85 0.7446143281153959 0.7378356243838986 28.91558060038718 -3.7177347229686006 -0.9773135999549378 -3.0167473323324607 
Pedestrian 9 0 -9999.0 -9999.0 -9999.0 -9999.0 1.7388951330758573 0.762844615165235 0.6125796005267553 19.05524973819988 2.490242596872401 -0.05062727440925591 2.036000466020621 
Pedestrian 10 0 -9999.0 -9999.0 -9999.0 -9999.0 1.7238665634959034 0.765649395571576 0.6782236572752955 19.70279497752436 2.5778423030837034 -0.12210353237011634 2.2705267819219834 
Car 1 0 -9999.0 -9999.0 -9999.0 -9999.0 1.9636838768401188 5.159477280173534 1.9749927503715075 8.712160556567403 -3.118005190993865 0.8863542953534576 0.0778977096996547 
Pedestrian 11 0 -9999.0 -9999.0 -9999.0 -9999.0 1.833843394516407 0.888361750840276 0.8547891083331658 51.530512431575346 -2.101270706404878 -3.3522966637987546 -3.0700746671676082 
Pedestrian 44 0 -9999.0 -9999.0 -9999.0 -9999.0 1.773026559218124 1 0.9694486388550138 -9.552918455406864 2.2076432895551603 2.5129741836140713 -3.063405015082818 
Pedestrian 43 0 -9999.0 -9999.0 -9999.0 -9999.0 1.6975355979754738 1 1.115836959245979 -9.316898722342856 1.0775056596459383 2.4581001698896356 -3.0581448848169313 
Pedestrian 18 0 -9999.0 -9999.0 -9999.0 -9999.0 1.553791531556044 0.9350978240778415 0.7014189842208715 3.1708794935344353 -1.1668697455822887 1.1305772743479565 0.01613328403993819 
Pedestrian 17 0 -9999.0 -9999.0 -9999.0 -9999.0 1.6786936986616088 0.9385842718372612 0.8570610823441984 2.4165163532639267 -0.5793567405479417 1.2406872864282419 0.02628339384684697 
Pedestrian 19 0 -9999.0 -9999.0 -9999.0 -9999.0 1.88766995436284 0.8473523143195599 0.8020167022554571 21.651818593685523 1.4620287088627404 -0.20629643623019336 -0.019912936373128076 
Pedestrian 20 0 -9999.0 -9999.0 -9999.0 -9999.0 1.8942850025152396 0.7837367986462382 0.6986151564054772 21.317375234366978 0.8851842843370524 -0.1801195176948678 -0.019033901119730245 
Pedestrian 8 0 -9999.0 -9999.0 -9999.0 -9999.0 1.7182020193881877 0.84040506779357 0.7617142683117479 26.50807808141791 -3.3461485761988277 -0.7813555367664161 2.990323089256389 
Pedestrian 36 0 -9999.0 -9999.0 -9999.0 -9999.0 1.85 0.8455221526426029 0.7795427445654814 -6.169545500458523 5.315539321518512 1.9189471044660469 -1.1350935541014273 
Pedestrian 1002 0 -9999.0 -9999.0 -9999.0 -9999.0 1.5480067025273518 0.5644233003512866 0.6213012349133786 35.8342428538397 -2.9846033492059036 -1.7342769303116299 -3.043520129541184 
Pedestrian 16 0 -9999.0 -9999.0 -9999.0 -9999.0 1.5480067025273518 0.5644233003512866 0.6213012349133786 35.93936741971703 -3.866853219868763 -1.6826797591147025 -3.0435201315763507 
Pedestrian 34 0 -9999.0 -9999.0 -9999.0 -9999.0 1.8 0.742563890087286 0.7166973150341831 -7.042930397823086 5.449185580192873 1.9180455832595165 -1.2337196666267545 
Pedestrian 503 0 -9999.0 -9999.0 -9999.0 -9999.0 1.5098862519504819 0.7016892788347073 0.6244449312827264 23.93626681128707 5.270386053769158 -0.14526711650028423 2.395193348729382 
Pedestrian 28 0 -9999.0 -9999.0 -9999.0 -9999.0 1.9344750647178444 0.9180852004756592 0.7505107045290647 36.34597909130256 -0.8432198760714408 -1.4835995458131341 0.005317858512576379 
Pedestrian 29 0 -9999.0 -9999.0 -9999.0 -9999.0 1.914706511234499 0.9112747753301017 0.7505107045290647 36.322003926333295 -0.1598236771796375 -1.4683570711510305 0.005317858512576379 
Pedestrian 22 0 -9999.0 -9999.0 -9999.0 -9999.0 1.7272234413230434 0.8930338539667776 0.7589542967325148 28.915476962651887 -5.503072191267541 -1.217308124561713 -1.6962296535887802 
Pedestrian 502 0 -9999.0 -9999.0 -9999.0 -9999.0 1.5580631857725595 0.6324640994580073 0.6231826615974934 23.42496591237636 5.76425596259764 -0.16973681325367926 2.4028133611707787 
Pedestrian 45 0 -9999.0 -9999.0 -9999.0 -9999.0 1.840803791853019 0.9047965827395252 0.7795427445654814 13.15503910872518 -3.078982561428853 0.38784176810667303 -2.8758968812248753 
Pedestrain_sitting 20 0 -9999.0 -9999.0 -9999.0 -9999.0 0.9288023059382893 0.630173997091732 0.7116151379014846 10.920036435170994 5.315729061352088 0.7908761921827752 -3.03351948909944 
Pedestrian 30 0 -9999.0 -9999.0 -9999.0 -9999.0 1.6574581668813668 0.5844020196858356 0.6601390122619767 53.043016507244815 -2.9496652367530123 -3.3129025076558007 0.18859132505858867 
Pedestrian 200 0 -9999.0 -9999.0 -9999.0 -9999.0 1.7521106512660325 0.9162872598483918 0.6944942567378337 -2.43772913956655 2.3628875481831626 1.9050165568046054 -3.0480358566944137 
Pedestrian 24 0 -9999.0 -9999.0 -9999.0 -9999.0 1.5665724604937843 0.8256175940025915 0.7327379765104859 22.163068415244197 -5.434624782483905 -0.5688624156540227 0.28724038450883604 
Pedestrian 35 0 -9999.0 -9999.0 -9999.0 -9999.0 1.85 0.8455221526426029 0.8055941736449839 9.03312697009524 3.8747754639724725 0.7164330886968278 -3.0817174347039913 
Pedestrian 31 0 -9999.0 -9999.0 -9999.0 -9999.0 1.6183186744299025 0.6340866970656824 0.5322695037304019 55.54384899362195 -2.26486822258301 -3.5886940229488418 -3.0553355148965053 
Pedestrian 32 0 -9999.0 -9999.0 -9999.0 -9999.0 1.6264157795512513 0.6356555012147109 0.5322695037304019 55.110801962531745 -1.5702469775587717 -3.5496058653080684 -3.056922019186569 
Pedestrian 33 0 -9999.0 -9999.0 -9999.0 -9999.0 1.85 1.011633098401595 1.1292297078013385 42.08808710976932 -6.253110596012711 -2.2160268328138764 2.8113885045890505 
Pedestrian 39 0 -9999.0 -9999.0 -9999.0 -9999.0 1.6992181517554945 0.7236988029930532 0.6130136573276566 -2.406185956367261 1.6894573221976048 1.8860911905286162 -3.0408945364478157 
Pedestrian 49 0 -9999.0 -9999.0 -9999.0 -9999.0 1.8880449392725787 0.7266739568839767 0.719062337692116 -13.198123833287081 -2.3063866731372666 2.3952056862600473 1.1335962496710685 
Pedestrian 51 0 -9999.0 -9999.0 -9999.0 -9999.0 1.7084772160642387 0.6876926218915868 0.6022575416759411 -8.417111266531586 -2.4833802563736946 2.231029563679982 1.7806207929365527 
Pedestrian 50 0 -9999.0 -9999.0 -9999.0 -9999.0 1.6682901068147347 0.7378107948553352 0.6318862957964667 -9.272338515104902 -2.28530613411783 2.226105227249146 1.774286363237355 
Pedestrian 37 0 -9999.0 -9999.0 -9999.0 -9999.0 1.7674898152527898 0.7851268766529278 0.7077031440696406 -0.33935543533307777 0.11261071038641048 1.5046797717844536 -1.5331236754766966 
Pedestrian 38 0 -9999.0 -9999.0 -9999.0 -9999.0 1.768936684463284 0.7798122203956248 0.6543593384916504 0.440821280870295 0.17439060701623663 1.4675518030243344 -1.5331237439564482 
Pedestrian 48 0 -9999.0 -9999.0 -9999.0 -9999.0 1.8437648405814306 0.63 0.8639507388388924 -12.61974526130358 -1.8549311248344433 2.3625764315562585 0.18306583461601988 
Pedestrain_sitting 557 0 -9999.0 -9999.0 -9999.0 -9999.0 1.3003415906177906 0.5495013160563614 0.4849281347249202 22.487111245251256 -8.82003191533864 -0.4003580381037284 -0.004784593708404117 
Pedestrain_sitting 556 0 -9999.0 -9999.0 -9999.0 -9999.0 1.3003415906177906 0.5495013160563614 0.4849281347249202 21.123379464894086 -8.686208215071325 -0.4050981811872001 3.1368080825650217 
Pedestrain_sitting 555 0 -9999.0 -9999.0 -9999.0 -9999.0 1.3003415906177906 0.5495013160563614 0.4849281347249202 21.10378083943745 -7.974881922067642 -0.3935095427819084 3.1368080825650217 
Pedestrian 23 0 -9999.0 -9999.0 -9999.0 -9999.0 1.733985410563253 0.6134757942819711 0.7222749871810963 17.19444138341189 -4.873618287672166 -0.0641225012148822 -2.0191023197871907 
