Car 2 0 -9999.0 -9999.0 -9999.0 -9999.0 1.7161032172723623 4.3042446659889535 2.497900330371051 29.781502366985627 0.8333348130447193 -1.2051574723679455 0.07281321653102601 
Pedestrian 26 0 -9999.0 -9999.0 -9999.0 -9999.0 1.8 0.880638232653005 0.7173897124333324 40.21804060640495 -3.3503895285030407 -2.2140602401570604 -2.954805073580406 
Pedestrian 25 0 -9999.0 -9999.0 -9999.0 -9999.0 1.8 0.880638232653005 0.7173897124333324 40.33472931590101 -2.633104514469338 -2.2114214095121394 -2.954805073580406 
Car 3 0 -9999.0 -9999.0 -9999.0 -9999.0 1.4301220212552401 4 1.8633935758759457 55.64324458478556 -0.20411702344716398 -3.2189031743059173 -3.0521482483721982 
Pedestrain_sitting 21 0 -9999.0 -9999.0 -9999.0 -9999.0 0.9170967942404316 0.6239191457374971 0.6351946031908755 11.794218468353389 5.243247861525701 0.6329476613452534 0.12838431329292987 
Pedestrian 602 0 -9999.0 -9999.0 -9999.0 -9999.0 1.7238665634959034 0.5990216574770284 0.5824301662283978 18.98125780578106 16.227901413553067 0.25364789178082103 -1.38979137166322 
Pedestrian 603 0 -9999.0 -9999.0 -9999.0 -9999.0 1.8192270588984627 0.6324640994580073 0.6782236572752955 19.015692374118146 17.76005729970158 0.46505088635360115 -1.3897913716632182 
Pedestrian 601 0 -9999.0 -9999.0 -9999.0 -9999.0 1.7334194695403702 0.5901000815388179 0.5961420748625704 18.698127871367596 12.647469449542605 0.10953238401037832 1.668918040089327 
Pedestrian 600 0 -9999.0 -9999.0 -9999.0 -9999.0 1.8985119489706095 0.7891492470282006 0.774319038074053 17.982099729753152 13.550003932211606 0.6051245409656367 -1.4788939206360325 
Pedestrian 1006 0 -9999.0 -9999.0 -9999.0 -9999.0 1.8319269034634074 0.7746621567225385 0.7296367421575172 28.352031891200532 -4.806766564905848 -1.0984596797066197 -0.1578408670536362 
Pedestrian 1005 0 -9999.0 -9999.0 -9999.0 -9999.0 1.7182020193881877 0.7271215203340413 0.7172417616036824 28.31288159250673 -4.176833584123952 -1.254488454856169 -0.160255397336325 
Pedestrian 999 0 -9999.0 -9999.0 -9999.0 -9999.0 1.7478363069824068 0.6324640994580073 0.6450381271264 20.811245596542168 5.976432463037438 -0.05364397760722045 2.284773284010498 
Pedestrian 702 0 -9999.0 -9999.0 -9999.0 -9999.0 1.7242744269198185 0.63 0.6898739737048278 -25.010943458409354 3.0666655168086163 3.736284629321532 -3.00732011091074 
Pedestrian 703 0 -9999.0 -9999.0 -9999.0 -9999.0 1.7717383253829708 0.63 0.6566716672544799 -24.955316937989814 3.7420871820636115 3.7903755216397657 -3.00732011091074 
Pedestrian 1001 0 -9999.0 -9999.0 -9999.0 -9999.0 1.8190235843771385 0.6309324708718423 0.6213012349133786 32.53760096288548 2.7161492828453624 -1.3998855349649673 1.5959482666464737 
Pedestrian 888 0 -9999.0 -9999.0 -9999.0 -9999.0 1.5366259275535865 0.5877254913696837 0.6357928477663076 12.88480079650569 7.184103557166701 0.4991481623087748 0.11205234722890456 
Pedestrian 223 0 -9999.0 -9999.0 -9999.0 -9999.0 1.7272234413230434 0.6942712320825266 0.6155335882708507 37.150825355846216 -7.245244427779774 -1.9039526538022922 0.6419837606287668 
Pedestrian 3 0 -9999.0 -9999.0 -9999.0 -9999.0 1.6413741868673242 0.9102319618606736 0.749658509723502 24.56681586632946 1.6944320130766601 -0.7237909203644985 -2.7913237223610707 
Pedestrian 5 0 -9999.0 -9999.0 -9999.0 -9999.0 1.6467102258502564 0.8504990806290904 0.946862823709426 -1.6103165586598038 3.2548210837537623 1.5651851030108275 0.3482993860738963 
Pedestrian 4 0 -9999.0 -9999.0 -9999.0 -9999.0 1.7335733350919327 0.8234084053360446 0.7316008376188541 -1.788791377801492 3.881467280686898 1.6663692947235458 0.07142051817129591 
Pedestrian 1 0 -9999.0 -9999.0 -9999.0 -9999.0 1.830187787627785 0.8467364901875526 1.030957247409183 2.2668253081021947 3.6895312258297115 1.3034165401625446 -0.9238214536144156 
Pedestrian 2 0 -9999.0 -9999.0 -9999.0 -9999.0 1.6047004871739794 0.8225193905720728 0.8427564948210492 -0.10366674904203761 5.042386126378846 1.5381284257737768 0.6475045959516912 
Pedestrian 6 0 -9999.0 -9999.0 -9999.0 -9999.0 1.8 0.7815797515521649 0.729516349447393 28.107902816841538 -2.6926968587929716 -1.0443863308275758 -3.0167883473967656 
Pedestrian 7 0 -9999.0 -9999.0 -9999.0 -9999.0 1.85 0.7446143281153959 0.7378356243838986 27.90578616535361 -3.4062451906174505 -1.0555011303827768 -3.0167473323324607 
Pedestrian 9 0 -9999.0 -9999.0 -9999.0 -9999.0 1.7388951330758573 0.762844615165235 0.6125796005267553 19.04297327916472 2.475427261007018 -0.17910713757193045 2.0364855860190545 
Pedestrian 10 0 -9999.0 -9999.0 -9999.0 -9999.0 1.7238665634959034 0.765649395571576 0.6782236572752955 19.621030945475642 2.5126177007986428 -0.24381896286113858 1.941183437534157 
Car 1 0 -9999.0 -9999.0 -9999.0 -9999.0 1.9636838768401188 5.159477280173534 1.9749927503715075 8.763183255457381 -3.127170258682313 0.7133174913067941 0.07789770969806042 
Pedestrian 11 0 -9999.0 -9999.0 -9999.0 -9999.0 1.833843394516407 0.888361750840276 0.8547891083331658 50.14020906022098 -1.9687413567376477 -3.4171827429841617 -3.0700746777257653 
Pedestrian 44 0 -9999.0 -9999.0 -9999.0 -9999.0 1.773026559218124 1 0.9694486388550138 -10.93076373362549 2.0942747028698157 2.5181189923563108 -3.0180679883784958 
Pedestrian 43 0 -9999.0 -9999.0 -9999.0 -9999.0 1.6975355979754738 1 1.115836959245979 -10.528274149893308 0.9867316012907161 2.4766605254952365 -3.0209179291950754 
Pedestrian 18 0 -9999.0 -9999.0 -9999.0 -9999.0 1.553791531556044 0.9350978240778415 0.7014189842208715 3.606124768311967 -1.1732232150670612 1.0262679399179144 0.03449643599236829 
Pedestrian 17 0 -9999.0 -9999.0 -9999.0 -9999.0 1.6786936986616088 0.9385842718372612 0.8570610823441984 2.7991052881361007 -0.5606351510518043 1.107574140241593 -0.01940632130246378 
Pedestrian 19 0 -9999.0 -9999.0 -9999.0 -9999.0 1.88766995436284 0.8473523143195599 0.8020167022554571 22.318356885048257 1.3644167990649319 -0.3816743864310556 -0.027807985624241027 
Pedestrian 20 0 -9999.0 -9999.0 -9999.0 -9999.0 1.8942850025152396 0.7837367986462382 0.6986151564054772 22.01463315742498 0.7245730937461757 -0.35618833391745214 -0.02803471300616245 
Pedestrian 8 0 -9999.0 -9999.0 -9999.0 -9999.0 1.7182020193881877 0.84040506779357 0.7617142683117479 25.559732953865844 -3.596450793778261 -0.8409491210623243 2.91994616432504 
Pedestrian 36 0 -9999.0 -9999.0 -9999.0 -9999.0 1.85 0.8455221526426029 0.7795427445654814 -6.008892872638922 5.547379143884031 1.6971052140491398 -1.1350935539862625 
Pedestrian 1002 0 -9999.0 -9999.0 -9999.0 -9999.0 1.5480067025273518 0.5644233003512866 0.6213012349133786 34.75752344159637 -3.0619094947294014 -1.8034293539489614 -3.043520129541184 
Pedestrian 16 0 -9999.0 -9999.0 -9999.0 -9999.0 1.5480067025273518 0.5644233003512866 0.6213012349133786 34.764581984195736 -3.9783859455579247 -1.8829810157943125 -3.0435201263581977 
Pedestrian 34 0 -9999.0 -9999.0 -9999.0 -9999.0 1.8 0.742563890087286 0.7166973150341831 -6.939240441912812 5.328796774523245 1.685991166868547 -1.2337185876331986 
Pedestrian 27 0 -9999.0 -9999.0 -9999.0 -9999.0 1.8 0.8271693526588353 0.8407252643496999 30.06215109213694 -0.10425962386312951 -1.1267362686656863 2.0956989606055867 
Pedestrian 503 0 -9999.0 -9999.0 -9999.0 -9999.0 1.5098862519504819 0.7016892788347073 0.6244449312827264 23.947418665998434 5.235858960419165 -0.23531076276777063 2.395193348729382 
Pedestrian 28 0 -9999.0 -9999.0 -9999.0 -9999.0 1.9344750647178444 0.9180852004756592 0.7505107045290647 37.673473785614625 -0.9678729686747009 -1.8288774647471748 0.0053178585125994715 
Pedestrian 29 0 -9999.0 -9999.0 -9999.0 -9999.0 1.914706511234499 0.9112747753301017 0.7505107045290647 37.63377799334798 -0.25320306947108384 -1.8083305415642759 0.005317858512576379 
Pedestrian 22 0 -9999.0 -9999.0 -9999.0 -9999.0 1.7272234413230434 0.8930338539667776 0.7589542967325148 28.456625892531065 -5.2852269478051195 -1.2939094019984374 -1.7902479014484385 
Pedestrian 502 0 -9999.0 -9999.0 -9999.0 -9999.0 1.5580631857725595 0.6324640994580073 0.6231826615974934 23.47006590209892 5.744623267688939 -0.2277654662785634 2.3981890257427274 
Pedestrian 45 0 -9999.0 -9999.0 -9999.0 -9999.0 1.840803791853019 0.9047965827395252 0.7795427445654814 12.22187366815854 -2.6710001780913757 0.34512648372439514 -2.684797169362998 
Pedestrain_sitting 20 0 -9999.0 -9999.0 -9999.0 -9999.0 0.9288023059382893 0.630173997091732 0.7116151379014846 10.918177532240026 5.309375934663809 0.6818057925404903 -3.0335145178530283 
Pedestrian 30 0 -9999.0 -9999.0 -9999.0 -9999.0 1.6574581668813668 0.5844020196858356 0.6601390122619767 54.58165202896749 -3.1669806236961735 -3.7669426080092876 0.18858113317269165 
Pedestrian 200 0 -9999.0 -9999.0 -9999.0 -9999.0 1.7521106512660325 0.9162872598483918 0.6944942567378337 -3.5838927293318563 2.5525882226254346 1.878337656205382 -3.0653475667489722 
Pedestrian 24 0 -9999.0 -9999.0 -9999.0 -9999.0 1.5665724604937843 0.8256175940025915 0.7327379765104859 22.719095144651153 -5.314410555040789 -0.753913296141422 -1.470567561333013 
Pedestrian 35 0 -9999.0 -9999.0 -9999.0 -9999.0 1.85 0.8455221526426029 0.8055941736449839 7.979771493122354 3.819795450082393 0.7853858376457838 -3.0816768374417105 
Pedestrian 31 0 -9999.0 -9999.0 -9999.0 -9999.0 1.6183186744299025 0.6340866970656824 0.5322695037304019 56.58716164605201 -2.3557891380137486 -3.910620553357241 -3.0553355148965053 
Pedestrian 32 0 -9999.0 -9999.0 -9999.0 -9999.0 1.6264157795512513 0.6356555012147109 0.5322695037304019 56.12076189163085 -1.6794901142683543 -3.9021542954726214 -3.056922019186569 
Pedestrian 33 0 -9999.0 -9999.0 -9999.0 -9999.0 1.85 1.011633098401595 1.1292297078013385 42.09702088014854 -6.3921197045639335 -2.3293189407306634 2.755715024478837 
Pedestrian 39 0 -9999.0 -9999.0 -9999.0 -9999.0 1.6992181517554945 0.7236988029930532 0.6130136573276566 -3.571352262496348 1.8784166686141979 1.864938918927171 -3.0566387383208333 
Pedestrian 49 0 -9999.0 -9999.0 -9999.0 -9999.0 1.8880449392725787 0.7266739568839767 0.719062337692116 -13.234486062435277 -2.0996273478820564 2.304255222029733 1.1335962261726547 
Pedestrian 51 0 -9999.0 -9999.0 -9999.0 -9999.0 1.7084772160642387 0.6876926218915868 0.6022575416759411 -8.40253053660018 -2.321680182828333 2.1164799422415292 1.7806207929365527 
Pedestrian 50 0 -9999.0 -9999.0 -9999.0 -9999.0 1.6682901068147347 0.7378107948553352 0.6318862957964667 -9.15160126737701 -1.969559880486273 2.0645274232098347 1.774286363237355 
Pedestrian 37 0 -9999.0 -9999.0 -9999.0 -9999.0 1.7674898152527898 0.7851268766529278 0.7077031440696406 -0.13982102944452596 1.1392920704468958 1.5593721637452302 -1.3645614764341722 
Pedestrian 38 0 -9999.0 -9999.0 -9999.0 -9999.0 1.768936684463284 0.7798122203956248 0.6543593384916504 0.6277900457972112 1.2865109809032844 1.5490726524587395 -1.4368863407931585 
Pedestrian 48 0 -9999.0 -9999.0 -9999.0 -9999.0 1.8437648405814306 0.63 0.8639507388388924 -12.613621802148401 -1.6093504084757435 2.2885383766101337 0.18307432699834436 
Pedestrain_sitting 557 0 -9999.0 -9999.0 -9999.0 -9999.0 1.3003415906177906 0.5495013160563614 0.4849281347249202 22.522081475885326 -8.82323064334234 -0.6197480700097471 -0.004784609937724227 
Pedestrain_sitting 556 0 -9999.0 -9999.0 -9999.0 -9999.0 1.3003415906177906 0.5495013160563614 0.4849281347249202 21.162600462353968 -8.701856181865551 -0.6241488598336447 3.1368080825650217 
Pedestrain_sitting 555 0 -9999.0 -9999.0 -9999.0 -9999.0 1.3003415906177906 0.5495013160563614 0.4849281347249202 21.14291834587073 -7.9775766150091 -0.6082053601760286 3.1368080825650217 
Pedestrian 23 0 -9999.0 -9999.0 -9999.0 -9999.0 1.733985410563253 0.6134757942819711 0.7222749871810963 17.196039572854513 -4.882409635177492 -0.23003142619014053 -2.0191023197871907 
