Car 2 0 -9999.0 -9999.0 -9999.0 -9999.0 1.7161032172723623 4.3042446659889535 2.497900330371051 29.760681155762295 0.897280267006155 -1.6699160594921305 0.07281321653102601 
Pedestrian 26 0 -9999.0 -9999.0 -9999.0 -9999.0 1.8 0.880638232653005 0.7173897124333324 34.38967787892658 -3.605404511955454 -2.308156552965041 -2.954805073580406 
Pedestrian 25 0 -9999.0 -9999.0 -9999.0 -9999.0 1.8 0.880638232653005 0.7173897124333324 34.45986614543088 -2.868485908433563 -2.3117550596606478 -2.954805073580406 
Car 3 0 -9999.0 -9999.0 -9999.0 -9999.0 1.4301220212552401 4 1.8633935758759457 55.55624366185945 -0.19631445891313598 -3.3395028152633253 -3.0521482483721982 
Pedestrian 42 0 -9999.0 -9999.0 -9999.0 -9999.0 1.9110630666244788 0.6648425352273584 0.7730646177530336 -23.974269102732407 0.72478301816784 3.0845300845609356 -3.0518285006327606 
Pedestrian 41 0 -9999.0 -9999.0 -9999.0 -9999.0 1.7717383253829708 0.6171990397476583 0.6601212154854279 -24.02098555758905 0.0439176450217712 2.997782770734997 -3.0681980678849285 
Pedestrain_sitting 21 0 -9999.0 -9999.0 -9999.0 -9999.0 0.9170967942404316 0.6239191457374971 0.6351946031908755 11.758766868880155 5.242948643950612 0.010831006040252111 0.12901680968736162 
Pedestrian 702 0 -9999.0 -9999.0 -9999.0 -9999.0 1.7242744269198185 0.63 0.6898739737048278 -31.458271512696154 4.320204230517638 3.698604094044051 -3.00732011091074 
Pedestrian 703 0 -9999.0 -9999.0 -9999.0 -9999.0 1.7717383253829708 0.63 0.6566716672544799 -31.188076035619662 4.94478479231877 3.7287135551612556 -3.00732011091074 
Pedestrian 1001 0 -9999.0 -9999.0 -9999.0 -9999.0 1.8190235843771385 0.6309324708718423 0.6213012349133786 32.376419711922225 2.8605987158784534 -1.5705859797244406 1.5959482666212672 
Pedestrian 765 0 -9999.0 -9999.0 -9999.0 -9999.0 1.765427731387784 0.6045377694180526 0.7280996093110779 30.004354236614518 2.25827787877569 -1.6100816134952438 -2.679149934757458 
Pedestrian 888 0 -9999.0 -9999.0 -9999.0 -9999.0 1.5366259275535865 0.5877254913696837 0.6357928477663076 12.076902347638207 7.806459926036101 -0.056665910097098156 -3.075893256697505 
Pedestrian 223 0 -9999.0 -9999.0 -9999.0 -9999.0 1.7272234413230434 0.6942712320825266 0.6155335882708507 37.539831763933876 -6.983661434363326 -2.5812224675255266 0.6419837609852319 
Pedestrian 3 0 -9999.0 -9999.0 -9999.0 -9999.0 1.6413741868673242 0.9102319618606736 0.749658509723502 18.810611931508497 1.7643331898371315 -0.8169707600466725 -2.86591423304586 
Pedestrian 5 0 -9999.0 -9999.0 -9999.0 -9999.0 1.6467102258502564 0.8504990806290904 0.946862823709426 2.4978038506088054 2.501406163012865 0.6438786711651823 0.3177918933554924 
Pedestrian 4 0 -9999.0 -9999.0 -9999.0 -9999.0 1.7335733350919327 0.8234084053360446 0.7316008376188541 1.7996735995763 2.873898265993311 0.6450482204474245 0.07249238879092701 
Pedestrian 1 0 -9999.0 -9999.0 -9999.0 -9999.0 1.830187787627785 0.8467364901875526 1.030957247409183 2.303384537993647 3.682587493364294 0.6526461833066541 -3.0081250575984804 
Pedestrian 2 0 -9999.0 -9999.0 -9999.0 -9999.0 1.6047004871739794 0.8225193905720728 0.8427564948210492 1.9537720797136324 4.256552827698637 0.5188556267595763 0.44073170814027307 
Pedestrian 6 0 -9999.0 -9999.0 -9999.0 -9999.0 1.8 0.7815797515521649 0.729516349447393 22.618716572053696 -2.1129499151894726 -1.175305317055777 -3.016788474899551 
Pedestrian 7 0 -9999.0 -9999.0 -9999.0 -9999.0 1.85 0.7446143281153959 0.7378356243838986 22.20715667086341 -2.8026129303350054 -1.1514097404059196 -3.0167473323324607 
Pedestrian 9 0 -9999.0 -9999.0 -9999.0 -9999.0 1.7388951330758573 0.762844615165235 0.6125796005267553 19.07477127968603 2.5181128722734094 -0.8156076962487975 2.042587231455853 
Pedestrian 10 0 -9999.0 -9999.0 -9999.0 -9999.0 1.7238665634959034 0.765649395571576 0.6782236572752955 19.752647162188623 2.3723263740349436 -0.9020340518141894 2.0388811928563477 
Car 1 0 -9999.0 -9999.0 -9999.0 -9999.0 1.9636838768401188 5.159477280173534 1.9749927503715075 8.674050544311909 -3.1306717115247125 0.2866549947415218 0.07789770968611087 
Pedestrian 11 0 -9999.0 -9999.0 -9999.0 -9999.0 1.833843394516407 0.888361750840276 0.8547891083331658 42.08327448349481 -1.7032172031501316 -2.8328612523336694 -3.0700747347118593 
Pedestrian 44 0 -9999.0 -9999.0 -9999.0 -9999.0 1.773026559218124 1 0.9694486388550138 -17.967559133621513 2.815662240056714 2.558357429754969 -3.05012838109789 
Pedestrian 43 0 -9999.0 -9999.0 -9999.0 -9999.0 1.6975355979754738 1 1.115836959245979 -18.06560285757873 1.795807638451192 2.53317850454894 -3.0506622184166403 
Pedestrian 18 0 -9999.0 -9999.0 -9999.0 -9999.0 1.553791531556044 0.9350978240778415 0.7014189842208715 6.897828509479534 -1.3357103313657581 0.218229433337429 0.07287260605901924 
Pedestrian 17 0 -9999.0 -9999.0 -9999.0 -9999.0 1.6786936986616088 0.9385842718372612 0.8570610823441984 7.2368396583465655 -0.7205536485548577 0.2522818937360079 0.1384680986647968 
Pedestrian 19 0 -9999.0 -9999.0 -9999.0 -9999.0 1.88766995436284 0.8473523143195599 0.8020167022554571 26.28454021528737 0.6607673500918156 -1.4570427343021266 0.5447757021393098 
Pedestrian 20 0 -9999.0 -9999.0 -9999.0 -9999.0 1.8942850025152396 0.7837367986462382 0.6986151564054772 25.661293830878545 0.012067719600152748 -1.366697993495843 0.5447757280773722 
Pedestrian 8 0 -9999.0 -9999.0 -9999.0 -9999.0 1.7182020193881877 0.84040506779357 0.7617142683117479 20.618271556176644 -3.614166174950915 -0.995609337344034 -3.103649072737376 
Pedestrian 36 0 -9999.0 -9999.0 -9999.0 -9999.0 1.85 0.8455221526426029 0.7795427445654814 -6.370950914059321 4.870997325172671 1.2602371537693624 -1.1350937314921197 
Pedestrian 1002 0 -9999.0 -9999.0 -9999.0 -9999.0 1.5480067025273518 0.5644233003512866 0.6213012349133786 28.685045460117593 -3.071601997314831 -1.855580120071045 -3.043520129541184 
Pedestrian 16 0 -9999.0 -9999.0 -9999.0 -9999.0 1.5480067025273518 0.5644233003512866 0.6213012349133786 28.562818560721983 -3.7936274282609395 -1.853551890382708 -3.043520134474047 
Pedestrian 34 0 -9999.0 -9999.0 -9999.0 -9999.0 1.8 0.742563890087286 0.7166973150341831 -7.312276674647927 4.823977325767682 1.2861664184820167 -1.2337455372675201 
Pedestrian 27 0 -9999.0 -9999.0 -9999.0 -9999.0 1.8 0.8271693526588353 0.8407252643496999 29.72465087280609 -0.26635816377256405 -1.6920526012622439 1.59638743796339 
Pedestrian 503 0 -9999.0 -9999.0 -9999.0 -9999.0 1.5098862519504819 0.7016892788347073 0.6244449312827264 24.081862250919805 5.391935884778606 -1.081679559994035 2.395193348729382 
Pedestrian 22 0 -9999.0 -9999.0 -9999.0 -9999.0 1.7272234413230434 0.8930338539667776 0.7589542967325148 25.527950489661688 -4.129532344304669 -1.3603287207834718 -3.0141847469136707 
Pedestrian 777 0 -9999.0 -9999.0 -9999.0 -9999.0 1.5601539586488533 0.7742910735758141 0.7734620811052282 -11.450144938877747 2.8330885197214317 1.863726504836207 0.804179586971161 
Pedestrian 502 0 -9999.0 -9999.0 -9999.0 -9999.0 1.5580631857725595 0.6324640994580073 0.6231826615974934 23.286804925517213 5.5710750662212645 -0.9509839192267848 2.38483240469958 
Pedestrian 45 0 -9999.0 -9999.0 -9999.0 -9999.0 1.840803791853019 0.9047965827395252 0.7795427445654814 7.132399354448548 -1.7948715127127197 0.3093840985506865 3.1354613119275374 
Pedestrain_sitting 20 0 -9999.0 -9999.0 -9999.0 -9999.0 0.9288023059382893 0.630173997091732 0.7116151379014846 10.88999558778025 5.290544001740834 0.10271351953149777 -3.0334876953004546 
Car 4 0 -9999.0 -9999.0 -9999.0 -9999.0 2.0589564776245735 4.5 2.044844764170049 -33.19142077343216 6.734281279311378 4.007026068759505 0.15975626962034895 
Pedestrian 200 0 -9999.0 -9999.0 -9999.0 -9999.0 1.7521106512660325 0.9162872598483918 0.6944942567378337 -9.602250834117477 3.4079434925162286 1.868359693723918 -3.0560813730638205 
Pedestrian 47 0 -9999.0 -9999.0 -9999.0 -9999.0 1.739259612086605 0.9765708634005151 0.6968829901888434 -10.60701801763213 1.786197578837647 1.899071990481912 0.4479377053267939 
Pedestrian 111 0 -9999.0 -9999.0 -9999.0 -9999.0 1.83889513307586 0.7017705575400481 0.6922125420881973 17.341041282396695 5.136377252959153 -0.24079184878579576 0.27355200277757064 
Pedestrian 24 0 -9999.0 -9999.0 -9999.0 -9999.0 1.5665724604937843 0.8256175940025915 0.7327379765104859 19.348182233064293 -5.023512480487515 -0.9248760819484949 3.131483008430541 
Pedestrian 46 0 -9999.0 -9999.0 -9999.0 -9999.0 1.739259612086605 0.8137808070594968 0.7631092640473314 -10.376429735228474 2.4750653700559786 1.9076295370222136 0.44793771905509416 
Pedestrian 35 0 -9999.0 -9999.0 -9999.0 -9999.0 1.85 0.8455221526426029 0.8055941736449839 3.178070060561672 4.696706202263984 0.5441454438147282 -3.08177660938952 
Pedestrian 39 0 -9999.0 -9999.0 -9999.0 -9999.0 1.6992181517554945 0.7236988029930532 0.6130136573276566 -9.633584862808785 2.7580134963493 1.8300814729010342 -3.056161702698031 
Pedestrian 49 0 -9999.0 -9999.0 -9999.0 -9999.0 1.8880449392725787 0.7266739568839767 0.719062337692116 -13.112154961879199 -2.2113506677850365 1.8954953583557688 1.133596091093235 
Pedestrian 51 0 -9999.0 -9999.0 -9999.0 -9999.0 1.7084772160642387 0.6876926218915868 0.6022575416759411 -8.580389806779992 -2.5278036590801705 1.8173059736654407 1.7806207929365527 
Pedestrian 50 0 -9999.0 -9999.0 -9999.0 -9999.0 1.6682901068147347 0.7378107948553352 0.6318862957964667 -9.192191804442267 -2.3260612778086127 1.8176702587784295 1.774286363237355 
Pedestrian 37 0 -9999.0 -9999.0 -9999.0 -9999.0 1.7674898152527898 0.7851268766529278 0.7077031440696406 -4.807332733282465 2.228509688223348 1.2866846291893503 -2.9492654340885327 
Pedestrian 38 0 -9999.0 -9999.0 -9999.0 -9999.0 1.768936684463284 0.7798122203956248 0.6543593384916504 -4.796597510101984 2.933710652619595 1.2143337154332008 -2.95008889962625 
Pedestrian 48 0 -9999.0 -9999.0 -9999.0 -9999.0 1.8437648405814306 0.63 0.8639507388388924 -12.61795323398725 -1.8084151365257097 1.8756888646942236 0.183077311740929 
Pedestrain_sitting 557 0 -9999.0 -9999.0 -9999.0 -9999.0 1.3003415906177906 0.5495013160563614 0.4849281347249202 22.710706725580522 -8.828371986463338 -1.0826569681391287 -0.004784697503648516 
Pedestrain_sitting 556 0 -9999.0 -9999.0 -9999.0 -9999.0 1.3003415906177906 0.5495013160563614 0.4849281347249202 21.2360197676397 -8.66056706035452 -1.0975852507751485 3.1368080825650217 
Pedestrain_sitting 555 0 -9999.0 -9999.0 -9999.0 -9999.0 1.3003415906177906 0.5495013160563614 0.4849281347249202 21.21676981679273 -7.945359077364117 -1.1002617372752446 3.1368080825650217 
Pedestrian 23 0 -9999.0 -9999.0 -9999.0 -9999.0 1.733985410563253 0.6134757942819711 0.7222749871810963 17.196185980687076 -4.850412064523752 -0.6759428746748919 -2.0191023197871907 
