Car 2 0 -9999.0 -9999.0 -9999.0 -9999.0 1.7161032172723623 4.3042446659889535 2.497900330371051 29.673170464403714 1.311435266218257 -2.175592254432483 0.07281321653102601 
Pedestrian 26 0 -9999.0 -9999.0 -9999.0 -9999.0 1.8 0.880638232653005 0.7173897124333324 28.99573740585484 -3.9400010188841654 -2.0724751185603627 -2.954805073580406 
Pedestrian 25 0 -9999.0 -9999.0 -9999.0 -9999.0 1.8 0.880638232653005 0.7173897124333324 29.148727258748202 -3.2028787668896577 -2.0784834443665865 -2.954805073580406 
Car 3 0 -9999.0 -9999.0 -9999.0 -9999.0 1.4301220212552401 4 1.8633935758759457 55.46924496623721 -0.1885120941319571 -3.4600993687586845 -3.0521482483721982 
Pedestrian 42 0 -9999.0 -9999.0 -9999.0 -9999.0 1.9110630666244788 0.6648425352273584 0.7730646177530336 -27.202633976060046 0.2305950505304927 2.8472768628127527 1.4437313418376325 
Pedestrian 41 0 -9999.0 -9999.0 -9999.0 -9999.0 1.7717383253829708 0.6171990397476583 0.6601212154854279 -26.791823895590152 0.6403974976290125 2.7254358717993754 1.4432725783896752 
Pedestrain_sitting 21 0 -9999.0 -9999.0 -9999.0 -9999.0 0.9170967942404316 0.6239191457374971 0.6351946031908755 11.72331617700057 5.242649434035768 -0.6112697225045379 0.12964928988930158 
Pedestrian 702 0 -9999.0 -9999.0 -9999.0 -9999.0 1.7242744269198185 0.63 0.6898739737048278 -38.43350049381888 5.432916336042226 3.828302580922031 -3.00732011091074 
Pedestrian 703 0 -9999.0 -9999.0 -9999.0 -9999.0 1.7717383253829708 0.63 0.6566716672544799 -38.300431104810194 6.177740005069264 3.899335458694708 -3.00732011091074 
Pedestrian 1001 0 -9999.0 -9999.0 -9999.0 -9999.0 1.8190235843771385 0.6309324708718423 0.6213012349133786 32.1122421704712 2.811514325747726 -2.21859484709582 1.5959482665030071 
Pedestrian 765 0 -9999.0 -9999.0 -9999.0 -9999.0 1.765427731387784 0.6045377694180526 0.7280996093110779 29.383669470027986 2.406870837624125 -2.029308408419101 -1.6688956989958914 
Pedestrian 888 0 -9999.0 -9999.0 -9999.0 -9999.0 1.5366259275535865 0.5877254913696837 0.6357928477663076 13.71565991215458 8.079369514544732 -0.5727220897661579 -3.101982836209231 
Pedestrian 223 0 -9999.0 -9999.0 -9999.0 -9999.0 1.7272234413230434 0.6942712320825266 0.6155335882708507 37.35159115279131 -6.908553476851369 -2.610827616160825 0.641983743097227 
Pedestrian 3 0 -9999.0 -9999.0 -9999.0 -9999.0 1.6413741868673242 0.9102319618606736 0.749658509723502 12.927650516730276 2.5465947503109634 -0.7428342924975609 -2.86591423304586 
Pedestrian 5 0 -9999.0 -9999.0 -9999.0 -9999.0 1.6467102258502564 0.8504990806290904 0.946862823709426 4.430173571382879 2.67174933394525 0.04609658423672772 0.32861975048999614 
Pedestrian 4 0 -9999.0 -9999.0 -9999.0 -9999.0 1.7335733350919327 0.8234084053360446 0.7316008376188541 2.95834964932997 2.9212000093583694 0.21618796581055794 0.1445209703065924 
Pedestrian 1 0 -9999.0 -9999.0 -9999.0 -9999.0 1.830187787627785 0.8467364901875526 1.030957247409183 2.1629223299889886 3.5124119730709555 0.3178666381658155 -3.0678007142983095 
Pedestrian 2 0 -9999.0 -9999.0 -9999.0 -9999.0 1.6047004871739794 0.8225193905720728 0.8427564948210492 2.904282439581158 3.8422750413835827 0.10651340958118793 0.44333380384632814 
Pedestrian 6 0 -9999.0 -9999.0 -9999.0 -9999.0 1.8 0.7815797515521649 0.729516349447393 16.828187619246087 -1.2296973814744003 -1.0031678251349025 -3.0167464288723522 
Pedestrian 7 0 -9999.0 -9999.0 -9999.0 -9999.0 1.85 0.7446143281153959 0.7378356243838986 16.584651212198533 -1.9454763109144582 -0.9703500969580896 -3.0167473323324607 
Pedestrian 9 0 -9999.0 -9999.0 -9999.0 -9999.0 1.7388951330758573 0.762844615165235 0.6125796005267553 17.247501363154164 2.0907458703711344 -1.0352438884961115 2.8985001965456707 
Pedestrian 10 0 -9999.0 -9999.0 -9999.0 -9999.0 1.7238665634959034 0.765649395571576 0.6782236572752955 17.71927832011032 1.6553110395223045 -1.0868082865686406 2.897952432846756 
Car 1 0 -9999.0 -9999.0 -9999.0 -9999.0 1.9636838768401188 5.159477280173534 1.9749927503715075 8.435420187829076 -3.096149543224887 -0.06284454916177101 0.07789770999752577 
Pedestrian 11 0 -9999.0 -9999.0 -9999.0 -9999.0 1.833843394516407 0.888361750840276 0.8547891083331658 34.10272235293045 -1.4542241222854815 -2.571412739833243 -3.070074774833854 
Pedestrian 44 0 -9999.0 -9999.0 -9999.0 -9999.0 1.773026559218124 1 0.9694486388550138 -25.487116346847614 3.3485893665045396 2.719096195332375 -3.0440994381115356 
Pedestrian 43 0 -9999.0 -9999.0 -9999.0 -9999.0 1.6975355979754738 1 1.115836959245979 -25.584919778239826 2.301359221768249 2.7326273925308633 -3.04405667789511 
Pedestrian 18 0 -9999.0 -9999.0 -9999.0 -9999.0 1.553791531556044 0.9350978240778415 0.7014189842208715 11.275941245162432 -2.3244521361616677 -0.5387440124253063 0.4230220693558957 
Pedestrian 17 0 -9999.0 -9999.0 -9999.0 -9999.0 1.6786936986616088 0.9385842718372612 0.8570610823441984 11.830922027410626 -1.837606353647429 -0.5329802757645579 0.4535940341977289 
Pedestrian 19 0 -9999.0 -9999.0 -9999.0 -9999.0 1.88766995436284 0.8473523143195599 0.8020167022554571 29.879250378241917 -0.33585033145876486 -2.0603760928609316 -0.011969094541559144 
Pedestrian 20 0 -9999.0 -9999.0 -9999.0 -9999.0 1.8942850025152396 0.7837367986462382 0.6986151564054772 29.55087259713395 -0.9264665900177496 -2.0897836265902074 -0.014072439716738216 
Pedestrian 8 0 -9999.0 -9999.0 -9999.0 -9999.0 1.7182020193881877 0.84040506779357 0.7617142683117479 16.371619929388306 -2.9362371491366326 -0.9160151544440251 -3.0311482569952126 
Pedestrian 36 0 -9999.0 -9999.0 -9999.0 -9999.0 1.85 0.8455221526426029 0.7795427445654814 -6.270684898359509 5.150787813135278 1.076867955218453 -1.1352216892814493 
Pedestrian 1002 0 -9999.0 -9999.0 -9999.0 -9999.0 1.5480067025273518 0.5644233003512866 0.6213012349133786 22.342570066171124 -2.693998769018433 -1.447445041816435 -3.043520129541184 
Pedestrian 16 0 -9999.0 -9999.0 -9999.0 -9999.0 1.5480067025273518 0.5644233003512866 0.6213012349133786 22.077276696406045 -3.576296104871604 -1.4924503048250168 -3.0435201293389174 
Pedestrian 34 0 -9999.0 -9999.0 -9999.0 -9999.0 1.8 0.742563890087286 0.7166973150341831 -7.171202848300262 5.401604904940191 1.1520292378042523 -1.2270607281806285 
Pedestrian 503 0 -9999.0 -9999.0 -9999.0 -9999.0 1.5098862519504819 0.7016892788347073 0.6244449312827264 23.533756783359873 5.19754155136017 -1.5450597939463333 2.395193348729382 
Pedestrian 14 0 -9999.0 -9999.0 -9999.0 -9999.0 1.5350666013118595 0.6767124353147551 0.6338965826401189 23.446825706766823 0.3036393890020657 -1.585896637728995 2.114922518817675 
Pedestrian 15 0 -9999.0 -9999.0 -9999.0 -9999.0 1.4995242359067946 0.6433493585685015 0.616020103352135 23.86604122446731 -0.18832521525711965 -1.58219261915643 2.1182258358855925 
Pedestrian 22 0 -9999.0 -9999.0 -9999.0 -9999.0 1.7272234413230434 0.8930338539667776 0.7589542967325148 22.20562195094464 -4.162838441141035 -1.3783155632584572 -3.0159109315464434 
Pedestrian 777 0 -9999.0 -9999.0 -9999.0 -9999.0 1.5601539586488533 0.7742910735758141 0.7734620811052282 -9.9959355540485 0.8272082016887641 1.3611294357875472 0.1020452706849504 
Pedestrian 502 0 -9999.0 -9999.0 -9999.0 -9999.0 1.5580631857725595 0.6324640994580073 0.6231826615974934 22.913131026241803 5.64051597469688 -1.4924954039890426 2.3848309449232232 
Pedestrian 45 0 -9999.0 -9999.0 -9999.0 -9999.0 1.840803791853019 0.9047965827395252 0.7795427445654814 2.3886711575275412 -2.13879430692977 0.3867407379435228 3.1354613119275374 
Pedestrain_sitting 20 0 -9999.0 -9999.0 -9999.0 -9999.0 0.9288023059382893 0.630173997091732 0.7116151379014846 10.904418740603138 5.31284513095915 -0.49463345177775586 -3.0334608734345636 
Car 4 0 -9999.0 -9999.0 -9999.0 -9999.0 2.0589564776245735 4.5 2.044844764170049 -33.41940321037629 6.807477685072033 3.4546619700760433 0.15975626962034895 
Pedestrian 200 0 -9999.0 -9999.0 -9999.0 -9999.0 1.7521106512660325 0.9162872598483918 0.6944942567378337 -15.416287405885246 3.5627704587026736 1.7978516977288492 -3.0371479125045386 
Pedestrian 47 0 -9999.0 -9999.0 -9999.0 -9999.0 1.739259612086605 0.9765708634005151 0.6968829901888434 -10.309168567357643 -0.5973089445033168 1.403329604071924 0.10985976568978195 
Pedestrian 24 0 -9999.0 -9999.0 -9999.0 -9999.0 1.5665724604937843 0.8256175940025915 0.7327379765104859 17.68599302496839 -4.8319053735006 -1.1247153407908395 -1.6969098479562579 
Pedestrian 46 0 -9999.0 -9999.0 -9999.0 -9999.0 1.739259612086605 0.8137808070594968 0.7631092640473314 -10.24912869881661 0.060192318661511604 1.3969275821390348 0.13038066969094864 
Pedestrian 35 0 -9999.0 -9999.0 -9999.0 -9999.0 1.85 0.8455221526426029 0.8055941736449839 -2.547055244819662 4.850970670676502 0.7004107973698578 -3.108332364848037 
Pedestrian 39 0 -9999.0 -9999.0 -9999.0 -9999.0 1.6992181517554945 0.7236988029930532 0.6130136573276566 -15.469241636265734 2.949185652989103 1.8267112847463287 -3.0370654472458405 
Pedestrian 49 0 -9999.0 -9999.0 -9999.0 -9999.0 1.8880449392725787 0.7266739568839767 0.719062337692116 -13.397630669418184 -2.0530099139034172 1.6662870325765846 1.1334560460654384 
Pedestrian 51 0 -9999.0 -9999.0 -9999.0 -9999.0 1.7084772160642387 0.6876926218915868 0.6022575416759411 -8.60919541573199 -2.426004814029109 1.324453579316694 1.7806207929365527 
Pedestrian 50 0 -9999.0 -9999.0 -9999.0 -9999.0 1.6682901068147347 0.7378107948553352 0.6318862957964667 -9.326009793554288 -2.1341559530917866 1.3205192405621344 1.774286363237355 
Pedestrian 37 0 -9999.0 -9999.0 -9999.0 -9999.0 1.7674898152527898 0.7851268766529278 0.7077031440696406 -10.828199199275598 3.0517346822202187 1.4547552644314647 -2.949635559954558 
Pedestrian 38 0 -9999.0 -9999.0 -9999.0 -9999.0 1.768936684463284 0.7798122203956248 0.6543593384916504 -10.692317025592606 3.692855056349393 1.2479960095158769 -2.94957870962455 
Pedestrian 48 0 -9999.0 -9999.0 -9999.0 -9999.0 1.8437648405814306 0.63 0.8639507388388924 -12.795964999019544 -1.6919077083802987 1.640344522859906 0.18306810138918372 
Pedestrain_sitting 555 0 -9999.0 -9999.0 -9999.0 -9999.0 1.3003415906177906 0.5495013160563614 0.4849281347249202 21.20310156498999 -7.857752457718963 -1.2973852491796933 3.1368080825650217 
Pedestrian 23 0 -9999.0 -9999.0 -9999.0 -9999.0 1.733985410563253 0.6134757942819711 0.7222749871810963 16.974440483010984 -4.8416418579812515 -1.0236333660627452 -2.0191023197871907 
