Car 2 0 -9999.0 -9999.0 -9999.0 -9999.0 1.7161032172723623 4.3042446659889535 2.497900330371051 29.79573073707925 0.6815406866990266 -1.517786670866284 0.07281321653102601 
Pedestrian 26 0 -9999.0 -9999.0 -9999.0 -9999.0 1.8 0.880638232653005 0.7173897124333324 36.031167387311754 -3.4131340871614593 -2.2457049706905035 -2.954805073580406 
Pedestrian 25 0 -9999.0 -9999.0 -9999.0 -9999.0 1.8 0.880638232653005 0.7173897124333324 36.11891673678688 -2.7346741529104808 -2.235484411515583 -2.954805073580406 
Car 3 0 -9999.0 -9999.0 -9999.0 -9999.0 1.4301220212552401 4 1.8633935758759457 55.58203038797185 -0.19862710788105709 -3.303757563304759 -3.0521482483721982 
Pedestrian 42 0 -9999.0 -9999.0 -9999.0 -9999.0 1.9110630666244788 0.6648425352273584 0.7730646177530336 -22.24950780862102 0.9245622038897547 3.087471020299594 -3.0648857001508585 
Pedestrian 41 0 -9999.0 -9999.0 -9999.0 -9999.0 1.7717383253829708 0.6171990397476583 0.6601212154854279 -22.28884770203159 0.21496117903939255 3.0118639513475034 -3.068130111907177 
Pedestrain_sitting 21 0 -9999.0 -9999.0 -9999.0 -9999.0 0.9170967942404316 0.6239191457374971 0.6351946031908755 11.769274581386135 5.243037330844927 0.1952238982160377 0.12882934028196047 
Pedestrian 702 0 -9999.0 -9999.0 -9999.0 -9999.0 1.7242744269198185 0.63 0.6898739737048278 -29.756508073299468 3.9650668461147887 3.5937688378917665 -3.00732011091074 
Pedestrian 703 0 -9999.0 -9999.0 -9999.0 -9999.0 1.7717383253829708 0.63 0.6566716672544799 -29.633526125342716 4.687338421940396 3.652158960560309 -3.00732011091074 
Pedestrian 1001 0 -9999.0 -9999.0 -9999.0 -9999.0 1.8190235843771385 0.6309324708718423 0.6213012349133786 32.313079253998126 2.8456632764104786 -1.48942201089504 1.5959482666494846 
Pedestrian 888 0 -9999.0 -9999.0 -9999.0 -9999.0 1.5366259275535865 0.5877254913696837 0.6357928477663076 12.896263082939834 7.329514413972263 0.3710936618989525 -3.109681055076088 
Pedestrian 223 0 -9999.0 -9999.0 -9999.0 -9999.0 1.7272234413230434 0.6942712320825266 0.6155335882708507 37.62683705711857 -6.9162300419301515 -2.3647561456638826 0.6419837606352568 
Pedestrian 3 0 -9999.0 -9999.0 -9999.0 -9999.0 1.6413741868673242 0.9102319618606736 0.749658509723502 20.49533489278054 1.9004280063046843 -0.7668572224547261 -2.8639998964489877 
Pedestrian 5 0 -9999.0 -9999.0 -9999.0 -9999.0 1.6467102258502564 0.8504990806290904 0.946862823709426 1.696072933532188 2.824863416963904 0.926861187952552 0.31930173987968047 
Pedestrian 4 0 -9999.0 -9999.0 -9999.0 -9999.0 1.7335733350919327 0.8234084053360446 0.7316008376188541 0.7360365140501226 2.8740080282597633 0.9814053949737142 0.0703724134181325 
Pedestrian 1 0 -9999.0 -9999.0 -9999.0 -9999.0 1.830187787627785 0.8467364901875526 1.030957247409183 2.3390571634169843 3.6188701946455843 0.8202989085654576 -3.009340121183916 
Pedestrian 2 0 -9999.0 -9999.0 -9999.0 -9999.0 1.6047004871739794 0.8225193905720728 0.8427564948210492 1.5269744289988019 4.5778871250006 0.7005595562700648 0.441245798907417 
Pedestrian 6 0 -9999.0 -9999.0 -9999.0 -9999.0 1.8 0.7815797515521649 0.729516349447393 24.20100192883542 -2.34223030532413 -1.2220858260306875 -3.016788331125621 
Pedestrian 7 0 -9999.0 -9999.0 -9999.0 -9999.0 1.85 0.7446143281153959 0.7378356243838986 23.895896499696427 -3.0344760674416666 -1.2251887892473485 -3.0167473323324607 
Pedestrian 9 0 -9999.0 -9999.0 -9999.0 -9999.0 1.7388951330758573 0.762844615165235 0.6125796005267553 19.049519388520235 2.5115275275264044 -0.5897891193193407 2.039523647613102 
Pedestrian 10 0 -9999.0 -9999.0 -9999.0 -9999.0 1.7238665634959034 0.765649395571576 0.6782236572752955 19.616660351374623 2.4420262795523766 -0.669897068203067 2.034830645770093 
Car 1 0 -9999.0 -9999.0 -9999.0 -9999.0 1.9636838768401188 5.159477280173534 1.9749927503715075 8.747378428554834 -3.135230417082677 0.289155345492232 0.07789770973661092 
Pedestrian 11 0 -9999.0 -9999.0 -9999.0 -9999.0 1.833843394516407 0.888361750840276 0.8547891083331658 44.40863560559943 -1.656097433373216 -2.9142357442834523 -3.0700747176892698 
Pedestrian 44 0 -9999.0 -9999.0 -9999.0 -9999.0 1.773026559218124 1 0.9694486388550138 -15.708447660159113 2.7523975383903654 2.3334480434492253 -3.0596247944873056 
Pedestrian 43 0 -9999.0 -9999.0 -9999.0 -9999.0 1.6975355979754738 1 1.115836959245979 -15.84546667455974 1.7102303348259644 2.3048567883912825 -3.061066664803038 
Pedestrian 18 0 -9999.0 -9999.0 -9999.0 -9999.0 1.553791531556044 0.9350978240778415 0.7014189842208715 5.694807318189419 -1.252249458346883 0.37065254662579816 -0.01735345592779325 
Pedestrian 17 0 -9999.0 -9999.0 -9999.0 -9999.0 1.6786936986616088 0.9385842718372612 0.8570610823441984 5.85065486585981 -0.5468189177816792 0.45599805993454123 -0.023615032471953512 
Pedestrian 19 0 -9999.0 -9999.0 -9999.0 -9999.0 1.88766995436284 0.8473523143195599 0.8020167022554571 25.243391752352334 1.2699146512648998 -1.2065207896159138 0.3354120197281869 
Pedestrian 20 0 -9999.0 -9999.0 -9999.0 -9999.0 1.8942850025152396 0.7837367986462382 0.6986151564054772 24.70110083706696 0.609930188216888 -1.1265888869467664 0.3354989408961657 
Pedestrian 8 0 -9999.0 -9999.0 -9999.0 -9999.0 1.7182020193881877 0.84040506779357 0.7617142683117479 21.9662279497838 -3.7485541432496916 -0.9972421149889964 3.1130095914033653 
Pedestrian 36 0 -9999.0 -9999.0 -9999.0 -9999.0 1.85 0.8455221526426029 0.7795427445654814 -6.250710793777242 5.220210110009169 1.3583803127871281 -1.1350935147891938 
Pedestrian 1002 0 -9999.0 -9999.0 -9999.0 -9999.0 1.5480067025273518 0.5644233003512866 0.6213012349133786 30.582455827487813 -3.3654516459194195 -1.853959978463205 -3.043520129541184 
Pedestrian 16 0 -9999.0 -9999.0 -9999.0 -9999.0 1.5480067025273518 0.5644233003512866 0.6213012349133786 30.53214344333536 -4.086294434207807 -1.8281021000571052 -3.043520127399777 
Pedestrian 34 0 -9999.0 -9999.0 -9999.0 -9999.0 1.8 0.742563890087286 0.7166973150341831 -7.18518038796608 4.996244860156993 1.3807873574844947 -1.233710827002163 
Pedestrian 27 0 -9999.0 -9999.0 -9999.0 -9999.0 1.8 0.8271693526588353 0.8407252643496999 29.78023597914262 -0.26015954846642964 -1.498717649643006 1.5558646230140365 
Pedestrian 503 0 -9999.0 -9999.0 -9999.0 -9999.0 1.5098862519504819 0.7016892788347073 0.6244449312827264 23.966217417611297 5.248831943156391 -0.8853575589455027 2.395193348729382 
Pedestrian 28 0 -9999.0 -9999.0 -9999.0 -9999.0 1.9344750647178444 0.9180852004756592 0.7505107045290647 41.79066057973688 -0.6215810723953235 -2.9069433739365045 0.00531783692656429 
Pedestrian 29 0 -9999.0 -9999.0 -9999.0 -9999.0 1.914706511234499 0.9112747753301017 0.7505107045290647 41.39968571314457 -0.01251609201206832 -2.892454384174505 0.005317858512576379 
Pedestrian 22 0 -9999.0 -9999.0 -9999.0 -9999.0 1.7272234413230434 0.8930338539667776 0.7589542967325148 26.557705828656243 -4.392437340760107 -1.5046130617641427 -3.0114697363616187 
Pedestrian 777 0 -9999.0 -9999.0 -9999.0 -9999.0 1.5601539586488533 0.7742910735758141 0.7734620811052282 -12.286628807587807 3.0892259377563738 2.0970931445867507 0.2430015746582299 
Pedestrian 502 0 -9999.0 -9999.0 -9999.0 -9999.0 1.5580631857725595 0.6324640994580073 0.6231826615974934 23.369514893073326 5.674861005110852 -0.7620067233588993 2.3848464110490557 
Pedestrian 45 0 -9999.0 -9999.0 -9999.0 -9999.0 1.840803791853019 0.9047965827395252 0.7795427445654814 8.616336226463982 -1.8363751729594093 0.2352840766186166 -3.103137263583342 
Pedestrain_sitting 20 0 -9999.0 -9999.0 -9999.0 -9999.0 0.9288023059382893 0.630173997091732 0.7116151379014846 10.911776157853517 5.291306134401803 0.26772387911202167 -3.0334956453979203 
Car 4 0 -9999.0 -9999.0 -9999.0 -9999.0 2.0589564776245735 4.5 2.044844764170049 -33.15536418722704 6.7296865980566265 4.061074448662386 0.15975626962034895 
Pedestrian 200 0 -9999.0 -9999.0 -9999.0 -9999.0 1.7521106512660325 0.9162872598483918 0.6944942567378337 -7.734885672611266 3.2771404936670105 1.9155924965796467 -2.9815567742719544 
Pedestrian 111 0 -9999.0 -9999.0 -9999.0 -9999.0 1.83889513307586 0.7017705575400481 0.6922125420881973 17.03911427732791 5.005576094360628 -0.2807814785423742 0.27355191138330426 
Pedestrian 47 0 -9999.0 -9999.0 -9999.0 -9999.0 1.739259612086605 0.9765708634005151 0.6968829901888434 -11.564684928471191 2.2506919049988383 2.0968621583605693 0.2707157513488134 
Pedestrian 24 0 -9999.0 -9999.0 -9999.0 -9999.0 1.5665724604937843 0.8256175940025915 0.7327379765104859 20.49130672754189 -5.097278151395355 -1.011633698008991 3.131483008430541 
Pedestrian 46 0 -9999.0 -9999.0 -9999.0 -9999.0 1.739259612086605 0.8137808070594968 0.7631092640473314 -11.470483630051154 2.9750628545942277 1.994370963696948 0.27063016084018443 
Pedestrian 35 0 -9999.0 -9999.0 -9999.0 -9999.0 1.85 0.8455221526426029 0.8055941736449839 4.642118620070919 4.219353361536936 0.6025534136072735 -3.0817727513886695 
Pedestrian 31 0 -9999.0 -9999.0 -9999.0 -9999.0 1.6183186744299025 0.6340866970656824 0.5322695037304019 59.99319778666029 -2.0605729987296786 -4.807731740162683 -3.0553355148965053 
Pedestrian 32 0 -9999.0 -9999.0 -9999.0 -9999.0 1.6264157795512513 0.6356555012147109 0.5322695037304019 60.007763034592955 -1.4964375921074646 -4.799181279565704 -3.056922019186569 
Pedestrian 39 0 -9999.0 -9999.0 -9999.0 -9999.0 1.6992181517554945 0.7236988029930532 0.6130136573276566 -7.823143661545947 2.6187846933747205 1.7594355932041217 -2.9822240363075423 
Pedestrian 49 0 -9999.0 -9999.0 -9999.0 -9999.0 1.8880449392725787 0.7266739568839767 0.719062337692116 -13.155116862143686 -1.949117672963387 1.8402585659864419 1.1335960783469803 
Pedestrian 51 0 -9999.0 -9999.0 -9999.0 -9999.0 1.7084772160642387 0.6876926218915868 0.6022575416759411 -8.4917759744313 -2.401788203302367 1.80358033689836 1.7806207929365527 
Pedestrian 50 0 -9999.0 -9999.0 -9999.0 -9999.0 1.6682901068147347 0.7378107948553352 0.6318862957964667 -9.19146185654277 -2.2962422752987344 1.800444711674284 1.774286363237355 
Pedestrian 37 0 -9999.0 -9999.0 -9999.0 -9999.0 1.7674898152527898 0.7851268766529278 0.7077031440696406 -3.121122982193402 2.1335656832053655 1.2830176950284258 -2.947096262239036 
Pedestrian 38 0 -9999.0 -9999.0 -9999.0 -9999.0 1.768936684463284 0.7798122203956248 0.6543593384916504 -2.9630805563710965 2.800936974668624 1.2809774015556679 -2.9501294778642677 
Pedestrian 48 0 -9999.0 -9999.0 -9999.0 -9999.0 1.8437648405814306 0.63 0.8639507388388924 -12.574179072180112 -1.5306831771025713 1.8273077542027434 0.18318218050269408 
Pedestrain_sitting 557 0 -9999.0 -9999.0 -9999.0 -9999.0 1.3003415906177906 0.5495013160563614 0.4849281347249202 22.654809000931603 -8.828947536848403 -1.0703382350214428 -0.004784671549458608 
Pedestrain_sitting 556 0 -9999.0 -9999.0 -9999.0 -9999.0 1.3003415906177906 0.5495013160563614 0.4849281347249202 21.23905337008457 -8.692907727151162 -1.0794418302061866 3.1368080825650217 
Pedestrain_sitting 555 0 -9999.0 -9999.0 -9999.0 -9999.0 1.3003415906177906 0.5495013160563614 0.4849281347249202 21.219612673915105 -7.964044320597365 -1.0810355341339006 3.1368080825650217 
Pedestrian 23 0 -9999.0 -9999.0 -9999.0 -9999.0 1.733985410563253 0.6134757942819711 0.7222749871810963 17.22317559976808 -4.8611595499637135 -0.664450413414761 -2.0191023197871907 
