Car 2 0 -9999.0 -9999.0 -9999.0 -9999.0 1.7161032172723623 4.3042446659889535 2.497900330371051 29.63793543873631 1.071127907748149 -2.4035922174297055 0.07281321653102601 
Pedestrian 26 0 -9999.0 -9999.0 -9999.0 -9999.0 1.8 0.880638232653005 0.7173897124333324 25.454311242966604 -3.864547796511966 -1.9642044003629504 -2.954805073580406 
Pedestrian 25 0 -9999.0 -9999.0 -9999.0 -9999.0 1.8 0.880638232653005 0.7173897124333324 25.540461442196456 -3.0058069937947036 -1.9967495822757932 -2.954805073580406 
Car 3 0 -9999.0 -9999.0 -9999.0 -9999.0 1.4301220212552401 4 1.8633935758759457 55.411238322109 -0.18330984375356607 -3.5405074865087363 -3.0521482483721982 
Pedestrian 42 0 -9999.0 -9999.0 -9999.0 -9999.0 1.9110630666244788 0.6648425352273584 0.7730646177530336 -27.28606410778337 0.4531859367377884 2.5558672118622465 1.1225299707284258 
Pedestrian 41 0 -9999.0 -9999.0 -9999.0 -9999.0 1.7717383253829708 0.6171990397476583 0.6601212154854279 -26.76861009071603 0.9549534840523786 2.471822100739165 1.128925055784035 
Pedestrain_sitting 21 0 -9999.0 -9999.0 -9999.0 -9999.0 0.9170967942404316 0.6239191457374971 0.6351946031908755 11.699679320686228 5.242449934917698 -1.0260572697717767 0.13007099798193078 
Pedestrian 1001 0 -9999.0 -9999.0 -9999.0 -9999.0 1.8190235843771385 0.6309324708718423 0.6213012349133786 32.21967789145145 2.6429934117288636 -2.34756011299535 1.5959482751956484 
Pedestrian 765 0 -9999.0 -9999.0 -9999.0 -9999.0 1.765427731387784 0.6045377694180526 0.7280996093110779 29.377770059647606 2.2998024602024305 -2.2943051136033583 -1.595902764691111 
Pedestrian 888 0 -9999.0 -9999.0 -9999.0 -9999.0 1.5366259275535865 0.5877254913696837 0.6357928477663076 12.354065397773441 8.38153686446761 -0.8422351859993228 -3.1055358855267663 
Pedestrian 223 0 -9999.0 -9999.0 -9999.0 -9999.0 1.7272234413230434 0.6942712320825266 0.6155335882708507 37.09691703027504 -7.117062386251532 -3.233430336432108 0.6419837855302521 
Pedestrian 3 0 -9999.0 -9999.0 -9999.0 -9999.0 1.6413741868673242 0.9102319618606736 0.749658509723502 8.996908746424982 3.2102979352329846 -0.8334005683804672 -2.86591423304586 
Pedestrian 5 0 -9999.0 -9999.0 -9999.0 -9999.0 1.6467102258502564 0.8504990806290904 0.7324788173464449 5.838980888219806 2.9928801823640243 -0.5070177126783584 0.10191369312370391 
Pedestrian 4 0 -9999.0 -9999.0 -9999.0 -9999.0 1.7335733350919327 0.8234084053360446 0.7316008376188541 5.303310019184282 3.3182853955594376 -0.4383266972331989 0.20884903168780244 
Pedestrian 1 0 -9999.0 -9999.0 -9999.0 -9999.0 1.830187787627785 0.8467364901875526 1.030957247409183 2.084443500984835 3.619284254517248 -0.11101246325132838 -3.0656978837314455 
Pedestrian 2 0 -9999.0 -9999.0 -9999.0 -9999.0 1.6047004871739794 0.8225193905720728 0.8427564948210492 2.871282222860577 3.874853238973907 -0.32618439964548984 0.4440707049957435 
Pedestrian 6 0 -9999.0 -9999.0 -9999.0 -9999.0 1.8 0.7815797515521649 0.729516349447393 13.253713506493686 -0.6855560668638325 -0.9208646538406009 -3.016746106299461 
Pedestrian 7 0 -9999.0 -9999.0 -9999.0 -9999.0 1.85 0.7446143281153959 0.7378356243838986 12.941858921336966 -1.4064898892543343 -0.884635972943499 -3.0167473323324607 
Pedestrian 9 0 -9999.0 -9999.0 -9999.0 -9999.0 1.7388951330758573 0.762844615165235 0.6125796005267553 15.041252088396703 2.0388672482393706 -1.273832781344978 -3.059901845553952 
Pedestrian 10 0 -9999.0 -9999.0 -9999.0 -9999.0 1.7238665634959034 0.765649395571576 0.6782236572752955 15.175369058963959 1.542102595718707 -1.27983317547915 -3.0599661212621783 
Car 1 0 -9999.0 -9999.0 -9999.0 -9999.0 1.9636838768401188 5.159477280173534 1.9749927503715075 8.43016213236802 -3.0960049824659235 -0.4693861773004009 0.07789770897720771 
Pedestrian 11 0 -9999.0 -9999.0 -9999.0 -9999.0 1.833843394516407 0.888361750840276 0.8547891083331658 28.841390233611687 -1.0831096694639992 -2.3399309446592467 -3.070074770609928 
Pedestrian 44 0 -9999.0 -9999.0 -9999.0 -9999.0 1.773026559218124 1 0.9694486388550138 -30.35586620521541 3.910177859979745 2.7555276268814524 -3.044545408827748 
Pedestrian 43 0 -9999.0 -9999.0 -9999.0 -9999.0 1.6975355979754738 1 1.115836959245979 -30.406833850935833 3.035117610287247 2.9449380680588737 -3.0445453949744987 
Pedestrian 18 0 -9999.0 -9999.0 -9999.0 -9999.0 1.553791531556044 0.9350978240778415 0.7014189842208715 14.74042676467226 -3.6580886386714204 -1.2060903035237287 0.25621248937840324 
Pedestrian 17 0 -9999.0 -9999.0 -9999.0 -9999.0 1.6786936986616088 0.9385842718372612 0.8570610823441984 14.921231966338755 -3.1237566656461837 -1.14107361111682 0.21616576180961466 
Pedestrian 19 0 -9999.0 -9999.0 -9999.0 -9999.0 1.88766995436284 0.8473523143195599 0.8020167022554571 32.75812311035815 -0.057515865088060704 -2.45028564760447 -0.013820660250232208 
Pedestrian 20 0 -9999.0 -9999.0 -9999.0 -9999.0 1.8942850025152396 0.7837367986462382 0.6986151564054772 32.360321105892524 -0.5908345334899026 -2.42793498992706 -0.019309553324500683 
Pedestrian 8 0 -9999.0 -9999.0 -9999.0 -9999.0 1.7182020193881877 0.84040506779357 0.7617142683117479 13.231358188840973 -2.412374960916017 -0.9686127015951032 -3.107576882553511 
Pedestrian 36 0 -9999.0 -9999.0 -9999.0 -9999.0 1.85 0.8455221526426029 0.7795427445654814 -6.31176876110326 4.842771157653847 0.673280327539036 -1.1213881183426668 
Pedestrian 1002 0 -9999.0 -9999.0 -9999.0 -9999.0 1.5480067025273518 0.5644233003512866 0.6213012349133786 18.53692220659208 -2.0499488022110683 -1.3596597911113548 -3.043520129541184 
Pedestrian 16 0 -9999.0 -9999.0 -9999.0 -9999.0 1.5480067025273518 0.5644233003512866 0.6213012349133786 18.294492741943536 -2.6413523773621215 -1.3742716115465328 -3.0435201293389174 
Pedestrian 34 0 -9999.0 -9999.0 -9999.0 -9999.0 1.8 0.742563890087286 0.7166973150341831 -6.95635031517639 4.943789208905798 0.7349203978101277 -2.864735857191949 
Pedestrian 503 0 -9999.0 -9999.0 -9999.0 -9999.0 1.5098862519504819 0.7016892788347073 0.6244449312827264 23.374326600499977 5.11431156804334 -1.7387643504321684 2.395193348729382 
Pedestrian 14 0 -9999.0 -9999.0 -9999.0 -9999.0 1.5350666013118595 0.6767124353147551 0.6338965826401189 20.870046161743733 -1.0699534748090636 -1.7073794547031769 -2.8852544397251503 
Pedestrian 15 0 -9999.0 -9999.0 -9999.0 -9999.0 1.4995242359067946 0.6433493585685015 0.616020103352135 20.824049684931882 -1.7635936197209205 -1.7304922934710358 -2.8949662762610657 
Pedestrian 22 0 -9999.0 -9999.0 -9999.0 -9999.0 1.7272234413230434 0.8930338539667776 0.7589542967325148 20.00575854482835 -3.9571522991586634 -1.6717384643098288 -3.015795247503723 
Pedestrian 777 0 -9999.0 -9999.0 -9999.0 -9999.0 1.5601539586488533 0.7742910735758141 0.7734620811052282 -6.091633487619887 -1.9540918930537918 0.5860106204584918 0.6862999592225805 
Pedestrian 502 0 -9999.0 -9999.0 -9999.0 -9999.0 1.5580631857725595 0.6324640994580073 0.6231826615974934 22.73938255569459 5.370041147135129 -1.6851836364580604 2.3848309799062477 
Pedestrian 45 0 -9999.0 -9999.0 -9999.0 -9999.0 1.840803791853019 0.9047965827395252 0.7795427445654814 -1.343162810431058 -2.3145693647609624 0.33345023834417836 3.1354613119275374 
Pedestrain_sitting 20 0 -9999.0 -9999.0 -9999.0 -9999.0 0.9288023059382893 0.630173997091732 0.7116151379014846 10.940123999810366 5.360228931321331 -0.9037442003266064 -3.033442989874146 
Car 4 0 -9999.0 -9999.0 -9999.0 -9999.0 2.0589564776245735 4.5 2.044844764170049 -33.23281747740227 6.763483189511974 3.0051151289497984 0.15975626962034895 
Pedestrian 52 0 -9999.0 -9999.0 -9999.0 -9999.0 1.85 0.8063422351422711 0.648255271894977 -2.0119579024076217 -10.46931883386546 0.7034509861320233 3.0157783739316972 
Pedestrian 200 0 -9999.0 -9999.0 -9999.0 -9999.0 1.7521106512660325 0.9162872598483918 0.6944942567378337 -19.388310891419724 4.030625335067932 1.7536812546489762 -3.0360482130923447 
Pedestrian 47 0 -9999.0 -9999.0 -9999.0 -9999.0 1.739259612086605 0.9765708634005151 0.6968829901888434 -6.907127848758548 -1.793814925462407 0.8896223113462016 0.7625429023096579 
Pedestrian 24 0 -9999.0 -9999.0 -9999.0 -9999.0 1.5665724604937843 0.8256175940025915 0.7327379765104859 17.65881197438304 -4.754502158760072 -1.3658400653488503 -1.6969111755082569 
Pedestrian 46 0 -9999.0 -9999.0 -9999.0 -9999.0 1.739259612086605 0.8137808070594968 0.7631092640473314 -6.660683787663454 -1.246515894737735 0.8683068789565331 0.6644286948100202 
Pedestrian 35 0 -9999.0 -9999.0 -9999.0 -9999.0 1.85 0.8455221526426029 0.8055941736449839 -6.704485207676298 3.652923273948083 0.7542569524158874 -3.1344146793415177 
Pedestrian 39 0 -9999.0 -9999.0 -9999.0 -9999.0 1.6992181517554945 0.7236988029930532 0.6130136573276566 -19.34029546179184 3.3629503567528927 1.7952184556230404 -3.036046623817848 
Pedestrian 49 0 -9999.0 -9999.0 -9999.0 -9999.0 1.8880449392725787 0.7266739568839767 0.719062337692116 -13.374188369017396 -1.8530462493932522 1.3042377297784713 1.1417604521587883 
Pedestrian 51 0 -9999.0 -9999.0 -9999.0 -9999.0 1.7084772160642387 0.6876926218915868 0.6022575416759411 -8.732810228002657 -2.324144266167921 0.9142122705898619 1.7806207929365527 
Pedestrian 50 0 -9999.0 -9999.0 -9999.0 -9999.0 1.6682901068147347 0.7378107948553352 0.6318862957964667 -9.547471373106761 -2.0854569889975045 0.9153909738659847 1.774286363237355 
Pedestrian 37 0 -9999.0 -9999.0 -9999.0 -9999.0 1.7674898152527898 0.7851268766529278 0.7077031440696406 -14.659969834461002 3.6547031513600974 1.3811688382828975 -2.9496212328921647 
Pedestrian 38 0 -9999.0 -9999.0 -9999.0 -9999.0 1.768936684463284 0.7798122203956248 0.6543593384916504 -14.504880870560108 4.314403524684142 1.3029397176137167 -2.9495961847537604 
Pedestrian 48 0 -9999.0 -9999.0 -9999.0 -9999.0 1.8437648405814306 0.63 0.8639507388388924 -12.823251563794436 -1.4519211450355678 1.2989654179598622 0.18306874284472663 
Pedestrian 23 0 -9999.0 -9999.0 -9999.0 -9999.0 1.733985410563253 0.6134757942819711 0.7222749871810963 16.906880300072608 -4.876764881455094 -1.3027229490777164 -2.0191023197871907 
