Car 2 0 -9999.0 -9999.0 -9999.0 -9999.0 1.7161032172723623 4.3042446659889535 2.497900330371051 29.776662241657075 1.3045014300603457 -1.8092311908863499 0.07281321653102601 
Pedestrian 26 0 -9999.0 -9999.0 -9999.0 -9999.0 1.8 0.880638232653005 0.7173897124333324 33.200468050788196 -3.707020491629935 -2.1517921515079 -2.954805073580406 
Pedestrian 25 0 -9999.0 -9999.0 -9999.0 -9999.0 1.8 0.880638232653005 0.7173897124333324 33.25455892722556 -2.969901523254144 -2.1559055441893675 -2.954805073580406 
Car 3 0 -9999.0 -9999.0 -9999.0 -9999.0 1.4301220212552401 4 1.8633935758759457 55.53691482597568 -0.1945809774249126 -3.3662962168653663 -3.0521482483721982 
Pedestrian 42 0 -9999.0 -9999.0 -9999.0 -9999.0 1.9110630666244788 0.6648425352273584 0.7730646177530336 -24.95898834280167 0.7761714805132341 3.116233587010493 -3.033704906458933 
Pedestrian 41 0 -9999.0 -9999.0 -9999.0 -9999.0 1.7717383253829708 0.6171990397476583 0.6601212154854279 -25.02233047408654 0.07175926712932568 3.0323519042193645 -3.0464204147244835 
Pedestrain_sitting 21 0 -9999.0 -9999.0 -9999.0 -9999.0 0.9170967942404316 0.6239191457374971 0.6351946031908755 11.750890651881662 5.242882167329354 -0.12738351314552454 0.12915733025420018 
Pedestrian 702 0 -9999.0 -9999.0 -9999.0 -9999.0 1.7242744269198185 0.63 0.6898739737048278 -32.912608658522274 4.4028683013162135 3.7417779442014254 -3.00732011091074 
Pedestrian 703 0 -9999.0 -9999.0 -9999.0 -9999.0 1.7717383253829708 0.63 0.6566716672544799 -32.81213865197673 5.1595316422971 3.777211566632355 -3.00732011091074 
Pedestrian 1001 0 -9999.0 -9999.0 -9999.0 -9999.0 1.8190235843771385 0.6309324708718423 0.6213012349133786 32.33526827861988 2.9184292132059837 -1.6944034834300516 1.5959482666084552 
Pedestrian 765 0 -9999.0 -9999.0 -9999.0 -9999.0 1.765427731387784 0.6045377694180526 0.7280996093110779 29.544486447045564 2.303950458745773 -1.7333284302017185 -2.044393969016209 
Pedestrian 888 0 -9999.0 -9999.0 -9999.0 -9999.0 1.5366259275535865 0.5877254913696837 0.6357928477663076 13.167026911438615 7.9031506484489205 -0.09157880326458473 -3.1198765617039648 
Pedestrian 223 0 -9999.0 -9999.0 -9999.0 -9999.0 1.7272234413230434 0.6942712320825266 0.6155335882708507 37.485705526839595 -6.950973733554732 -2.651496685758922 0.6419837624664622 
Pedestrian 3 0 -9999.0 -9999.0 -9999.0 -9999.0 1.6413741868673242 0.9102319618606736 0.749658509723502 17.40863953077952 1.7825412569613366 -0.7628744539412053 -2.8659117041928823 
Pedestrian 5 0 -9999.0 -9999.0 -9999.0 -9999.0 1.6467102258502564 0.8504990806290904 0.946862823709426 2.8008290201463955 2.571536747966524 0.4826241598138798 0.3272240608173691 
Pedestrian 4 0 -9999.0 -9999.0 -9999.0 -9999.0 1.7335733350919327 0.8234084053360446 0.7316008376188541 2.2033224414378716 2.6937662919378615 0.5820836821405357 0.07665950814951294 
Pedestrian 1 0 -9999.0 -9999.0 -9999.0 -9999.0 1.830187787627785 0.8467364901875526 1.030957247409183 2.2468997634603807 3.4435491665473412 0.6385129495181701 -3.03850530400611 
Pedestrian 2 0 -9999.0 -9999.0 -9999.0 -9999.0 1.6047004871739794 0.8225193905720728 0.8427564948210492 2.53617255584971 3.9924162433290986 0.5012728880603263 0.4422367269241958 
Pedestrian 6 0 -9999.0 -9999.0 -9999.0 -9999.0 1.8 0.7815797515521649 0.729516349447393 21.340043531142435 -1.854851642383562 -1.0504507023590177 -3.016788347569884 
Pedestrian 7 0 -9999.0 -9999.0 -9999.0 -9999.0 1.85 0.7446143281153959 0.7378356243838986 20.942377448372916 -2.5507618167867796 -1.0306732989578522 -3.0167473323324607 
Pedestrian 9 0 -9999.0 -9999.0 -9999.0 -9999.0 1.7388951330758573 0.762844615165235 0.6125796005267553 18.942991621527487 2.5135669135143917 -0.910893382051198 1.9909683008959078 
Pedestrian 10 0 -9999.0 -9999.0 -9999.0 -9999.0 1.7238665634959034 0.765649395571576 0.6782236572752955 19.573695238294462 2.2894794781905485 -0.9886601420345471 1.9924464739347076 
Car 1 0 -9999.0 -9999.0 -9999.0 -9999.0 1.9636838768401188 5.159477280173534 1.9749927503715075 8.608774698295031 -3.1260906758624185 0.24544711707838424 0.07789770960494202 
Pedestrian 11 0 -9999.0 -9999.0 -9999.0 -9999.0 1.833843394516407 0.888361750840276 0.8547891083331658 40.29678745985731 -1.7630404857682709 -2.827335970046969 -3.070074744427192 
Pedestrian 44 0 -9999.0 -9999.0 -9999.0 -9999.0 1.773026559218124 1 0.9694486388550138 -19.622498280752286 2.8809456259536903 2.7863238432846646 -3.036838338304502 
Pedestrian 43 0 -9999.0 -9999.0 -9999.0 -9999.0 1.6975355979754738 1 1.115836959245979 -19.704874305934464 1.8538620813001025 2.702420978625023 -3.0361013915525135 
Pedestrian 18 0 -9999.0 -9999.0 -9999.0 -9999.0 1.553791531556044 0.9350978240778415 0.7014189842208715 8.082716786797185 -1.6352508301266724 0.0609487825598263 0.22685608639115795 
Pedestrian 17 0 -9999.0 -9999.0 -9999.0 -9999.0 1.6786936986616088 0.9385842718372612 0.8570610823441984 8.21649479033478 -0.968033782790478 0.10378477457986443 0.21653828806094655 
Pedestrian 19 0 -9999.0 -9999.0 -9999.0 -9999.0 1.88766995436284 0.8473523143195599 0.8020167022554571 27.107743223854907 0.32803131337985697 -1.4858115570485957 0.2403672123057632 
Pedestrian 20 0 -9999.0 -9999.0 -9999.0 -9999.0 1.8942850025152396 0.7837367986462382 0.6986151564054772 26.661325987877404 -0.315135586013237 -1.4496518267078777 0.2691396471714391 
Pedestrian 8 0 -9999.0 -9999.0 -9999.0 -9999.0 1.7182020193881877 0.84040506779357 0.7617142683117479 19.647059058664816 -3.559537702016242 -0.9255713273433539 -3.0269814445905006 
Pedestrian 36 0 -9999.0 -9999.0 -9999.0 -9999.0 1.85 0.8455221526426029 0.7795427445654814 -6.376382463461025 5.084482542578358 1.3155235639009675 -1.1350935540575087 
Pedestrian 1002 0 -9999.0 -9999.0 -9999.0 -9999.0 1.5480067025273518 0.5644233003512866 0.6213012349133786 27.241571266305932 -2.869697107660694 -1.7740768946474987 -3.043520129541184 
Pedestrian 16 0 -9999.0 -9999.0 -9999.0 -9999.0 1.5480067025273518 0.5644233003512866 0.6213012349133786 27.129850242372328 -3.6335494217386355 -1.776924577312957 -3.043520128823369 
Pedestrian 34 0 -9999.0 -9999.0 -9999.0 -9999.0 1.8 0.742563890087286 0.7166973150341831 -7.218436622193749 4.970679425982114 1.3318055971976965 -1.233632977592496 
Pedestrian 27 0 -9999.0 -9999.0 -9999.0 -9999.0 1.8 0.8271693526588353 0.8407252643496999 29.60482247916538 -0.2823682403470772 -1.757470533771498 1.58740544660726 
Pedestrian 503 0 -9999.0 -9999.0 -9999.0 -9999.0 1.5098862519504819 0.7016892788347073 0.6244449312827264 23.921231960536748 5.298704612369581 -1.199098017740319 2.395193348729382 
Pedestrian 22 0 -9999.0 -9999.0 -9999.0 -9999.0 1.7272234413230434 0.8930338539667776 0.7589542967325148 24.738974616078526 -4.161042495373088 -1.3598969479489034 -3.0179845615312235 
Pedestrian 777 0 -9999.0 -9999.0 -9999.0 -9999.0 1.5601539586488533 0.7742910735758141 0.7734620811052282 -11.884512301835152 2.1377309983859782 1.9083103713083143 1.7283304309273717 
Pedestrian 502 0 -9999.0 -9999.0 -9999.0 -9999.0 1.5580631857725595 0.6324640994580073 0.6231826615974934 23.204487784256436 5.562186893862559 -1.0627949683157725 2.384830076806777 
Pedestrian 45 0 -9999.0 -9999.0 -9999.0 -9999.0 1.840803791853019 0.9047965827395252 0.7795427445654814 6.098247114826109 -1.8718724319442008 0.34530903524203016 3.1354613119275374 
Pedestrain_sitting 20 0 -9999.0 -9999.0 -9999.0 -9999.0 0.9288023059382893 0.630173997091732 0.7116151379014846 10.889458041364959 5.290835045388828 -0.02844827893892171 -3.0334817361830204 
Car 4 0 -9999.0 -9999.0 -9999.0 -9999.0 2.0589564776245735 4.5 2.044844764170049 -33.23233712105262 6.750240864517105 3.9737501525794636 0.15975626962034895 
Pedestrian 200 0 -9999.0 -9999.0 -9999.0 -9999.0 1.7521106512660325 0.9162872598483918 0.6944942567378337 -11.043882519867923 3.444413043115216 1.9374748472453767 -3.0590422004192224 
Pedestrian 47 0 -9999.0 -9999.0 -9999.0 -9999.0 1.739259612086605 0.9765708634005151 0.6968829901888434 -10.985658735572569 1.727243082435907 1.7974005004389855 0.9416080614213715 
Pedestrian 24 0 -9999.0 -9999.0 -9999.0 -9999.0 1.5665724604937843 0.8256175940025915 0.7327379765104859 18.619148649965123 -5.094009950561631 -1.0294600595534413 -2.4145611876604676 
Pedestrian 46 0 -9999.0 -9999.0 -9999.0 -9999.0 1.739259612086605 0.8137808070594968 0.7631092640473314 -10.387414209416365 2.15997150951671 1.9468376696994703 0.9237407471850938 
Pedestrian 35 0 -9999.0 -9999.0 -9999.0 -9999.0 1.85 0.8455221526426029 0.8055941736449839 2.037950141754367 4.9766240059519085 0.6407490603447984 -3.0817746350703406 
Pedestrian 39 0 -9999.0 -9999.0 -9999.0 -9999.0 1.6992181517554945 0.7236988029930532 0.6130136573276566 -11.013487000420778 2.7877068717897697 1.924737531155355 -3.0591049715227 
Pedestrian 49 0 -9999.0 -9999.0 -9999.0 -9999.0 1.8880449392725787 0.7266739568839767 0.719062337692116 -13.235579926432013 -2.1090978627539476 1.8614479603020255 1.133597182201397 
Pedestrian 51 0 -9999.0 -9999.0 -9999.0 -9999.0 1.7084772160642387 0.6876926218915868 0.6022575416759411 -8.477546087462153 -2.4918250154855985 1.6372236283044255 1.7806207929365527 
Pedestrian 50 0 -9999.0 -9999.0 -9999.0 -9999.0 1.6682901068147347 0.7378107948553352 0.6318862957964667 -9.260225325972081 -2.255611879762334 1.6609055390210663 1.774286363237355 
Pedestrian 37 0 -9999.0 -9999.0 -9999.0 -9999.0 1.7674898152527898 0.7851268766529278 0.7077031440696406 -6.164581573556242 2.29684077171519 1.3259245949547327 -2.949451732117584 
Pedestrian 38 0 -9999.0 -9999.0 -9999.0 -9999.0 1.768936684463284 0.7798122203956248 0.6543593384916504 -6.167078706220608 3.01639308813149 1.2960840514317433 -2.9495396336784765 
Pedestrian 48 0 -9999.0 -9999.0 -9999.0 -9999.0 1.8437648405814306 0.63 0.8639507388388924 -12.634534865305344 -1.8712219027023043 1.8304885369460806 0.18305723696846332 
Pedestrain_sitting 556 0 -9999.0 -9999.0 -9999.0 -9999.0 1.3003415906177906 0.5495013160563614 0.4849281347249202 21.228902856390956 -8.637497791275809 -1.0975598539550029 3.1368080825650217 
Pedestrain_sitting 555 0 -9999.0 -9999.0 -9999.0 -9999.0 1.3003415906177906 0.5495013160563614 0.4849281347249202 21.209609176030067 -7.928015387471565 -1.0996222560620517 3.1368080825650217 
Pedestrian 23 0 -9999.0 -9999.0 -9999.0 -9999.0 1.733985410563253 0.6134757942819711 0.7222749871810963 17.148248375616014 -4.848796411563454 -0.7628845975108035 -2.0191023197871907 
