Car 2 0 -9999.0 -9999.0 -9999.0 -9999.0 1.7161032172723623 4.3042446659889535 2.497900330371051 29.824866122665657 0.7042332497834431 -1.3207121574771303 0.07281321653102601 
Pedestrian 26 0 -9999.0 -9999.0 -9999.0 -9999.0 1.8 0.880638232653005 0.7173897124333324 37.155542863260976 -3.3392308897760485 -2.1216831495502064 -2.954805073580406 
Pedestrian 25 0 -9999.0 -9999.0 -9999.0 -9999.0 1.8 0.880638232653005 0.7173897124333324 37.20575435253262 -2.657877108046345 -2.107799708932475 -2.954805073580406 
Car 3 0 -9999.0 -9999.0 -9999.0 -9999.0 1.4301220212552401 4 1.8633935758759457 55.59813024780653 -0.2000710028550865 -3.281440129762398 -3.0521482483721982 
Pedestrain_sitting 21 0 -9999.0 -9999.0 -9999.0 -9999.0 0.9170967942404316 0.6239191457374971 0.6351946031908755 11.77583503802542 5.243092702223263 0.31034900970180734 0.12871229435929976 
Pedestrian 999 0 -9999.0 -9999.0 -9999.0 -9999.0 1.7478363069824068 0.6324640994580073 0.6450381271264 20.856403213426006 5.968793019301299 -0.09330430845851057 2.309231259235627 
Pedestrian 702 0 -9999.0 -9999.0 -9999.0 -9999.0 1.7242744269198185 0.63 0.6898739737048278 -28.25199989735517 3.685770909402815 3.5202697597884876 -3.00732011091074 
Pedestrian 703 0 -9999.0 -9999.0 -9999.0 -9999.0 1.7717383253829708 0.63 0.6566716672544799 -28.155438506108748 4.440177957584255 3.5790635620263784 -3.00732011091074 
Pedestrian 1001 0 -9999.0 -9999.0 -9999.0 -9999.0 1.8190235843771385 0.6309324708718423 0.6213012349133786 32.312373706223774 2.827482070923969 -1.4846314575150406 1.595948266643477 
Pedestrian 888 0 -9999.0 -9999.0 -9999.0 -9999.0 1.5366259275535865 0.5877254913696837 0.6357928477663076 13.270591209179921 7.194661807520824 0.2813748216064965 2.9130559738085964 
Pedestrian 223 0 -9999.0 -9999.0 -9999.0 -9999.0 1.7272234413230434 0.6942712320825266 0.6155335882708507 37.5400392813586 -6.963103720933166 -2.3017165396490613 0.6419837606315433 
Pedestrian 3 0 -9999.0 -9999.0 -9999.0 -9999.0 1.6413741868673242 0.9102319618606736 0.749658509723502 21.604742339637223 2.100171865418663 -0.7049599243700271 -2.8593360576005793 
Pedestrian 5 0 -9999.0 -9999.0 -9999.0 -9999.0 1.6467102258502564 0.8504990806290904 0.946862823709426 0.8661303857020235 2.9455562154377106 0.9893575466959657 0.31935752222122993 
Pedestrian 4 0 -9999.0 -9999.0 -9999.0 -9999.0 1.7335733350919327 0.8234084053360446 0.7316008376188541 0.06073831399942843 3.088076936659443 1.229743224448988 0.07169199545358751 
Pedestrian 1 0 -9999.0 -9999.0 -9999.0 -9999.0 1.830187787627785 0.8467364901875526 1.030957247409183 2.334112129922702 3.538613830035635 0.8927742702720431 -2.778616005453756 
Pedestrian 2 0 -9999.0 -9999.0 -9999.0 -9999.0 1.6047004871739794 0.8225193905720728 0.8427564948210492 1.2973039700947435 4.5365185393025 0.9516434430451878 0.4413031435186028 
Pedestrian 6 0 -9999.0 -9999.0 -9999.0 -9999.0 1.8 0.7815797515521649 0.729516349447393 25.210467515917063 -2.428130439431606 -1.2012856338719653 -3.016788351979276 
Pedestrian 7 0 -9999.0 -9999.0 -9999.0 -9999.0 1.85 0.7446143281153959 0.7378356243838986 24.951733440756076 -3.1802547640644807 -1.1690272324626396 -3.0167473323324607 
Pedestrian 9 0 -9999.0 -9999.0 -9999.0 -9999.0 1.7388951330758573 0.762844615165235 0.6125796005267553 19.053746427342094 2.5187228439091642 -0.498478142209939 2.033449823897879 
Pedestrian 10 0 -9999.0 -9999.0 -9999.0 -9999.0 1.7238665634959034 0.765649395571576 0.6782236572752955 19.603107921979674 2.4735812879737713 -0.563988788447753 2.049687648672805 
Car 1 0 -9999.0 -9999.0 -9999.0 -9999.0 1.9636838768401188 5.159477280173534 1.9749927503715075 8.783583477579125 -3.1371118329860104 0.35797430140984665 0.0778977097307223 
Pedestrian 11 0 -9999.0 -9999.0 -9999.0 -9999.0 1.833843394516407 0.888361750840276 0.8547891083331658 45.94355624994214 -1.6495254346010904 -2.996611839418067 -3.070074706913097 
Pedestrian 44 0 -9999.0 -9999.0 -9999.0 -9999.0 1.773026559218124 1 0.9694486388550138 -14.622025897900409 2.3659781248583203 2.3396771383112402 -2.946011372696871 
Pedestrian 43 0 -9999.0 -9999.0 -9999.0 -9999.0 1.6975355979754738 1 1.115836959245979 -14.605055834510253 1.361146632523385 2.3056012491015396 -2.937873843687269 
Pedestrian 18 0 -9999.0 -9999.0 -9999.0 -9999.0 1.553791531556044 0.9350978240778415 0.7014189842208715 5.191145112123765 -1.1971528100025746 0.509200987444011 0.0133791999270656 
Pedestrian 17 0 -9999.0 -9999.0 -9999.0 -9999.0 1.6786936986616088 0.9385842718372612 0.8570610823441984 4.895073502236118 -0.5113680067599276 0.6305448747234638 -0.0332658830994248 
Pedestrian 19 0 -9999.0 -9999.0 -9999.0 -9999.0 1.88766995436284 0.8473523143195599 0.8020167022554571 24.493509402404673 1.2862019207459392 -0.865059610261603 0.043578616691770655 
Pedestrian 20 0 -9999.0 -9999.0 -9999.0 -9999.0 1.8942850025152396 0.7837367986462382 0.6986151564054772 24.20668854060106 0.6772738033505586 -0.8351956879587215 0.043561717821187784 
Pedestrian 8 0 -9999.0 -9999.0 -9999.0 -9999.0 1.7182020193881877 0.84040506779357 0.7617142683117479 22.96553927466142 -3.7860535424832777 -1.0169554340623637 3.0667149886472878 
Pedestrian 36 0 -9999.0 -9999.0 -9999.0 -9999.0 1.85 0.8455221526426029 0.7795427445654814 -6.188772975626482 5.227464542468569 1.472412923421444 -1.1350935639525126 
Pedestrian 1002 0 -9999.0 -9999.0 -9999.0 -9999.0 1.5480067025273518 0.5644233003512866 0.6213012349133786 31.71912805006675 -3.358835728626389 -1.8495498886575215 -3.043520129541184 
Pedestrian 16 0 -9999.0 -9999.0 -9999.0 -9999.0 1.5480067025273518 0.5644233003512866 0.6213012349133786 31.678339122057114 -4.118065270370914 -1.7986103820084267 -3.043520129730359 
Pedestrian 34 0 -9999.0 -9999.0 -9999.0 -9999.0 1.8 0.742563890087286 0.7166973150341831 -7.136451950034507 5.053415151389268 1.4653174488763783 -1.2337220061446423 
Pedestrian 27 0 -9999.0 -9999.0 -9999.0 -9999.0 1.8 0.8271693526588353 0.8407252643496999 29.89166675887067 -0.23576089745261017 -1.333417547460668 1.588432878886299 
Pedestrian 503 0 -9999.0 -9999.0 -9999.0 -9999.0 1.5098862519504819 0.7016892788347073 0.6244449312827264 24.045576180486343 5.263446366767171 -0.6174409058065212 2.395193348729382 
Pedestrian 28 0 -9999.0 -9999.0 -9999.0 -9999.0 1.9344750647178444 0.9180852004756592 0.7505107045290647 40.55966616277399 -0.8455398928739613 -2.6998278120470647 0.005317859695041172 
Pedestrian 29 0 -9999.0 -9999.0 -9999.0 -9999.0 1.914706511234499 0.9112747753301017 0.7505107045290647 40.541300613472366 -0.09052852302638732 -2.7283497032168995 0.005317858512576379 
Pedestrian 22 0 -9999.0 -9999.0 -9999.0 -9999.0 1.7272234413230434 0.8930338539667776 0.7589542967325148 27.101032951515638 -4.564878142487713 -1.4924675623715769 -3.025607134462158 
Pedestrian 777 0 -9999.0 -9999.0 -9999.0 -9999.0 1.5601539586488533 0.7742910735758141 0.7734620811052282 -13.382814252640351 3.240961246653941 2.26227058281646 0.25061219217104647 
Pedestrian 502 0 -9999.0 -9999.0 -9999.0 -9999.0 1.5580631857725595 0.6324640994580073 0.6231826615974934 23.647446040652458 5.828661426051509 -0.5383617485838896 2.385129166864518 
Pedestrian 45 0 -9999.0 -9999.0 -9999.0 -9999.0 1.840803791853019 0.9047965827395252 0.7795427445654814 9.757126547895002 -1.9342887499672423 0.1751878452575622 -3.103411943375413 
Pedestrain_sitting 20 0 -9999.0 -9999.0 -9999.0 -9999.0 0.9288023059382893 0.630173997091732 0.7116151379014846 10.913320945961436 5.294777825003542 0.37663426101153574 -3.033500609015803 
Pedestrian 30 0 -9999.0 -9999.0 -9999.0 -9999.0 1.6574581668813668 0.5844020196858356 0.6601390122619767 58.295082609532656 -3.2873442407945834 -4.493368820785419 0.18855261773205978 
Car 4 0 -9999.0 -9999.0 -9999.0 -9999.0 2.0589564776245735 4.5 2.044844764170049 -33.15314195264818 6.736149560426912 4.132063633551627 0.15975626962034895 
Pedestrian 200 0 -9999.0 -9999.0 -9999.0 -9999.0 1.7521106512660325 0.9162872598483918 0.6944942567378337 -6.663550095925653 3.2075957862829876 1.8797950614659107 -2.991346328465527 
Pedestrian 111 0 -9999.0 -9999.0 -9999.0 -9999.0 1.83889513307586 0.7017705575400481 0.6922125420881973 17.017006094564497 4.990335973834715 -0.09322960453565518 0.27355192520982996 
Pedestrian 47 0 -9999.0 -9999.0 -9999.0 -9999.0 1.739259612086605 0.9765708634005151 0.6968829901888434 -12.55812598245803 2.3121596787385688 2.0974292043323355 0.27071446230016427 
Pedestrian 24 0 -9999.0 -9999.0 -9999.0 -9999.0 1.5665724604937843 0.8256175940025915 0.7327379765104859 21.250773076992306 -5.106791375430818 -1.0240255606046051 3.131483008430541 
Pedestrian 46 0 -9999.0 -9999.0 -9999.0 -9999.0 1.739259612086605 0.8137808070594968 0.7631092640473314 -12.403928575319455 3.0353839465335373 2.0396380506597747 0.2706898855639661 
Pedestrian 35 0 -9999.0 -9999.0 -9999.0 -9999.0 1.85 0.8455221526426029 0.8055941736449839 5.42371920291656 3.7022996180539294 0.724893122043517 -3.0816235715473077 
Pedestrian 31 0 -9999.0 -9999.0 -9999.0 -9999.0 1.6183186744299025 0.6340866970656824 0.5322695037304019 59.06939966378039 -2.1060093370419652 -4.208392311350448 -3.0553355148965053 
Pedestrian 32 0 -9999.0 -9999.0 -9999.0 -9999.0 1.6264157795512513 0.6356555012147109 0.5322695037304019 59.30592560726811 -1.3701245411852316 -4.739101543222848 -3.056922019186569 
Pedestrian 39 0 -9999.0 -9999.0 -9999.0 -9999.0 1.6992181517554945 0.7236988029930532 0.6130136573276566 -6.7255641536048225 2.5469256398788866 1.7474420955773091 -2.9904297134955193 
Pedestrian 49 0 -9999.0 -9999.0 -9999.0 -9999.0 1.8880449392725787 0.7266739568839767 0.719062337692116 -13.092884272433865 -2.0050518789372247 1.874665370560829 1.1335962821895507 
Pedestrian 51 0 -9999.0 -9999.0 -9999.0 -9999.0 1.7084772160642387 0.6876926218915868 0.6022575416759411 -8.578083542099698 -2.6652915889750277 1.6959874870561473 1.7806207929365527 
Pedestrian 50 0 -9999.0 -9999.0 -9999.0 -9999.0 1.6682901068147347 0.7378107948553352 0.6318862957964667 -9.155606036825 -1.995469828049264 1.7456477699910071 1.774286363237355 
Pedestrian 37 0 -9999.0 -9999.0 -9999.0 -9999.0 1.7674898152527898 0.7851268766529278 0.7077031440696406 -1.9977837295331053 1.7888321577448125 1.3571458028953842 -2.9532167805594103 
Pedestrian 38 0 -9999.0 -9999.0 -9999.0 -9999.0 1.768936684463284 0.7798122203956248 0.6543593384916504 -1.880736802778983 2.4568084784905375 1.3842488272756457 -2.94976939644363 
Pedestrian 48 0 -9999.0 -9999.0 -9999.0 -9999.0 1.8437648405814306 0.63 0.8639507388388924 -12.572647228935164 -1.4862531697104178 1.8488186218490823 0.1832127117537503 
Pedestrain_sitting 557 0 -9999.0 -9999.0 -9999.0 -9999.0 1.3003415906177906 0.5495013160563614 0.4849281347249202 22.619906250228876 -8.8286411967366 -1.023048473118794 -0.004784655345041244 
Pedestrain_sitting 556 0 -9999.0 -9999.0 -9999.0 -9999.0 1.3003415906177906 0.5495013160563614 0.4849281347249202 21.232572087473216 -8.707737978344833 -1.0297126941200845 3.1368080825650217 
Pedestrain_sitting 555 0 -9999.0 -9999.0 -9999.0 -9999.0 1.3003415906177906 0.5495013160563614 0.4849281347249202 21.21297771189218 -7.972189043866441 -1.0302557139750317 3.1368080825650217 
Pedestrian 23 0 -9999.0 -9999.0 -9999.0 -9999.0 1.733985410563253 0.6134757942819711 0.7222749871810963 17.222027267767597 -4.870560300074741 -0.6131377552202505 -2.0191023197871907 
