Car 2 0 -9999.0 -9999.0 -9999.0 -9999.0 1.7161032172723623 4.3042446659889535 2.497900330371051 29.683438194288122 1.1085530848472738 -0.8290383056638374 0.07281321653102601 
Pedestrian 26 0 -9999.0 -9999.0 -9999.0 -9999.0 1.8 0.880638232653005 0.7173897124333324 42.25462999416479 -3.715235356360683 -2.091612932413723 -2.954805073580406 
Pedestrian 25 0 -9999.0 -9999.0 -9999.0 -9999.0 1.8 0.880638232653005 0.7173897124333324 42.34558350617489 -2.98837449204531 -2.083111497336127 -2.954805073580406 
Car 3 0 -9999.0 -9999.0 -9999.0 -9999.0 1.4301220212552401 4 1.8633935758759457 55.67223604645653 -0.20671708495243807 -3.1787155561663005 -3.0521482483721982 
Pedestrain_sitting 21 0 -9999.0 -9999.0 -9999.0 -9999.0 0.9170967942404316 0.6239191457374971 0.6351946031908755 11.807348667659546 5.243358682658039 0.8633608386689522 0.12815005577443372 
Pedestrian 601 0 -9999.0 -9999.0 -9999.0 -9999.0 1.7334194695403702 0.5901000815388179 0.5961420748625704 18.70007346739026 14.058651427796134 0.3660870414431604 1.6689179959643745 
Pedestrian 600 0 -9999.0 -9999.0 -9999.0 -9999.0 1.8985119489706095 0.7891492470282006 0.774319038074053 17.54292460138815 12.128483223859503 0.6262022027754636 -1.4788939206360325 
Pedestrian 1006 0 -9999.0 -9999.0 -9999.0 -9999.0 1.8319269034634074 0.7746621567225385 0.7296367421575172 27.074033155023 -4.7009538969142035 -0.7615264612380688 -0.21809577388239454 
Pedestrian 1005 0 -9999.0 -9999.0 -9999.0 -9999.0 1.7182020193881877 0.7271215203340413 0.7172417616036824 27.08770432913875 -4.286501647278505 -0.7965570788541577 -0.2215133589105598 
Pedestrian 500 0 -9999.0 -9999.0 -9999.0 -9999.0 1.6591565719904136 0.5920739440172947 0.5901695475559555 22.5363191984358 6.418943561824829 0.1290510215446966 0.5475776807325801 
Pedestrian 999 0 -9999.0 -9999.0 -9999.0 -9999.0 1.7478363069824068 0.6324640994580073 0.6450381271264 20.63767438237752 6.065519655869257 0.19331895753410863 2.2306480558964683 
Pedestrian 1001 0 -9999.0 -9999.0 -9999.0 -9999.0 1.8190235843771385 0.6309324708718423 0.6213012349133786 32.4634176421304 2.80893147524472 -1.0237152849412798 1.5959482666457934 
Pedestrian 888 0 -9999.0 -9999.0 -9999.0 -9999.0 1.5366259275535865 0.5877254913696837 0.6357928477663076 11.213840683545778 6.658164162446495 1.1052202120764538 -0.5178535415338636 
Pedestrian 223 0 -9999.0 -9999.0 -9999.0 -9999.0 1.7272234413230434 0.6942712320825266 0.6155335882708507 37.31664595892202 -6.988764440768267 -1.7797167999377685 0.6419837606287082 
Pedestrian 3 0 -9999.0 -9999.0 -9999.0 -9999.0 1.6413741868673242 0.9102319618606736 0.749658509723502 26.541213760246237 0.19600660701542044 -0.6839316580749117 -2.677063040528683 
Pedestrian 5 0 -9999.0 -9999.0 -9999.0 -9999.0 1.6467102258502564 0.8504990806290904 0.946862823709426 -3.426963840667598 3.0099172963402276 2.127378633676041 0.05556883992254669 
Pedestrian 4 0 -9999.0 -9999.0 -9999.0 -9999.0 1.7335733350919327 0.8234084053360446 0.7316008376188541 -3.441095418811262 3.9281857805600766 2.1789197249581926 0.07153083966114604 
Pedestrian 1 0 -9999.0 -9999.0 -9999.0 -9999.0 1.830187787627785 0.8467364901875526 1.030957247409183 0.9512284797082147 4.249744384092289 1.6352068362787606 0.29412338769805846 
Pedestrian 2 0 -9999.0 -9999.0 -9999.0 -9999.0 1.6047004871739794 0.8225193905720728 0.8427564948210492 -0.6474422791712023 5.412072990100525 1.6399214530526114 1.984059052273544 
Pedestrian 6 0 -9999.0 -9999.0 -9999.0 -9999.0 1.8 0.7815797515521649 0.729516349447393 30.18891220533343 -2.9403810637532293 -1.1399075842678716 -3.016788347553275 
Pedestrian 7 0 -9999.0 -9999.0 -9999.0 -9999.0 1.85 0.7446143281153959 0.7378356243838986 30.036251264934773 -3.8146669059973024 -1.1309875881522968 -3.0167473323324607 
Pedestrian 9 0 -9999.0 -9999.0 -9999.0 -9999.0 1.7388951330758573 0.762844615165235 0.6125796005267553 19.106001801245526 2.544744804455119 0.04651366820244128 2.036125016387338 
Pedestrian 10 0 -9999.0 -9999.0 -9999.0 -9999.0 1.7238665634959034 0.765649395571576 0.6782236572752955 20.091047105032043 2.6783897858606456 -0.0560219446577033 2.9421366389244703 
Car 1 0 -9999.0 -9999.0 -9999.0 -9999.0 1.9636838768401188 5.159477280173534 1.9749927503715075 8.65221202588393 -3.107644125617746 1.0940237860337634 0.0778977097052298 
Pedestrian 11 0 -9999.0 -9999.0 -9999.0 -9999.0 1.833843394516407 0.888361750840276 0.8547891083331658 53.03302003846658 -2.322391372820798 -3.0912075055884665 -3.0700746566631807 
Pedestrian 44 0 -9999.0 -9999.0 -9999.0 -9999.0 1.773026559218124 1 0.9694486388550138 -8.220207429372657 2.041729195444704 2.4760113954260534 -3.054671011546745 
Pedestrian 43 0 -9999.0 -9999.0 -9999.0 -9999.0 1.6975355979754738 1 1.115836959245979 -8.425004240563068 1.064809682675778 2.4074918967433745 -3.0445454061047155 
Pedestrian 18 0 -9999.0 -9999.0 -9999.0 -9999.0 1.553791531556044 0.9350978240778415 0.7014189842208715 2.685276938175488 -1.0791422865785445 1.408086669008632 0.019371660187550432 
Pedestrian 17 0 -9999.0 -9999.0 -9999.0 -9999.0 1.6786936986616088 0.9385842718372612 0.8570610823441984 2.1174817463351854 -0.39590116556598115 1.4942313057396206 0.02910810799113328 
Pedestrian 19 0 -9999.0 -9999.0 -9999.0 -9999.0 1.88766995436284 0.8473523143195599 0.8020167022554571 21.06712527024594 1.6007658217898422 -0.044287051175199016 0.027194783512449305 
Pedestrian 20 0 -9999.0 -9999.0 -9999.0 -9999.0 1.8942850025152396 0.7837367986462382 0.6986151564054772 20.80872041664257 1.0301924162299108 -0.007177011215080971 0.030934570296553332 
Pedestrian 8 0 -9999.0 -9999.0 -9999.0 -9999.0 1.7182020193881877 0.84040506779357 0.7617142683117479 27.228474873129144 -3.2925331037976022 -0.7834832070664544 3.0382205351254505 
Pedestrian 36 0 -9999.0 -9999.0 -9999.0 -9999.0 1.85 0.8455221526426029 0.7795427445654814 -6.136005662741367 5.260879908729114 2.01029300218371 -1.1350935540491598 
Pedestrian 1002 0 -9999.0 -9999.0 -9999.0 -9999.0 1.5480067025273518 0.5644233003512866 0.6213012349133786 37.11286607120296 -2.7802195777722534 -1.7804347202527633 -3.043520129541184 
Pedestrian 16 0 -9999.0 -9999.0 -9999.0 -9999.0 1.5480067025273518 0.5644233003512866 0.6213012349133786 37.09244705155481 -3.762593482631528 -1.6410623013530319 -3.0435201501770237 
Pedestrian 34 0 -9999.0 -9999.0 -9999.0 -9999.0 1.8 0.742563890087286 0.7166973150341831 -6.964347062357507 5.305393178672588 1.9945668254666304 -1.2337198205068791 
Pedestrian 503 0 -9999.0 -9999.0 -9999.0 -9999.0 1.5098862519504819 0.7016892788347073 0.6244449312827264 23.756808121995867 5.274889833243076 -0.09195091005811644 2.395193348729382 
Pedestrian 28 0 -9999.0 -9999.0 -9999.0 -9999.0 1.9344750647178444 0.9180852004756592 0.7505107045290647 35.241495659609875 -0.7409773098072977 -1.4063613226407177 0.005317858512576379 
Pedestrian 29 0 -9999.0 -9999.0 -9999.0 -9999.0 1.914706511234499 0.9112747753301017 0.7505107045290647 35.216367472883626 -0.1432006200816921 -1.4230272750912918 0.005317858512576379 
Pedestrian 22 0 -9999.0 -9999.0 -9999.0 -9999.0 1.7272234413230434 0.8930338539667776 0.7589542967325148 29.351503680500898 -5.631051036161497 -1.1190656966396175 -2.0804260473054264 
Pedestrian 502 0 -9999.0 -9999.0 -9999.0 -9999.0 1.5580631857725595 0.6324640994580073 0.6231826615974934 23.263317220230956 5.772315061422792 -0.021574296472687694 2.3297316930423833 
Pedestrian 45 0 -9999.0 -9999.0 -9999.0 -9999.0 1.840803791853019 0.9047965827395252 0.7795427445654814 14.066739215772188 -3.4622974188383213 0.4663128231568078 -2.9679753281159567 
Pedestrain_sitting 20 0 -9999.0 -9999.0 -9999.0 -9999.0 0.9288023059382893 0.630173997091732 0.7116151379014846 10.921922424742435 5.322349965193031 0.8997652826968172 -3.033524452114568 
Pedestrian 30 0 -9999.0 -9999.0 -9999.0 -9999.0 1.6574581668813668 0.5844020196858356 0.6601390122619767 51.696691700798254 -2.7929372582516234 -2.8417101957545983 0.1886015000689758 
Pedestrian 200 0 -9999.0 -9999.0 -9999.0 -9999.0 1.7521106512660325 0.9162872598483918 0.6944942567378337 -1.313557497911401 2.3270023909731914 1.8866912961689746 -3.0179512929059555 
Pedestrian 24 0 -9999.0 -9999.0 -9999.0 -9999.0 1.5665724604937843 0.8256175940025915 0.7327379765104859 21.193033651584436 -5.26082083006702 -0.32037690105902494 0.4025041128652749 
Pedestrian 35 0 -9999.0 -9999.0 -9999.0 -9999.0 1.85 0.8455221526426029 0.8055941736449839 9.700080428503547 3.8990154581538143 0.8600764064026496 -3.0817571679696503 
Pedestrian 31 0 -9999.0 -9999.0 -9999.0 -9999.0 1.6183186744299025 0.6340866970656824 0.5322695037304019 54.22909404873637 -2.0065257900382134 -3.284155656388512 -3.0553355148965053 
Pedestrian 32 0 -9999.0 -9999.0 -9999.0 -9999.0 1.6264157795512513 0.6356555012147109 0.5322695037304019 54.09711321368869 -1.3896330699143074 -3.2529819376721623 -3.056922019186569 
Pedestrian 33 0 -9999.0 -9999.0 -9999.0 -9999.0 1.85 1.011633098401595 1.1292297078013385 42.140810832038255 -6.074549974059102 -2.045436048669961 1.1164542694324844 
Pedestrian 39 0 -9999.0 -9999.0 -9999.0 -9999.0 1.6992181517554945 0.7236988029930532 0.6130136573276566 -1.243492517176145 1.6635444469270544 1.8653655097412793 -3.015628031216089 
Pedestrian 50 0 -9999.0 -9999.0 -9999.0 -9999.0 1.6682901068147347 0.7378107948553352 0.6318862957964667 -9.297530234111651 -2.1593895333001343 2.316096452072604 1.774286363237355 
Pedestrian 37 0 -9999.0 -9999.0 -9999.0 -9999.0 1.7674898152527898 0.7851268766529278 0.7077031440696406 -0.6258325306929594 -0.44014589621033934 1.6628638281495949 -1.52811605990936 
Pedestrian 38 0 -9999.0 -9999.0 -9999.0 -9999.0 1.768936684463284 0.7798122203956248 0.6543593384916504 0.17095810728310323 -0.4696487548286246 1.6531522703154857 -1.5281160452666267 
Pedestrian 48 0 -9999.0 -9999.0 -9999.0 -9999.0 1.8437648405814306 0.63 0.8639507388388924 -12.618935952036658 -1.6559628642378879 2.4117733628085567 0.18306977560654047 
Pedestrain_sitting 557 0 -9999.0 -9999.0 -9999.0 -9999.0 1.3003415906177906 0.5495013160563614 0.4849281347249202 22.4521974264786 -8.816526874500095 -0.16279498796776326 -0.004784577505956733 
Pedestrain_sitting 556 0 -9999.0 -9999.0 -9999.0 -9999.0 1.3003415906177906 0.5495013160563614 0.4849281347249202 21.080723512699368 -8.667246772953952 -0.16815600830193045 3.1368080825650217 
Pedestrain_sitting 555 0 -9999.0 -9999.0 -9999.0 -9999.0 1.3003415906177906 0.5495013160563614 0.4849281347249202 21.061236662887246 -7.97105496659817 -0.16453497947520412 3.1368080825650217 
Pedestrian 23 0 -9999.0 -9999.0 -9999.0 -9999.0 1.733985410563253 0.6134757942819711 0.7222749871810963 17.199419001491755 -4.858171246200865 0.11452402443994357 -2.0191023197871907 
