Car 2 0 -9999.0 -9999.0 -9999.0 -9999.0 1.7161032172723623 4.3042446659889535 2.497900330371051 29.803713726551404 0.6678740277947665 -1.447513463807336 0.07281321653102601 
Pedestrian 26 0 -9999.0 -9999.0 -9999.0 -9999.0 1.8 0.880638232653005 0.7173897124333324 36.47394770183777 -3.3821941192867593 -2.196663340305941 -2.954805073580406 
Pedestrian 25 0 -9999.0 -9999.0 -9999.0 -9999.0 1.8 0.880638232653005 0.7173897124333324 36.52787293710287 -2.709890069448401 -2.181408974293392 -2.954805073580406 
Car 3 0 -9999.0 -9999.0 -9999.0 -9999.0 1.4301220212552401 4 1.8633935758759457 55.58846862430608 -0.19920451272681788 -3.294832956942052 -3.0521482483721982 
Pedestrian 42 0 -9999.0 -9999.0 -9999.0 -9999.0 1.9110630666244788 0.6648425352273584 0.7730646177530336 -21.835298980109282 1.1307749105800575 3.0270802228085647 -3.072754067660032 
Pedestrian 41 0 -9999.0 -9999.0 -9999.0 -9999.0 1.7717383253829708 0.6171990397476583 0.6601212154854279 -21.884107322871994 0.418655919311821 2.955186220035389 -3.0682165575045595 
Pedestrain_sitting 21 0 -9999.0 -9999.0 -9999.0 -9999.0 0.9170967942404316 0.6239191457374971 0.6351946031908755 11.771898068220054 5.243059473523406 0.24126173229418368 0.12878253432713915 
Pedestrian 999 0 -9999.0 -9999.0 -9999.0 -9999.0 1.7478363069824068 0.6324640994580073 0.6450381271264 21.09740052991468 6.281518581993338 -0.39606429020201067 2.3087133314906154 
Pedestrian 702 0 -9999.0 -9999.0 -9999.0 -9999.0 1.7242744269198185 0.63 0.6898739737048278 -29.20574197260831 3.8425679957082215 3.560657975459727 -3.00732011091074 
Pedestrian 703 0 -9999.0 -9999.0 -9999.0 -9999.0 1.7717383253829708 0.63 0.6566716672544799 -29.1206691064446 4.600826652824002 3.6265792338609617 -3.00732011091074 
Pedestrian 1001 0 -9999.0 -9999.0 -9999.0 -9999.0 1.8190235843771385 0.6309324708718423 0.6213012349133786 32.29927453638976 2.8443655103809564 -1.482221515433567 1.5959482666468103 
Pedestrian 888 0 -9999.0 -9999.0 -9999.0 -9999.0 1.5366259275535865 0.5877254913696837 0.6357928477663076 13.105210998124468 7.281107846464576 0.3770783910533168 3.0192483660553027 
Pedestrian 223 0 -9999.0 -9999.0 -9999.0 -9999.0 1.7272234413230434 0.6942712320825266 0.6155335882708507 37.58463638077238 -6.897400573834602 -2.3056942944462184 0.6419837606262329 
Pedestrian 3 0 -9999.0 -9999.0 -9999.0 -9999.0 1.6413741868673242 0.9102319618606736 0.749658509723502 20.944235071796797 1.9816612967956897 -0.737125340354533 -2.8611868847383217 
Pedestrian 5 0 -9999.0 -9999.0 -9999.0 -9999.0 1.6467102258502564 0.8504990806290904 0.7324788173464449 1.4020505650835058 2.8997597271562285 0.9931946270738199 0.3193499721890607 
Pedestrian 4 0 -9999.0 -9999.0 -9999.0 -9999.0 1.7335733350919327 0.8234084053360446 0.7316008376188541 0.33965334803429265 3.0128604025567722 1.0559794461767726 0.07097661645715903 
Pedestrian 1 0 -9999.0 -9999.0 -9999.0 -9999.0 1.830187787627785 0.8467364901875526 1.030957247409183 2.351289871503659 3.612087841407889 0.8748363181512536 -3.1278193393388722 
Pedestrian 2 0 -9999.0 -9999.0 -9999.0 -9999.0 1.6047004871739794 0.8225193905720728 0.8427564948210492 1.3598485762918602 4.5141956895323885 0.9300053251252914 0.4412847061322882 
Pedestrian 6 0 -9999.0 -9999.0 -9999.0 -9999.0 1.8 0.7815797515521649 0.729516349447393 24.604219742741407 -2.37480019898364 -1.2319818638155988 -3.0167883567100056 
Pedestrian 7 0 -9999.0 -9999.0 -9999.0 -9999.0 1.85 0.7446143281153959 0.7378356243838986 24.320235819435304 -3.078848754300291 -1.2004121680364386 -3.0167473323324607 
Pedestrian 9 0 -9999.0 -9999.0 -9999.0 -9999.0 1.7388951330758573 0.762844615165235 0.6125796005267553 19.045488514603765 2.513368389009763 -0.5461420278334624 2.035489675525282 
Pedestrian 10 0 -9999.0 -9999.0 -9999.0 -9999.0 1.7238665634959034 0.765649395571576 0.6782236572752955 19.59596987566992 2.4555132031511513 -0.6210455987991509 2.038215701689735 
Car 1 0 -9999.0 -9999.0 -9999.0 -9999.0 1.9636838768401188 5.159477280173534 1.9749927503715075 8.762682171223991 -3.13608717414645 0.303426339572005 0.07789770973651677 
Pedestrian 11 0 -9999.0 -9999.0 -9999.0 -9999.0 1.833843394516407 0.888361750840276 0.8547891083331658 45.052434291369785 -1.6422440729233005 -2.943816677464577 -3.070074713281903 
Pedestrian 44 0 -9999.0 -9999.0 -9999.0 -9999.0 1.773026559218124 1 0.9694486388550138 -15.267326117103778 2.6407209410571157 2.3210867798551016 -3.0235613994556463 
Pedestrian 43 0 -9999.0 -9999.0 -9999.0 -9999.0 1.6975355979754738 1 1.115836959245979 -15.33686277434675 1.6010723220972596 2.288778670964838 -3.021575162773967 
Pedestrian 18 0 -9999.0 -9999.0 -9999.0 -9999.0 1.553791531556044 0.9350978240778415 0.7014189842208715 5.483043914569395 -1.220316851368049 0.38106128794849153 -0.009826649688227107 
Pedestrian 17 0 -9999.0 -9999.0 -9999.0 -9999.0 1.6786936986616088 0.9385842718372612 0.8570610823441984 5.4649954821649604 -0.5472713809840583 0.43862940802385725 -0.03788040355932765 
Pedestrian 19 0 -9999.0 -9999.0 -9999.0 -9999.0 1.88766995436284 0.8473523143195599 0.8020167022554571 24.966545866281514 1.3284128431202327 -1.0731080008799845 0.1964971917182421 
Pedestrian 20 0 -9999.0 -9999.0 -9999.0 -9999.0 1.8942850025152396 0.7837367986462382 0.6986151564054772 24.418881694656953 0.7575750301645797 -1.0100094160303525 0.1964971957040813 
Pedestrian 8 0 -9999.0 -9999.0 -9999.0 -9999.0 1.7182020193881877 0.84040506779357 0.7617142683117479 22.37304604700427 -3.7518510476863582 -1.026867732746721 3.0669696697422815 
Pedestrian 36 0 -9999.0 -9999.0 -9999.0 -9999.0 1.85 0.8455221526426029 0.7795427445654814 -6.2259343456168095 5.253786051228908 1.4052199364612217 -1.1350935418216945 
Pedestrian 1002 0 -9999.0 -9999.0 -9999.0 -9999.0 1.5480067025273518 0.5644233003512866 0.6213012349133786 31.04998310319005 -3.3784081529293926 -1.8484969831340818 -3.043520129541184 
Pedestrian 16 0 -9999.0 -9999.0 -9999.0 -9999.0 1.5480067025273518 0.5644233003512866 0.6213012349133786 31.00335613866475 -4.11126848230194 -1.7804465870517492 -3.0435201287816067 
Pedestrian 34 0 -9999.0 -9999.0 -9999.0 -9999.0 1.8 0.742563890087286 0.7166973150341831 -7.1570676706436025 5.01230733474262 1.4226374035062153 -1.2337133891775593 
Pedestrian 27 0 -9999.0 -9999.0 -9999.0 -9999.0 1.8 0.8271693526588353 0.8407252643496999 29.82293299719199 -0.24998742483231257 -1.4306189778220237 1.544812784959273 
Pedestrian 503 0 -9999.0 -9999.0 -9999.0 -9999.0 1.5098862519504819 0.7016892788347073 0.6244449312827264 24.017965245126963 5.265565251504208 -0.7861959958374736 2.395193348729382 
Pedestrian 28 0 -9999.0 -9999.0 -9999.0 -9999.0 1.9344750647178444 0.9180852004756592 0.7505107045290647 41.14831585447736 -0.7871142625004202 -2.802299552748002 0.005317843697901559 
Pedestrian 29 0 -9999.0 -9999.0 -9999.0 -9999.0 1.914706511234499 0.9112747753301017 0.7505107045290647 41.120313535326396 -0.0003957567029145813 -2.8134641760471837 0.005317858512576379 
Pedestrian 22 0 -9999.0 -9999.0 -9999.0 -9999.0 1.7272234413230434 0.8930338539667776 0.7589542967325148 26.786085327195533 -4.465817134371932 -1.5146807820632777 -3.0214913594680546 
Pedestrian 777 0 -9999.0 -9999.0 -9999.0 -9999.0 1.5601539586488533 0.7742910735758141 0.7734620811052282 -12.703067747987182 3.1613357405123845 1.9716243518831622 0.29112279103307426 
Pedestrian 502 0 -9999.0 -9999.0 -9999.0 -9999.0 1.5580631857725595 0.6324640994580073 0.6231826615974934 23.567904197592927 5.726006350072397 -0.6752273282299734 2.384830979894442 
Pedestrian 45 0 -9999.0 -9999.0 -9999.0 -9999.0 1.840803791853019 0.9047965827395252 0.7795427445654814 9.04948125022092 -1.8042376883324194 0.24013166108348036 -3.103411943375413 
Pedestrain_sitting 20 0 -9999.0 -9999.0 -9999.0 -9999.0 0.9288023059382893 0.630173997091732 0.7116151379014846 10.91237909047052 5.29255772524219 0.31127683062815414 -3.0334976303186174 
Pedestrian 30 0 -9999.0 -9999.0 -9999.0 -9999.0 1.6574581668813668 0.5844020196858356 0.6601390122619767 59.14043338595583 -3.322679797959134 -4.6400157648562645 0.18854651090505747 
Car 4 0 -9999.0 -9999.0 -9999.0 -9999.0 2.0589564776245735 4.5 2.044844764170049 -33.15297780756023 6.731537109614113 4.085286521207248 0.15975626962034895 
Pedestrian 200 0 -9999.0 -9999.0 -9999.0 -9999.0 1.7521106512660325 0.9162872598483918 0.6944942567378337 -7.297757470816749 3.2485235146804876 1.9111133705192431 -2.977572864423694 
Pedestrian 111 0 -9999.0 -9999.0 -9999.0 -9999.0 1.83889513307586 0.7017705575400481 0.6922125420881973 17.073431351288043 5.078891243817351 -0.2283372261852574 0.27355191138330426 
Pedestrian 47 0 -9999.0 -9999.0 -9999.0 -9999.0 1.739259612086605 0.9765708634005151 0.6968829901888434 -11.907049865083444 2.2344689766736967 2.0217447786830776 0.27071543341329996 
Pedestrian 24 0 -9999.0 -9999.0 -9999.0 -9999.0 1.5665724604937843 0.8256175940025915 0.7327379765104859 20.80770773673315 -5.106332092576652 -1.0395320527548824 3.1314651967642213 
Pedestrian 46 0 -9999.0 -9999.0 -9999.0 -9999.0 1.739259612086605 0.8137808070594968 0.7631092640473314 -11.861867797431556 2.9797907236148884 2.0368851255258686 0.2707146687780142 
Pedestrian 35 0 -9999.0 -9999.0 -9999.0 -9999.0 1.85 0.8455221526426029 0.8055941736449839 4.9555152099023045 4.02065572709961 0.6718247084661118 -3.0817391876989646 
Pedestrian 31 0 -9999.0 -9999.0 -9999.0 -9999.0 1.6183186744299025 0.6340866970656824 0.5322695037304019 59.603266921974814 -1.8195519253382297 -4.571405104876543 -3.0553355148965053 
Pedestrian 32 0 -9999.0 -9999.0 -9999.0 -9999.0 1.6264157795512513 0.6356555012147109 0.5322695037304019 59.62286784514764 -1.2941606948677211 -4.690695042433251 -3.056922019186569 
Pedestrian 39 0 -9999.0 -9999.0 -9999.0 -9999.0 1.6992181517554945 0.7236988029930532 0.6130136573276566 -7.381595270210313 2.588535676535233 1.7517195642267978 -2.9778555128884037 
Pedestrian 49 0 -9999.0 -9999.0 -9999.0 -9999.0 1.8880449392725787 0.7266739568839767 0.719062337692116 -13.14998698471648 -1.9264219503041686 1.8407849367253795 1.1335961918736395 
Pedestrian 51 0 -9999.0 -9999.0 -9999.0 -9999.0 1.7084772160642387 0.6876926218915868 0.6022575416759411 -8.592264348755453 -2.474267621682975 1.7075464593989627 1.7806207929365527 
Pedestrian 50 0 -9999.0 -9999.0 -9999.0 -9999.0 1.6682901068147347 0.7378107948553352 0.6318862957964667 -9.160834359121035 -2.048219111104207 1.7891671626837535 1.774286363237355 
Pedestrian 37 0 -9999.0 -9999.0 -9999.0 -9999.0 1.7674898152527898 0.7851268766529278 0.7077031440696406 -2.6609295051973763 2.0491090681513437 1.3123317968771098 -2.9467306912284688 
Pedestrian 38 0 -9999.0 -9999.0 -9999.0 -9999.0 1.768936684463284 0.7798122203956248 0.6543593384916504 -2.495180710248145 2.6991796607830905 1.2779341839349756 -2.949393828922574 
Pedestrian 48 0 -9999.0 -9999.0 -9999.0 -9999.0 1.8437648405814306 0.63 0.8639507388388924 -12.568958517885429 -1.4879725441806242 1.8243865608369252 0.1832020746512555 
Pedestrain_sitting 557 0 -9999.0 -9999.0 -9999.0 -9999.0 1.3003415906177906 0.5495013160563614 0.4849281347249202 22.640852005225657 -8.828909186053117 -1.056433228154599 -0.00478466506941011 
Pedestrain_sitting 556 0 -9999.0 -9999.0 -9999.0 -9999.0 1.3003415906177906 0.5495013160563614 0.4849281347249202 21.237458904386877 -8.699637159869699 -1.0644506198058097 3.1368080825650217 
Pedestrain_sitting 555 0 -9999.0 -9999.0 -9999.0 -9999.0 1.3003415906177906 0.5495013160563614 0.4849281347249202 21.217954611766885 -7.967671802462848 -1.0656233756234283 3.1368080825650217 
Pedestrian 23 0 -9999.0 -9999.0 -9999.0 -9999.0 1.733985410563253 0.6134757942819711 0.7222749871810963 17.223951444362466 -4.864883157027428 -0.6557942469287112 -2.0191023197871907 
