Car 2 0 -9999.0 -9999.0 -9999.0 -9999.0 1.7161032172723623 4.3042446659889535 2.497900330371051 29.807187343002326 1.061218926255013 -0.9944470291846879 0.07281321653102601 
Pedestrian 26 0 -9999.0 -9999.0 -9999.0 -9999.0 1.8 0.880638232653005 0.7173897124333324 41.024914791071815 -3.6076036745184394 -2.124192334216186 -2.954805073580406 
Pedestrian 25 0 -9999.0 -9999.0 -9999.0 -9999.0 1.8 0.880638232653005 0.7173897124333324 41.168216871935144 -2.8750299873002354 -2.1245014520070304 -2.954805073580406 
Car 3 0 -9999.0 -9999.0 -9999.0 -9999.0 1.4301220212552401 4 1.8633935758759457 55.65613569579007 -0.2052731459587993 -3.2010336700938167 -3.0521482483721982 
Pedestrain_sitting 21 0 -9999.0 -9999.0 -9999.0 -9999.0 0.9170967942404316 0.6239191457374971 0.6351946031908755 11.799471406928358 5.243292197227499 0.7251280037089327 0.12829059496263717 
Pedestrian 602 0 -9999.0 -9999.0 -9999.0 -9999.0 1.7238665634959034 0.5990216574770284 0.5824301662283978 18.96480832548379 16.498394161026386 0.4106749551566498 -1.38979137166322 
Pedestrian 603 0 -9999.0 -9999.0 -9999.0 -9999.0 1.8192270588984627 0.6324640994580073 0.6782236572752955 18.897873541827806 18.23451607951643 0.5932648386781674 -1.6477249354016514 
Pedestrian 601 0 -9999.0 -9999.0 -9999.0 -9999.0 1.7334194695403702 0.5901000815388179 0.5961420748625704 18.778071375426126 13.295042412929527 0.2618946427443686 1.668918036400516 
Pedestrian 600 0 -9999.0 -9999.0 -9999.0 -9999.0 1.8985119489706095 0.7891492470282006 0.774319038074053 17.876353016867593 12.94398651350914 0.686033943922859 -1.4788939206360325 
Pedestrian 1006 0 -9999.0 -9999.0 -9999.0 -9999.0 1.8319269034634074 0.7746621567225385 0.7296367421575172 27.998303322915632 -4.811327562676556 -0.9509954008381197 -0.33338018822043836 
Pedestrian 1005 0 -9999.0 -9999.0 -9999.0 -9999.0 1.7182020193881877 0.7271215203340413 0.7172417616036824 27.749123385112945 -4.225479119105039 -1.0314729249754038 -0.34815048447454977 
Pedestrian 500 0 -9999.0 -9999.0 -9999.0 -9999.0 1.6591565719904136 0.5920739440172947 0.5901695475559555 22.72019813937683 6.299478852349144 -0.008663726081902058 0.5475776796585237 
Pedestrian 999 0 -9999.0 -9999.0 -9999.0 -9999.0 1.7478363069824068 0.6324640994580073 0.6450381271264 20.805588583221134 6.073613911323578 0.10814056989031687 2.264757313920441 
Pedestrian 1001 0 -9999.0 -9999.0 -9999.0 -9999.0 1.8190235843771385 0.6309324708718423 0.6213012349133786 32.527272542115234 2.7401015853249655 -1.2717052229859545 1.5959482666466283 
Pedestrian 888 0 -9999.0 -9999.0 -9999.0 -9999.0 1.5366259275535865 0.5877254913696837 0.6357928477663076 12.239275336195195 7.096531016569934 0.663109634992152 -0.41812959877246314 
Pedestrian 223 0 -9999.0 -9999.0 -9999.0 -9999.0 1.7272234413230434 0.6942712320825266 0.6155335882708507 37.217517621806316 -7.106969820651236 -1.83249158993408 0.6419837606276806 
Pedestrian 3 0 -9999.0 -9999.0 -9999.0 -9999.0 1.6413741868673242 0.9102319618606736 0.749658509723502 25.223017715788338 1.017497306808169 -0.7277539797817404 -2.7166416474017225 
Pedestrian 5 0 -9999.0 -9999.0 -9999.0 -9999.0 1.6467102258502564 0.8504990806290904 0.946862823709426 -2.3515688043817224 3.110036706666631 1.8134961953633248 0.17381015122483312 
Pedestrian 4 0 -9999.0 -9999.0 -9999.0 -9999.0 1.7335733350919327 0.8234084053360446 0.7316008376188541 -2.3627996293473643 3.8337002445671273 1.885572899782911 0.0715010659817299 
Pedestrian 1 0 -9999.0 -9999.0 -9999.0 -9999.0 1.830187787627785 0.8467364901875526 1.030957247409183 1.7644882520405665 3.7865455880726753 1.407125492734418 0.3415961236564087 
Pedestrian 2 0 -9999.0 -9999.0 -9999.0 -9999.0 1.6047004871739794 0.8225193905720728 0.8427564948210492 -0.3536745722314143 5.188324001124961 1.6043636736373283 1.7943985887025846 
Pedestrian 6 0 -9999.0 -9999.0 -9999.0 -9999.0 1.8 0.7815797515521649 0.729516349447393 28.946906525408984 -2.863356535204287 -0.9854335744483169 -3.0167883476293103 
Pedestrian 7 0 -9999.0 -9999.0 -9999.0 -9999.0 1.85 0.7446143281153959 0.7378356243838986 28.72077261382319 -3.639197910368644 -0.9625332196561234 -3.0167473323324607 
Pedestrian 9 0 -9999.0 -9999.0 -9999.0 -9999.0 1.7388951330758573 0.762844615165235 0.6125796005267553 19.04854969584548 2.4828905500513883 -0.07298079593100906 2.0360321737313924 
Pedestrian 10 0 -9999.0 -9999.0 -9999.0 -9999.0 1.7238665634959034 0.765649395571576 0.6782236572752955 19.669694440528602 2.5601125195075323 -0.14294562805190666 2.1696475936061397 
Car 1 0 -9999.0 -9999.0 -9999.0 -9999.0 1.9636838768401188 5.159477280173534 1.9749927503715075 8.723323217235208 -3.119968222006584 0.8480468968235955 0.07789770969892373 
Pedestrian 11 0 -9999.0 -9999.0 -9999.0 -9999.0 1.833843394516407 0.888361750840276 0.8547891083331658 51.241114014214205 -2.065837730805443 -3.3852623671879827 -3.070074669281297 
Pedestrian 44 0 -9999.0 -9999.0 -9999.0 -9999.0 1.773026559218124 1 0.9694486388550138 -9.8266500375856 2.195279971154538 2.517266110656622 -3.059762472355338 
Pedestrian 43 0 -9999.0 -9999.0 -9999.0 -9999.0 1.6975355979754738 1 1.115836959245979 -9.52478431446488 1.0705200789184044 2.4653970501529736 -3.056266558089261 
Pedestrian 18 0 -9999.0 -9999.0 -9999.0 -9999.0 1.553791531556044 0.9350978240778415 0.7014189842208715 3.259377539133744 -1.1740383333023636 1.1031489743008067 0.018397152165077202 
Pedestrian 17 0 -9999.0 -9999.0 -9999.0 -9999.0 1.6786936986616088 0.9385842718372612 0.8570610823441984 2.4864620668631745 -0.5397243254580074 1.2583534886920371 0.018472820655123456 
Pedestrian 19 0 -9999.0 -9999.0 -9999.0 -9999.0 1.88766995436284 0.8473523143195599 0.8020167022554571 21.779312467408438 1.4103780875405822 -0.24004706226778377 -0.024244564851965578 
Pedestrian 20 0 -9999.0 -9999.0 -9999.0 -9999.0 1.8942850025152396 0.7837367986462382 0.6986151564054772 21.41134380906618 0.8554566487705668 -0.2114943845189905 -0.022734129630084254 
Pedestrian 8 0 -9999.0 -9999.0 -9999.0 -9999.0 1.7182020193881877 0.84040506779357 0.7617142683117479 26.321077486813646 -3.4018544368179975 -0.800463406604524 2.9837685152732867 
Pedestrian 36 0 -9999.0 -9999.0 -9999.0 -9999.0 1.85 0.8455221526426029 0.7795427445654814 -6.179287757689684 5.340493661035406 1.8655011761776106 -1.1350935541046514 
Pedestrian 1002 0 -9999.0 -9999.0 -9999.0 -9999.0 1.5480067025273518 0.5644233003512866 0.6213012349133786 35.61724777938948 -3.004530347028317 -1.7511884001549285 -3.043520129541184 
Pedestrian 16 0 -9999.0 -9999.0 -9999.0 -9999.0 1.5480067025273518 0.5644233003512866 0.6213012349133786 35.70510518578703 -3.888944057143962 -1.7124713597121701 -3.0435201293389174 
Pedestrian 34 0 -9999.0 -9999.0 -9999.0 -9999.0 1.8 0.742563890087286 0.7166973150341831 -7.053865640825012 5.391137308385858 1.8810810115835204 -1.233719467582759 
Pedestrian 503 0 -9999.0 -9999.0 -9999.0 -9999.0 1.5098862519504819 0.7016892788347073 0.6244449312827264 23.948516870929257 5.267245665225826 -0.16042103999972662 2.395193348729382 
Pedestrian 28 0 -9999.0 -9999.0 -9999.0 -9999.0 1.9344750647178444 0.9180852004756592 0.7505107045290647 36.522144192955295 -0.8592980597525104 -1.5232133747572552 0.0053178585125692734 
Pedestrian 29 0 -9999.0 -9999.0 -9999.0 -9999.0 1.914706511234499 0.9112747753301017 0.7505107045290647 36.51992593946289 -0.16263325005008816 -1.5250193162192782 0.005317858512576379 
Pedestrian 22 0 -9999.0 -9999.0 -9999.0 -9999.0 1.7272234413230434 0.8930338539667776 0.7589542967325148 28.825736625423616 -5.46860689525305 -1.2349102929998326 -1.6658266213274455 
Pedestrian 502 0 -9999.0 -9999.0 -9999.0 -9999.0 1.5580631857725595 0.6324640994580073 0.6231826615974934 23.440342732369256 5.759130050904898 -0.19515544633379087 2.40640273862485 
Pedestrian 45 0 -9999.0 -9999.0 -9999.0 -9999.0 1.840803791853019 0.9047965827395252 0.7795427445654814 13.05210130412778 -2.9764871308418814 0.36862635675514394 -2.76320881441546 
Pedestrain_sitting 20 0 -9999.0 -9999.0 -9999.0 -9999.0 0.9288023059382893 0.630173997091732 0.7116151379014846 10.91966054961774 5.31442630350819 0.7690042041978322 -3.033518492207449 
Pedestrian 30 0 -9999.0 -9999.0 -9999.0 -9999.0 1.6574581668813668 0.5844020196858356 0.6601390122619767 53.39620812970191 -2.962689603838148 -3.432259141142719 0.18858928126341468 
Pedestrian 200 0 -9999.0 -9999.0 -9999.0 -9999.0 1.7521106512660325 0.9162872598483918 0.6944942567378337 -2.6655733010818645 2.38540450936009 1.9041857027615177 -3.052829270909223 
Pedestrian 24 0 -9999.0 -9999.0 -9999.0 -9999.0 1.5665724604937843 0.8256175940025915 0.7327379765104859 22.325991081698533 -5.395864858507646 -0.6511292726221826 0.07647539848224216 
Pedestrian 35 0 -9999.0 -9999.0 -9999.0 -9999.0 1.85 0.8455221526426029 0.8055941736449839 8.847886691596747 3.8633932824877926 0.7007459505898238 -3.081710018696395 
Pedestrian 31 0 -9999.0 -9999.0 -9999.0 -9999.0 1.6183186744299025 0.6340866970656824 0.5322695037304019 55.745806126758254 -2.250219168081311 -3.595031967269483 -3.0553355148965053 
Pedestrian 32 0 -9999.0 -9999.0 -9999.0 -9999.0 1.6264157795512513 0.6356555012147109 0.5322695037304019 55.38713855202341 -1.6087689990321723 -3.58479620341651 -3.056922019186569 
Pedestrian 33 0 -9999.0 -9999.0 -9999.0 -9999.0 1.85 1.011633098401595 1.1292297078013385 42.0951519841232 -6.2994451875362545 -2.2408480321516624 2.7962755734887335 
Pedestrian 39 0 -9999.0 -9999.0 -9999.0 -9999.0 1.6992181517554945 0.7236988029930532 0.6130136573276566 -2.6398079036630575 1.7108903631455854 1.886087546923948 -3.0450424261306015 
Pedestrian 49 0 -9999.0 -9999.0 -9999.0 -9999.0 1.8880449392725787 0.7266739568839767 0.719062337692116 -13.22897568253853 -2.2288571254566265 2.383042551818929 1.1335962453559993 
Pedestrian 51 0 -9999.0 -9999.0 -9999.0 -9999.0 1.7084772160642387 0.6876926218915868 0.6022575416759411 -8.413389656683048 -2.447365407174275 2.267131412794635 1.7806207929365527 
Pedestrian 50 0 -9999.0 -9999.0 -9999.0 -9999.0 1.6682901068147347 0.7378107948553352 0.6318862957964667 -9.200795720413108 -1.9904894321530116 2.256499046007224 1.774286363237355 
Pedestrian 37 0 -9999.0 -9999.0 -9999.0 -9999.0 1.7674898152527898 0.7851268766529278 0.7077031440696406 -0.24368169952039964 0.3616901029792559 1.612988785577875 -1.5609954083471074 
Pedestrian 38 0 -9999.0 -9999.0 -9999.0 -9999.0 1.768936684463284 0.7798122203956248 0.6543593384916504 0.5444972859969679 0.40211004765397923 1.5674090755852734 -1.5832883125657151 
Pedestrian 48 0 -9999.0 -9999.0 -9999.0 -9999.0 1.8437648405814306 0.63 0.8639507388388924 -12.619015620024355 -1.8116512958117654 2.3518391835464865 0.18306464532132072 
Pedestrain_sitting 557 0 -9999.0 -9999.0 -9999.0 -9999.0 1.3003415906177906 0.5495013160563614 0.4849281347249202 22.49412403558035 -8.820705558629667 -0.4462679465891479 -0.004784596962895904 
Pedestrain_sitting 556 0 -9999.0 -9999.0 -9999.0 -9999.0 1.3003415906177906 0.5495013160563614 0.4849281347249202 21.131606143534697 -8.689691171253555 -0.45091089189084166 3.1368080825650217 
Pedestrain_sitting 555 0 -9999.0 -9999.0 -9999.0 -9999.0 1.3003415906177906 0.5495013160563614 0.4849281347249202 21.11198783867619 -7.975539746024397 -0.4380749312874136 3.1368080825650217 
Pedestrian 23 0 -9999.0 -9999.0 -9999.0 -9999.0 1.733985410563253 0.6134757942819711 0.7222749871810963 17.19409372769203 -4.876062728088053 -0.09423770664081246 -2.0191023197871907 
