Car 2 0 -9999.0 -9999.0 -9999.0 -9999.0 1.7161032172723623 4.3042446659889535 2.497900330371051 29.58087350521044 1.0075101164396043 -2.526748085165135 0.07281321653102601 
Pedestrian 26 0 -9999.0 -9999.0 -9999.0 -9999.0 1.8 0.880638232653005 0.7173897124333324 24.855731056586492 -3.7778693136737656 -2.072878827523114 -2.954805073580406 
Car 3 0 -9999.0 -9999.0 -9999.0 -9999.0 1.4301220212552401 4 1.8633935758759457 55.40157406296563 -0.1824431172510927 -3.5539039671851476 -3.0521482483721982 
Pedestrian 42 0 -9999.0 -9999.0 -9999.0 -9999.0 1.9110630666244788 0.6648425352273584 0.7730646177530336 -27.275036403993973 0.3131307885333361 2.3724273080004568 1.1331178412790113 
Pedestrian 41 0 -9999.0 -9999.0 -9999.0 -9999.0 1.7717383253829708 0.6171990397476583 0.6601212154854279 -26.83044092130208 0.8691248389418817 2.3100020830321157 1.124721062312906 
Pedestrain_sitting 21 0 -9999.0 -9999.0 -9999.0 -9999.0 0.9170967942404316 0.6239191457374971 0.6351946031908755 11.695741276895047 5.2424166971532165 -1.0951633938456502 0.13014125711088553 
Pedestrian 1001 0 -9999.0 -9999.0 -9999.0 -9999.0 1.8190235843771385 0.6309324708718423 0.6213012349133786 32.20477188418472 2.6758431825229563 -2.4704746942798383 1.5959482743687845 
Pedestrian 765 0 -9999.0 -9999.0 -9999.0 -9999.0 1.765427731387784 0.6045377694180526 0.7280996093110779 29.415625636146665 2.262089984539571 -2.4874513418955573 -1.246000181181465 
Pedestrian 888 0 -9999.0 -9999.0 -9999.0 -9999.0 1.5366259275535865 0.5877254913696837 0.6357928477663076 12.318600577184672 8.330594730144377 -1.1851636050802128 -3.1056084029173157 
Pedestrian 223 0 -9999.0 -9999.0 -9999.0 -9999.0 1.7272234413230434 0.6942712320825266 0.6155335882708507 37.12379119792981 -7.087051073074249 -3.3188316763746717 0.6419837837725009 
Pedestrian 3 0 -9999.0 -9999.0 -9999.0 -9999.0 1.6413741868673242 0.9102319618606736 0.749658509723502 8.35568287636018 3.392374031798867 -0.930281020232389 -2.86591423304586 
Pedestrian 5 0 -9999.0 -9999.0 -9999.0 -9999.0 1.6467102258502564 0.8504990806290904 0.7324788173464449 6.0885495321767324 2.8896414394547247 -0.6486628149221666 0.2979199587579542 
Pedestrian 4 0 -9999.0 -9999.0 -9999.0 -9999.0 1.7335733350919327 0.8234084053360446 0.7316008376188541 5.645112650807587 3.1480558772166822 -0.5611891059874802 0.38320813089001327 
Pedestrian 1 0 -9999.0 -9999.0 -9999.0 -9999.0 1.830187787627785 0.8467364901875526 1.030957247409183 2.0728175486067606 3.5635734563649937 -0.24864209499318637 3.0506123600107315 
Pedestrian 2 0 -9999.0 -9999.0 -9999.0 -9999.0 1.6047004871739794 0.8225193905720728 0.8427564948210492 2.9142097149537447 3.8461483165725077 -0.44281309628160626 0.4440707300105071 
Pedestrian 6 0 -9999.0 -9999.0 -9999.0 -9999.0 1.8 0.7815797515521649 0.729516349447393 12.605218272038611 -0.6345711151324306 -0.9299449973935411 -3.016746113577838 
Pedestrian 7 0 -9999.0 -9999.0 -9999.0 -9999.0 1.85 0.7446143281153959 0.7378356243838986 12.267140678230362 -1.3725915820717114 -0.9062656615072197 -3.0167473323324607 
Pedestrian 9 0 -9999.0 -9999.0 -9999.0 -9999.0 1.7388951330758573 0.762844615165235 0.6125796005267553 14.64639229692426 2.080206119849647 -1.340374559749928 -3.0637419790852025 
Pedestrian 10 0 -9999.0 -9999.0 -9999.0 -9999.0 1.7238665634959034 0.765649395571576 0.6782236572752955 14.742443383987196 1.582631662548225 -1.3423583965342258 -3.063943884273943 
Car 1 0 -9999.0 -9999.0 -9999.0 -9999.0 1.9636838768401188 5.159477280173534 1.9749927503715075 8.436360310972569 -3.105520041303779 -0.5611643219332967 0.07789770822808517 
Pedestrian 11 0 -9999.0 -9999.0 -9999.0 -9999.0 1.833843394516407 0.888361750840276 0.8547891083331658 28.021843440327544 -0.8934899239960872 -2.4236008959645545 -3.0700747696840462 
Pedestrian 44 0 -9999.0 -9999.0 -9999.0 -9999.0 1.773026559218124 1 0.9694486388550138 -31.183993296937814 3.7749049203466454 2.6314402298340185 -3.04454539683357 
Pedestrian 43 0 -9999.0 -9999.0 -9999.0 -9999.0 1.6975355979754738 1 1.115836959245979 -31.238054002215875 2.8228096256385022 2.930690140936438 -3.0445453815814734 
Pedestrian 18 0 -9999.0 -9999.0 -9999.0 -9999.0 1.553791531556044 0.9350978240778415 0.7014189842208715 15.196251385460098 -3.7561220694163984 -1.3670704511585887 0.2198809262506849 
Pedestrian 17 0 -9999.0 -9999.0 -9999.0 -9999.0 1.6786936986616088 0.9385842718372612 0.8570610823441984 15.47255451589707 -3.0025317160112106 -1.3026697598439978 0.22094772268312823 
Pedestrian 19 0 -9999.0 -9999.0 -9999.0 -9999.0 1.88766995436284 0.8473523143195599 0.8020167022554571 33.19416090576716 -0.036149974023319945 -2.569095509285999 -0.01370301750093006 
Pedestrian 20 0 -9999.0 -9999.0 -9999.0 -9999.0 1.8942850025152396 0.7837367986462382 0.6986151564054772 32.809953946757076 -0.7094543112269389 -2.545979277743351 -0.02028802342180569 
Pedestrian 8 0 -9999.0 -9999.0 -9999.0 -9999.0 1.7182020193881877 0.84040506779357 0.7617142683117479 12.714144964194904 -2.4535311949586673 -0.9792779009451139 -3.0701315906758886 
Pedestrian 36 0 -9999.0 -9999.0 -9999.0 -9999.0 1.85 0.8455221526426029 0.7795427445654814 -6.487734795362261 4.787934094183683 0.5626138822445824 -1.2081412492866477 
Pedestrian 1002 0 -9999.0 -9999.0 -9999.0 -9999.0 1.5480067025273518 0.5644233003512866 0.6213012349133786 17.90051251618113 -1.9951304303617077 -1.5351643472172785 -3.043520129541184 
Pedestrian 16 0 -9999.0 -9999.0 -9999.0 -9999.0 1.5480067025273518 0.5644233003512866 0.6213012349133786 17.689640398258366 -2.63656414071693 -1.5125712722512274 -3.043520127614409 
Pedestrian 34 0 -9999.0 -9999.0 -9999.0 -9999.0 1.8 0.742563890087286 0.7166973150341831 -7.103100563097182 4.421523867231961 0.592581295194315 2.6981518576978765 
Pedestrian 503 0 -9999.0 -9999.0 -9999.0 -9999.0 1.5098862519504819 0.7016892788347073 0.6244449312827264 23.373462730670038 5.03043068761229 -1.745065463993904 2.395193348729382 
Pedestrian 14 0 -9999.0 -9999.0 -9999.0 -9999.0 1.5350666013118595 0.6767124353147551 0.6338965826401189 20.348281959097108 -1.1122479449355402 -1.6913545962705547 -2.940282869616061 
Pedestrian 15 0 -9999.0 -9999.0 -9999.0 -9999.0 1.4995242359067946 0.6433493585685015 0.616020103352135 20.280803033919707 -1.8213058290781106 -1.7237708082543746 -2.9448094792169357 
Pedestrian 22 0 -9999.0 -9999.0 -9999.0 -9999.0 1.7272234413230434 0.8930338539667776 0.7589542967325148 19.61352899443788 -4.14615592740531 -1.6653920281889236 -3.0157884572195144 
Pedestrian 777 0 -9999.0 -9999.0 -9999.0 -9999.0 1.5601539586488533 0.7742910735758141 0.7734620811052282 -5.6258038232679635 -2.417630396241505 0.4384765341052859 0.6234321447835454 
Pedestrian 502 0 -9999.0 -9999.0 -9999.0 -9999.0 1.5580631857725595 0.6324640994580073 0.6231826615974934 22.859677569946793 5.448768299695756 -1.7311958944338093 2.3848309798733904 
Pedestrian 45 0 -9999.0 -9999.0 -9999.0 -9999.0 1.840803791853019 0.9047965827395252 0.7795427445654814 -2.010647098707941 -2.2672286183157473 0.3428376878081382 3.1354613119275374 
Pedestrain_sitting 20 0 -9999.0 -9999.0 -9999.0 -9999.0 0.9288023059382893 0.630173997091732 0.7116151379014846 10.94707551575848 5.36937316348922 -0.9723207401546602 -3.0334400103643855 
Car 4 0 -9999.0 -9999.0 -9999.0 -9999.0 2.0589564776245735 4.5 2.044844764170049 -33.15867930174831 6.7370672404360805 2.829066595489639 0.15975626962034895 
Pedestrian 52 0 -9999.0 -9999.0 -9999.0 -9999.0 1.85 0.8063422351422711 0.648255271894977 -2.0835077510144364 -10.312233173056793 0.5366854360236293 3.0157783739316972 
Pedestrian 53 0 -9999.0 -9999.0 -9999.0 -9999.0 1.85 0.6635819251292966 0.5936944772056624 -0.8185622426810468 -10.803267678651125 0.4534537685892452 2.928476607281148 
Pedestrian 200 0 -9999.0 -9999.0 -9999.0 -9999.0 1.7521106512660325 0.9162872598483918 0.6944942567378337 -20.056405767930276 3.986114330773235 1.6575945814641975 -3.03600486726506 
Pedestrian 47 0 -9999.0 -9999.0 -9999.0 -9999.0 1.739259612086605 0.9765708634005151 0.6968829901888434 -6.394529953627256 -2.197017453259954 0.6314161339033555 0.6097845670881368 
Pedestrian 24 0 -9999.0 -9999.0 -9999.0 -9999.0 1.5665724604937843 0.8256175940025915 0.7327379765104859 17.668244825777247 -4.764957354625044 -1.3574843272756412 -1.6969115496159795 
Pedestrian 46 0 -9999.0 -9999.0 -9999.0 -9999.0 1.739259612086605 0.8137808070594968 0.7631092640473314 -6.056838087077233 -1.5895336603653738 0.5963904487303834 0.5930145933317856 
Pedestrian 35 0 -9999.0 -9999.0 -9999.0 -9999.0 1.85 0.8455221526426029 0.8055941736449839 -7.3931824702848425 3.506615767678754 0.6669299927869865 -3.1246247025054465 
Pedestrian 39 0 -9999.0 -9999.0 -9999.0 -9999.0 1.6992181517554945 0.7236988029930532 0.6130136573276566 -20.01045226247928 3.3165508760883844 1.6763717015615616 -3.036003904544078 
Pedestrian 49 0 -9999.0 -9999.0 -9999.0 -9999.0 1.8880449392725787 0.7266739568839767 0.719062337692116 -13.42021362240405 -1.8927087948651358 1.1975304447978508 1.1485459995474088 
Pedestrian 51 0 -9999.0 -9999.0 -9999.0 -9999.0 1.7084772160642387 0.6876926218915868 0.6022575416759411 -8.663337893684519 -2.311897909895591 0.7500541773704976 1.7806207929365527 
Pedestrian 50 0 -9999.0 -9999.0 -9999.0 -9999.0 1.6682901068147347 0.7378107948553352 0.6318862957964667 -9.473602932095163 -2.1297366428548656 0.7655817934188839 1.774286363237355 
Pedestrian 37 0 -9999.0 -9999.0 -9999.0 -9999.0 1.7674898152527898 0.7851268766529278 0.7077031440696406 -15.281972758763255 3.618244962630979 1.1373737589388506 -2.9500196571831054 
Pedestrian 38 0 -9999.0 -9999.0 -9999.0 -9999.0 1.768936684463284 0.7798122203956248 0.6543593384916504 -15.144001887284542 4.286297170585536 1.1182739846104035 -2.949341524279081 
Pedestrian 48 0 -9999.0 -9999.0 -9999.0 -9999.0 1.8437648405814306 0.63 0.8639507388388924 -12.827826784162035 -1.502638415307172 1.1843915908480753 0.1830687681285177 
Pedestrian 23 0 -9999.0 -9999.0 -9999.0 -9999.0 1.733985410563253 0.6134757942819711 0.7222749871810963 16.900966859875243 -4.8865667072578844 -1.310149372626879 -2.0191023197871907 
