Car 2 0 -9999.0 -9999.0 -9999.0 -9999.0 1.7161032172723623 4.3042446659889535 2.497900330371051 29.73045808353127 1.105049327364742 -0.8989653827462974 0.07281321653102601 
Pedestrian 26 0 -9999.0 -9999.0 -9999.0 -9999.0 1.8 0.880638232653005 0.7173897124333324 41.65164741617271 -3.722188931578244 -2.110417542188069 -2.954805073580406 
Pedestrian 25 0 -9999.0 -9999.0 -9999.0 -9999.0 1.8 0.880638232653005 0.7173897124333324 41.76096581738221 -2.9917860853769196 -2.107005852782654 -2.954805073580406 
Car 3 0 -9999.0 -9999.0 -9999.0 -9999.0 1.4301220212552401 4 1.8633935758759457 55.66580356811528 -0.20614019650478344 -3.18763218086786 -3.0521482483721982 
Pedestrain_sitting 21 0 -9999.0 -9999.0 -9999.0 -9999.0 0.9170967942404316 0.6239191457374971 0.6351946031908755 11.803410923038122 5.243325447418601 0.7942599645271484 0.1282203095658634 
Pedestrian 603 0 -9999.0 -9999.0 -9999.0 -9999.0 1.8192270588984627 0.6324640994580073 0.6782236572752955 18.958536607126334 18.263706792703623 0.6852720203608782 -1.809680587484225 
Pedestrian 601 0 -9999.0 -9999.0 -9999.0 -9999.0 1.7334194695403702 0.5901000815388179 0.5961420748625704 18.764093257405328 13.70047438325493 0.3298471098658948 1.6689180201681264 
Pedestrian 600 0 -9999.0 -9999.0 -9999.0 -9999.0 1.8985119489706095 0.7891492470282006 0.774319038074053 17.698444349872464 12.546911463227369 0.6149267348097159 -1.4788939206360325 
Pedestrian 1006 0 -9999.0 -9999.0 -9999.0 -9999.0 1.8319269034634074 0.7746621567225385 0.7296367421575172 27.518808188276104 -4.705279763783473 -0.7940016405543802 -0.43178959380547965 
Pedestrian 1005 0 -9999.0 -9999.0 -9999.0 -9999.0 1.7182020193881877 0.7271215203340413 0.7172417616036824 27.406931139934947 -4.103237375405426 -0.8185459944127976 -0.36563674700737003 
Pedestrian 500 0 -9999.0 -9999.0 -9999.0 -9999.0 1.6591565719904136 0.5920739440172947 0.5901695475559555 22.6086689549392 6.3886018799355995 0.04273973263961482 0.5475776796585237 
Pedestrian 999 0 -9999.0 -9999.0 -9999.0 -9999.0 1.7478363069824068 0.6324640994580073 0.6450381271264 20.72319761005146 6.0718773863019315 0.1417810288379152 2.247947246588698 
Pedestrian 1001 0 -9999.0 -9999.0 -9999.0 -9999.0 1.8190235843771385 0.6309324708718423 0.6213012349133786 32.500283044735625 2.7711593288435243 -1.153384649032237 1.59594826664632 
Pedestrian 888 0 -9999.0 -9999.0 -9999.0 -9999.0 1.5366259275535865 0.5877254913696837 0.6357928477663076 11.727231346233172 6.913937218425763 0.85998753614642 -0.5802644085166815 
Pedestrian 223 0 -9999.0 -9999.0 -9999.0 -9999.0 1.7272234413230434 0.6942712320825266 0.6155335882708507 37.28474125840668 -7.009276358697657 -1.8014700718028975 0.6419837606279231 
Pedestrian 3 0 -9999.0 -9999.0 -9999.0 -9999.0 1.6413741868673242 0.9102319618606736 0.749658509723502 25.801435805122743 0.5436347442854526 -0.6726279990260231 -2.6897064322555977 
Pedestrian 5 0 -9999.0 -9999.0 -9999.0 -9999.0 1.6467102258502564 0.8504990806290904 0.946862823709426 -2.9009577664732284 2.988522588075895 2.0969574462751766 0.05556883992254669 
Pedestrian 4 0 -9999.0 -9999.0 -9999.0 -9999.0 1.7335733350919327 0.8234084053360446 0.7316008376188541 -2.9068879211752376 3.801665211316669 2.1537887443973327 0.07153515183241232 
Pedestrian 1 0 -9999.0 -9999.0 -9999.0 -9999.0 1.830187787627785 0.8467364901875526 1.030957247409183 1.461848449505788 3.8467670174378137 1.483651259949027 0.5284916566411599 
Pedestrian 2 0 -9999.0 -9999.0 -9999.0 -9999.0 1.6047004871739794 0.8225193905720728 0.8427564948210492 -0.6364236031900851 5.157481877147641 1.6203649906795219 1.984059052273544 
Pedestrian 6 0 -9999.0 -9999.0 -9999.0 -9999.0 1.8 0.7815797515521649 0.729516349447393 29.57285359698062 -2.989436068186067 -1.1337557261395794 -3.016788347569884 
Pedestrian 7 0 -9999.0 -9999.0 -9999.0 -9999.0 1.85 0.7446143281153959 0.7378356243838986 29.33857378834391 -3.774407797234565 -1.120513785148314 -3.0167473323324607 
Pedestrian 9 0 -9999.0 -9999.0 -9999.0 -9999.0 1.7388951330758573 0.762844615165235 0.6125796005267553 19.073008133604446 2.5094266915613868 -0.009744599152233371 2.0360092200450293 
Pedestrian 10 0 -9999.0 -9999.0 -9999.0 -9999.0 1.7238665634959034 0.765649395571576 0.6782236572752955 19.808572159898567 2.6169322537091815 -0.08770076427993892 2.511103720697019 
Car 1 0 -9999.0 -9999.0 -9999.0 -9999.0 1.9636838768401188 5.159477280173534 1.9749927503715075 8.688918797544739 -3.1139606047935686 0.9665706643211989 0.07789770970156518 
Pedestrian 11 0 -9999.0 -9999.0 -9999.0 -9999.0 1.833843394516407 0.888361750840276 0.8547891083331658 52.12091135012695 -2.1822961631782105 -3.263892281050935 -3.070074662965908 
Pedestrian 44 0 -9999.0 -9999.0 -9999.0 -9999.0 1.773026559218124 1 0.9694486388550138 -9.013774548827069 2.196079381683317 2.5007658572614164 -3.0643344602672293 
Pedestrian 43 0 -9999.0 -9999.0 -9999.0 -9999.0 1.6975355979754738 1 1.115836959245979 -8.939621367117024 1.0793281841397493 2.439946668454381 -3.0560434978481155 
Pedestrian 18 0 -9999.0 -9999.0 -9999.0 -9999.0 1.553791531556044 0.9350978240778415 0.7014189842208715 2.9883242065982105 -1.1406174845515773 1.1961989132101158 0.014985730000022457 
Pedestrian 17 0 -9999.0 -9999.0 -9999.0 -9999.0 1.6786936986616088 0.9385842718372612 0.8570610823441984 2.2908221153769874 -0.5610738437884114 1.4102102671887689 0.033572156914116746 
Pedestrian 19 0 -9999.0 -9999.0 -9999.0 -9999.0 1.88766995436284 0.8473523143195599 0.8020167022554571 21.40911144561894 1.5470221133714492 -0.1405556275878722 -0.005748680143049967 
Pedestrian 20 0 -9999.0 -9999.0 -9999.0 -9999.0 1.8942850025152396 0.7837367986462382 0.6986151564054772 21.153095697950665 0.9319665933196513 -0.11622418090524644 -0.007249738807320938 
Pedestrian 8 0 -9999.0 -9999.0 -9999.0 -9999.0 1.7182020193881877 0.84040506779357 0.7617142683117479 26.731068933250494 -3.285976600954491 -0.7524014763734136 2.99935305978517 
Pedestrian 36 0 -9999.0 -9999.0 -9999.0 -9999.0 1.85 0.8455221526426029 0.7795427445654814 -6.130594437253001 5.284645688966588 1.950332816226766 -1.1350935540718616 
Pedestrian 1002 0 -9999.0 -9999.0 -9999.0 -9999.0 1.5480067025273518 0.5644233003512866 0.6213012349133786 36.30252585377444 -2.9290618023147594 -1.7236972082927895 -3.043520129541184 
Pedestrian 16 0 -9999.0 -9999.0 -9999.0 -9999.0 1.5480067025273518 0.5644233003512866 0.6213012349133786 36.40242714293642 -3.824239352941532 -1.648490632213885 -3.043520137783487 
Pedestrian 34 0 -9999.0 -9999.0 -9999.0 -9999.0 1.8 0.742563890087286 0.7166973150341831 -6.980324599671004 5.45366541821541 1.9411440946234872 -1.2337198716500062 
Pedestrian 503 0 -9999.0 -9999.0 -9999.0 -9999.0 1.5098862519504819 0.7016892788347073 0.6244449312827264 23.88559224261504 5.265561357087048 -0.12392056552014769 2.395193348729382 
Pedestrian 28 0 -9999.0 -9999.0 -9999.0 -9999.0 1.9344750647178444 0.9180852004756592 0.7505107045290647 36.14758680279924 -0.8117799186009552 -1.3528248805192797 0.005317858512578155 
Pedestrian 29 0 -9999.0 -9999.0 -9999.0 -9999.0 1.914706511234499 0.9112747753301017 0.7505107045290647 36.062570758068844 -0.15509292928628862 -1.3323676829831759 0.005317858512576379 
Pedestrian 22 0 -9999.0 -9999.0 -9999.0 -9999.0 1.7272234413230434 0.8930338539667776 0.7589542967325148 29.09152583536768 -5.561399920812942 -1.1797859614521247 -1.811487422474407 
Pedestrian 502 0 -9999.0 -9999.0 -9999.0 -9999.0 1.5580631857725595 0.6324640994580073 0.6231826615974934 23.38004616884469 5.771259274350156 -0.08556876847458009 2.384830979894442 
Pedestrian 45 0 -9999.0 -9999.0 -9999.0 -9999.0 1.840803791853019 0.9047965827395252 0.7795427445654814 13.42491407436886 -3.2505268130464904 0.41550429619684176 -2.9679752886209467 
Pedestrain_sitting 20 0 -9999.0 -9999.0 -9999.0 -9999.0 0.9288023059382893 0.630173997091732 0.7116151379014846 10.920787860856866 5.318353222617451 0.8343995383248017 -3.0335214728311595 
Pedestrian 30 0 -9999.0 -9999.0 -9999.0 -9999.0 1.6574581668813668 0.5844020196858356 0.6601390122619767 52.38071938139844 -2.905843420466315 -3.338249566843703 0.18859539204011533 
Pedestrian 200 0 -9999.0 -9999.0 -9999.0 -9999.0 1.7521106512660325 0.9162872598483918 0.6944942567378337 -1.9867248823821966 2.3360050120648994 1.9013873463316202 -3.0370343985809427 
Pedestrian 24 0 -9999.0 -9999.0 -9999.0 -9999.0 1.5665724604937843 0.8256175940025915 0.7327379765104859 21.779887061051735 -5.33710241435387 -0.5090215159110008 0.4349162827795059 
Pedestrian 35 0 -9999.0 -9999.0 -9999.0 -9999.0 1.85 0.8455221526426029 0.8055941736449839 9.35016701356087 3.899261627643178 0.7776354356720975 -3.08173239546878 
Pedestrian 31 0 -9999.0 -9999.0 -9999.0 -9999.0 1.6183186744299025 0.6340866970656824 0.5322695037304019 54.952290847593254 -2.193219469956291 -3.498313310971635 -3.0553355148965053 
Pedestrian 32 0 -9999.0 -9999.0 -9999.0 -9999.0 1.6264157795512513 0.6356555012147109 0.5322695037304019 54.6502297164656 -1.458315773817644 -3.5245040800695286 -3.056922019186569 
Pedestrian 33 0 -9999.0 -9999.0 -9999.0 -9999.0 1.85 1.011633098401595 1.1292297078013385 42.06405199119355 -6.132398743224384 -2.159487424127613 2.409257560969646 
Pedestrian 39 0 -9999.0 -9999.0 -9999.0 -9999.0 1.6992181517554945 0.7236988029930532 0.6130136573276566 -1.9413896965482873 1.6658078814716355 1.881219902030711 -3.0315549232474446 
Pedestrian 49 0 -9999.0 -9999.0 -9999.0 -9999.0 1.8880449392725787 0.7266739568839767 0.719062337692116 -13.121076338764242 -2.484604293502451 2.415415644184421 1.1335962579354248 
Pedestrian 50 0 -9999.0 -9999.0 -9999.0 -9999.0 1.6682901068147347 0.7378107948553352 0.6318862957964667 -9.25571072737435 -2.103892416478735 2.3642973212898597 1.774286363237355 
Pedestrian 37 0 -9999.0 -9999.0 -9999.0 -9999.0 1.7674898152527898 0.7851268766529278 0.7077031440696406 -0.429512188583513 -0.18172873024534955 1.6792314616197284 -1.5063772836086269 
Pedestrian 38 0 -9999.0 -9999.0 -9999.0 -9999.0 1.768936684463284 0.7798122203956248 0.6543593384916504 0.2730681616996555 -0.17622198419973764 1.6526771012657218 -1.4630596642734908 
Pedestrian 48 0 -9999.0 -9999.0 -9999.0 -9999.0 1.8437648405814306 0.63 0.8639507388388924 -12.614818868420466 -1.8403514069421105 2.392306300511217 0.18306880697216155 
Pedestrain_sitting 557 0 -9999.0 -9999.0 -9999.0 -9999.0 1.3003415906177906 0.5495013160563614 0.4849281347249202 22.47315620849774 -8.818655835055242 -0.3068842748528883 -0.004784587232238735 
Pedestrain_sitting 556 0 -9999.0 -9999.0 -9999.0 -9999.0 1.3003415906177906 0.5495013160563614 0.4849281347249202 21.10660936641178 -8.67889605841462 -0.31185004821945705 3.1368080825650217 
Pedestrain_sitting 555 0 -9999.0 -9999.0 -9999.0 -9999.0 1.3003415906177906 0.5495013160563614 0.4849281347249202 21.087053147272304 -7.973443090990147 -0.3031568839240715 3.1368080825650217 
Pedestrian 23 0 -9999.0 -9999.0 -9999.0 -9999.0 1.733985410563253 0.6134757942819711 0.7222749871810963 17.195896253495665 -4.867983234818548 -0.001457643807350556 -2.0191023197871907 
