Pedestrian 12 0 -9999.0 -9999.0 -9999.0 -9999.0 1.85 0.6601961343208707 0.6325646732376861 24.99054497331487 2.755553591322871 -2.5225737079392134 1.609268270430757 
Pedestrian 13 0 -9999.0 -9999.0 -9999.0 -9999.0 1.85 0.6324640994580073 0.5664825239758708 25.604396004063357 2.4889156254177873 -2.4810771935800453 1.609268273179044 
Car 2 0 -9999.0 -9999.0 -9999.0 -9999.0 1.7161032172723623 4.3042446659889535 2.497900330371051 29.68153336040394 0.7111473928256937 -2.8574940416675334 0.07281321653102601 
Pedestrian 26 0 -9999.0 -9999.0 -9999.0 -9999.0 1.8 0.880638232653005 0.7173897124333324 22.918483577550685 -3.432439242541418 -2.402493525914591 -2.954805073580406 
Pedestrian 42 0 -9999.0 -9999.0 -9999.0 -9999.0 1.9110630666244788 0.6648425352273584 0.7730646177530336 -27.29738091278989 0.11079275888784351 2.098182357273781 1.162980941688688 
Pedestrian 41 0 -9999.0 -9999.0 -9999.0 -9999.0 1.7717383253829708 0.6171990397476583 0.6601212154854279 -26.80603991252869 0.5307060145706021 2.0111722498881757 1.1247206309775661 
Pedestrian 1001 0 -9999.0 -9999.0 -9999.0 -9999.0 1.8190235843771385 0.6309324708718423 0.6213012349133786 32.12095587311457 2.8091914450463196 -2.7715504080615534 1.5959482562532799 
Pedestrian 765 0 -9999.0 -9999.0 -9999.0 -9999.0 1.765427731387784 0.6045377694180526 0.7280996093110779 30.966857927277314 2.270259201513881 -2.931613494718857 -0.05193453352565669 
Pedestrian 888 0 -9999.0 -9999.0 -9999.0 -9999.0 1.5366259275535865 0.5877254913696837 0.6357928477663076 12.421159816003618 8.118131048471936 -1.8075241111480105 -3.105532274190738 
Pedestrian 3 0 -9999.0 -9999.0 -9999.0 -9999.0 1.6413741868673242 0.9102319618606736 0.749658509723502 6.3221668112084055 3.669921104132172 -1.0329035211615263 -2.86591423304586 
Pedestrian 5 0 -9999.0 -9999.0 -9999.0 -9999.0 1.6467102258502564 0.8504990806290904 0.7324788173464449 7.218350722265588 2.502386779152153 -1.017418351895708 0.3598006984789519 
Pedestrian 4 0 -9999.0 -9999.0 -9999.0 -9999.0 1.7335733350919327 0.8234084053360446 0.7316008376188541 6.600343302204313 2.701762666738033 -1.004423847728847 0.38359315541082495 
Pedestrian 1 0 -9999.0 -9999.0 -9999.0 -9999.0 1.830187787627785 0.8467364901875526 1.030957247409183 1.9913987419147912 3.2945638264876718 -0.4911282426699084 0.7347319518437754 
Pedestrian 2 0 -9999.0 -9999.0 -9999.0 -9999.0 1.6047004871739794 0.8225193905720728 0.8427564948210492 2.8306137332332457 3.7728412562205222 -0.7172159785181902 0.4440707485430142 
Pedestrian 6 0 -9999.0 -9999.0 -9999.0 -9999.0 1.8 0.7815797515521649 0.729516349447393 10.635103877908294 -0.6548010891476062 -1.0974382555134057 -3.016746110783826 
Pedestrian 7 0 -9999.0 -9999.0 -9999.0 -9999.0 1.85 0.7446143281153959 0.7378356243838986 10.323674226911429 -1.1943092653097898 -1.0656954112850456 -3.0167473323324607 
Pedestrian 9 0 -9999.0 -9999.0 -9999.0 -9999.0 1.7388951330758573 0.762844615165235 0.6125796005267553 13.388189615135568 2.442688919222753 -1.5443481029770336 -3.074341100003874 
Pedestrian 10 0 -9999.0 -9999.0 -9999.0 -9999.0 1.7238665634959034 0.765649395571576 0.6782236572752955 13.51223243484262 1.8538569475726414 -1.5556418867304385 -3.0716402508375236 
Car 1 0 -9999.0 -9999.0 -9999.0 -9999.0 1.9636838768401188 5.159477280173534 1.9749927503715075 8.46355646421872 -3.15010726514333 -0.8961022557751149 0.07789770494472226 
Pedestrian 11 0 -9999.0 -9999.0 -9999.0 -9999.0 1.833843394516407 0.888361750840276 0.8547891083331658 25.224977457975083 -0.32151996567784713 -2.44910763760787 -3.070074767956248 
Pedestrian 44 0 -9999.0 -9999.0 -9999.0 -9999.0 1.773026559218124 1 0.9694486388550138 -33.91582304216703 3.730791161734023 2.6250122356652614 -3.044545386186371 
Pedestrian 43 0 -9999.0 -9999.0 -9999.0 -9999.0 1.6975355979754738 1 1.115836959245979 -34.02413017420032 2.7242347007347423 2.548792800521969 -3.044545387054189 
Pedestrian 18 0 -9999.0 -9999.0 -9999.0 -9999.0 1.553791531556044 0.9350978240778415 0.7014189842208715 17.199587284131187 -3.7954405106822486 -1.6669565985060093 0.2131839874239425 
Pedestrian 17 0 -9999.0 -9999.0 -9999.0 -9999.0 1.6786936986616088 0.9385842718372612 0.8570610823441984 17.559849462844454 -3.1404592694541873 -1.6246384764397512 0.21240583865395646 
Pedestrian 19 0 -9999.0 -9999.0 -9999.0 -9999.0 1.88766995436284 0.8473523143195599 0.8020167022554571 34.55475843852085 -0.0701298565612338 -2.9972687983428608 -0.013750364554583783 
Pedestrian 20 0 -9999.0 -9999.0 -9999.0 -9999.0 1.8942850025152396 0.7837367986462382 0.6986151564054772 34.247410838507214 -1.0128903771014555 -2.987682585707196 -0.022925041696158388 
Pedestrian 8 0 -9999.0 -9999.0 -9999.0 -9999.0 1.7182020193881877 0.84040506779357 0.7617142683117479 11.559146273925359 -1.9540587873894577 -1.233228555342732 -3.07015769759051 
Pedestrian 36 0 -9999.0 -9999.0 -9999.0 -9999.0 1.85 0.8455221526426029 0.7795427445654814 -6.659523823292484 4.5653559519538085 0.2939791914443561 -2.2803207238050813 
Pedestrian 1002 0 -9999.0 -9999.0 -9999.0 -9999.0 1.5480067025273518 0.5644233003512866 0.6213012349133786 15.843012264231483 -1.835120553557089 -1.7363111676962966 -3.043520129541184 
Pedestrian 16 0 -9999.0 -9999.0 -9999.0 -9999.0 1.5480067025273518 0.5644233003512866 0.6213012349133786 15.702379853235469 -2.5116308059650425 -1.6846995218699714 -3.0435201296062395 
Pedestrian 34 0 -9999.0 -9999.0 -9999.0 -9999.0 1.8 0.742563890087286 0.7166973150341831 -7.250378868943059 3.374451367085988 0.30114534771196866 3.028561539185594 
Pedestrian 503 0 -9999.0 -9999.0 -9999.0 -9999.0 1.5098862519504819 0.7016892788347073 0.6244449312827264 23.41059189491666 5.041212419277012 -2.5371184138299054 2.395193348729382 
Pedestrian 15 0 -9999.0 -9999.0 -9999.0 -9999.0 1.4995242359067946 0.6433493585685015 0.616020103352135 18.26231785254848 -1.691860601850118 -1.638759563054538 -3.036301626016895 
Pedestrian 22 0 -9999.0 -9999.0 -9999.0 -9999.0 1.7272234413230434 0.8930338539667776 0.7589542967325148 18.32085642113235 -4.150930480928231 -1.626279444587577 -3.015779078606121 
Pedestrian 777 0 -9999.0 -9999.0 -9999.0 -9999.0 1.5601539586488533 0.7742910735758141 0.7734620811052282 -4.501043203299574 -3.396107354703307 0.1210217831127803 0.5427053898713083 
Pedestrian 45 0 -9999.0 -9999.0 -9999.0 -9999.0 1.840803791853019 0.9047965827395252 0.7795427445654814 -3.90267208402041 -1.9291143275151226 0.16257645349765953 3.1354613119275374 
Car 4 0 -9999.0 -9999.0 -9999.0 -9999.0 2.0589564776245735 4.5 2.044844764170049 -33.35140487621118 6.7314993974491495 2.823270103985372 0.15975626962034895 
Pedestrian 52 0 -9999.0 -9999.0 -9999.0 -9999.0 1.85 0.8063422351422711 0.648255271894977 -1.963155203702147 -10.215267820113203 0.2973748650541391 3.0157783739316972 
Pedestrian 53 0 -9999.0 -9999.0 -9999.0 -9999.0 1.85 0.6635819251292966 0.5936944772056624 -1.3382785755349036 -10.98090251361721 0.2613826045911488 2.928476607281148 
Pedestrian 200 0 -9999.0 -9999.0 -9999.0 -9999.0 1.7521106512660325 0.9162872598483918 0.6944942567378337 -22.28707831469284 4.008347812104979 1.719653535395003 -3.0359246572510177 
Pedestrian 47 0 -9999.0 -9999.0 -9999.0 -9999.0 1.739259612086605 0.9765708634005151 0.6968829901888434 -4.9191666352730135 -3.1653990117894306 0.16632051975953083 0.5038403388570103 
Pedestrian 46 0 -9999.0 -9999.0 -9999.0 -9999.0 1.739259612086605 0.8137808070594968 0.7631092640473314 -4.593248543387727 -2.5682491062340396 0.20139253693331757 0.4906424570790122 
Pedestrian 35 0 -9999.0 -9999.0 -9999.0 -9999.0 1.85 0.8455221526426029 0.8055941736449839 -9.418979445733592 3.72512586064569 0.5402189880595882 -3.0024774318258647 
Pedestrian 39 0 -9999.0 -9999.0 -9999.0 -9999.0 1.6992181517554945 0.7236988029930532 0.6130136573276566 -22.30221927344859 3.3447266786229424 1.7208014347724998 -3.0359161513212705 
Pedestrian 49 0 -9999.0 -9999.0 -9999.0 -9999.0 1.8880449392725787 0.7266739568839767 0.719062337692116 -13.336507951193639 -1.6729700211197178 1.0109799228748153 2.282407217143451 
Pedestrian 51 0 -9999.0 -9999.0 -9999.0 -9999.0 1.7084772160642387 0.6876926218915868 0.6022575416759411 -8.367027029584348 -2.5601541555767766 0.5110035561682107 1.7806207929365527 
Pedestrian 50 0 -9999.0 -9999.0 -9999.0 -9999.0 1.6682901068147347 0.7378107948553352 0.6318862957964667 -9.493748443367439 -2.2829383697123795 0.54236603303057 1.774286363237355 
Pedestrian 37 0 -9999.0 -9999.0 -9999.0 -9999.0 1.7674898152527898 0.7851268766529278 0.7077031440696406 -17.34414541141987 3.5366949416261786 1.2470735872664913 -2.949191467704008 
Pedestrian 38 0 -9999.0 -9999.0 -9999.0 -9999.0 1.768936684463284 0.7798122203956248 0.6543593384916504 -17.213797565604576 4.193235967215002 1.2374224683832122 -2.949185360065899 
Pedestrian 48 0 -9999.0 -9999.0 -9999.0 -9999.0 1.8437648405814306 0.63 0.8639507388388924 -12.783994449770061 -1.696204442699288 0.9863132550270977 0.1830688167609349 
Pedestrian 23 0 -9999.0 -9999.0 -9999.0 -9999.0 1.733985410563253 0.6134757942819711 0.7222749871810963 16.882654800737264 -4.9203040992924905 -1.5978113328116623 -2.0191023197871907 
