Car 2 0 -9999.0 -9999.0 -9999.0 -9999.0 1.7161032172723623 4.3042446659889535 2.497900330371051 29.763013631727144 0.7053010982833949 -1.575995742209822 0.07281321653102601 
Pedestrian 26 0 -9999.0 -9999.0 -9999.0 -9999.0 1.8 0.880638232653005 0.7173897124333324 35.39320880216886 -3.465186677795515 -2.2833702404555276 -2.954805073580406 
Pedestrian 25 0 -9999.0 -9999.0 -9999.0 -9999.0 1.8 0.880638232653005 0.7173897124333324 35.51395834286088 -2.763542506302008 -2.2832951261825385 -2.954805073580406 
Car 3 0 -9999.0 -9999.0 -9999.0 -9999.0 1.4301220212552401 4 1.8633935758759457 55.57234477970836 -0.19775846671053388 -3.317183637876659 -3.0521482483721982 
Pedestrian 42 0 -9999.0 -9999.0 -9999.0 -9999.0 1.9110630666244788 0.6648425352273584 0.7730646177530336 -22.905344107460245 0.8258283375006449 3.1297436118137707 -3.0498272502530916 
Pedestrian 41 0 -9999.0 -9999.0 -9999.0 -9999.0 1.7717383253829708 0.6171990397476583 0.6601212154854279 -22.929064855878682 0.10651114157615706 3.0493237165192086 -3.0684162433068387 
Pedestrain_sitting 21 0 -9999.0 -9999.0 -9999.0 -9999.0 0.9170967942404316 0.6239191457374971 0.6351946031908755 11.765327838141777 5.24300401965557 0.125965113196141 0.1288997546189412 
Pedestrian 702 0 -9999.0 -9999.0 -9999.0 -9999.0 1.7242744269198185 0.63 0.6898739737048278 -30.476554634545337 4.144299789094404 3.643766564763501 -3.00732011091074 
Pedestrian 703 0 -9999.0 -9999.0 -9999.0 -9999.0 1.7717383253829708 0.63 0.6566716672544799 -30.24033947662834 4.788966847049464 3.685592689569078 -3.00732011091074 
Pedestrian 1001 0 -9999.0 -9999.0 -9999.0 -9999.0 1.8190235843771385 0.6309324708718423 0.6213012349133786 32.347365972513956 2.8433462811077006 -1.5113650791840672 1.5959482666483673 
Pedestrian 765 0 -9999.0 -9999.0 -9999.0 -9999.0 1.765427731387784 0.6045377694180526 0.7280996093110779 29.79463923432784 2.3206857567991928 -1.47501099366954 -2.843298470761077 
Pedestrian 888 0 -9999.0 -9999.0 -9999.0 -9999.0 1.5366259275535865 0.5877254913696837 0.6357928477663076 12.46958954378981 7.4836698784556654 0.1981212420230734 -3.0529509819681664 
Pedestrian 223 0 -9999.0 -9999.0 -9999.0 -9999.0 1.7272234413230434 0.6942712320825266 0.6155335882708507 37.64574116537626 -6.972599020026793 -2.4877802490563963 0.6419837605635959 
Pedestrian 3 0 -9999.0 -9999.0 -9999.0 -9999.0 1.6413741868673242 0.9102319618606736 0.749658509723502 19.810524505398856 1.8037751629595766 -0.807571101214106 -2.866054582850417 
Pedestrian 5 0 -9999.0 -9999.0 -9999.0 -9999.0 1.6467102258502564 0.8504990806290904 0.946862823709426 2.1154546115752755 2.625938015165964 0.8734592701834096 0.31934341683617795 
Pedestrian 4 0 -9999.0 -9999.0 -9999.0 -9999.0 1.7335733350919327 0.8234084053360446 0.7316008376188541 1.254611541867006 2.685168868012415 0.9201234573408195 0.06991679469452095 
Pedestrian 1 0 -9999.0 -9999.0 -9999.0 -9999.0 1.830187787627785 0.8467364901875526 1.030957247409183 2.313535433591463 3.5827792483503296 0.7166540433925598 -2.9491689574340256 
Pedestrian 2 0 -9999.0 -9999.0 -9999.0 -9999.0 1.6047004871739794 0.8225193905720728 0.8427564948210492 1.7629729204814861 4.528368019368688 0.5872835309441639 0.4408816335118857 
Pedestrian 6 0 -9999.0 -9999.0 -9999.0 -9999.0 1.8 0.7815797515521649 0.729516349447393 23.59510500705982 -2.2799586396566913 -1.2639190457997735 -3.016788313610249 
Pedestrian 7 0 -9999.0 -9999.0 -9999.0 -9999.0 1.85 0.7446143281153959 0.7378356243838986 23.262758431311287 -2.9444831501005684 -1.2273134650544169 -3.0167473323324607 
Pedestrian 9 0 -9999.0 -9999.0 -9999.0 -9999.0 1.7388951330758573 0.762844615165235 0.6125796005267553 19.066946534515235 2.5125726000555657 -0.6731772545247672 2.047170664358651 
Pedestrian 10 0 -9999.0 -9999.0 -9999.0 -9999.0 1.7238665634959034 0.765649395571576 0.6782236572752955 19.679375757607342 2.4195733199745253 -0.7583596364791454 2.038757346537416 
Car 1 0 -9999.0 -9999.0 -9999.0 -9999.0 1.9636838768401188 5.159477280173534 1.9749927503715075 8.72217329165045 -3.133712432832712 0.2868102722639042 0.07789770972861376 
Pedestrian 11 0 -9999.0 -9999.0 -9999.0 -9999.0 1.833843394516407 0.888361750840276 0.8547891083331658 43.46079446858291 -1.6690544832608942 -2.8752355835030046 -3.070074724435857 
Pedestrian 44 0 -9999.0 -9999.0 -9999.0 -9999.0 1.773026559218124 1 0.9694486388550138 -16.499079171500696 2.8216120885687133 2.391519528645339 -3.0753494429000927 
Pedestrian 43 0 -9999.0 -9999.0 -9999.0 -9999.0 1.6975355979754738 1 1.115836959245979 -16.658919103743486 1.785779205378659 2.370178624097837 -3.078294883357078 
Pedestrian 18 0 -9999.0 -9999.0 -9999.0 -9999.0 1.553791531556044 0.9350978240778415 0.7014189842208715 6.078266265056089 -1.3250310289614164 0.36143453299581085 -0.007074899430943304 
Pedestrian 17 0 -9999.0 -9999.0 -9999.0 -9999.0 1.6786936986616088 0.9385842718372612 0.8570610823441984 6.400893428062406 -0.5655796424442153 0.39456634363960913 0.025342506008501964 
Pedestrian 19 0 -9999.0 -9999.0 -9999.0 -9999.0 1.88766995436284 0.8473523143195599 0.8020167022554571 25.647298987279065 1.0655252464173708 -1.3199408188650767 0.5186466052176932 
Pedestrian 20 0 -9999.0 -9999.0 -9999.0 -9999.0 1.8942850025152396 0.7837367986462382 0.6986151564054772 25.038777190657566 0.4385448916795822 -1.2146117954492428 0.5187597484170308 
Pedestrian 8 0 -9999.0 -9999.0 -9999.0 -9999.0 1.7182020193881877 0.84040506779357 0.7617142683117479 21.436527587237926 -3.7139584654674973 -0.9720354000662096 -3.1245509215452127 
Pedestrian 36 0 -9999.0 -9999.0 -9999.0 -9999.0 1.85 0.8455221526426029 0.7795427445654814 -6.292099477307286 5.1071144443592305 1.297688380948077 -1.1350935233894273 
Pedestrian 1002 0 -9999.0 -9999.0 -9999.0 -9999.0 1.5480067025273518 0.5644233003512866 0.6213012349133786 29.86701251398074 -3.2973382442402706 -1.8863513049746157 -3.043520129541184 
Pedestrian 16 0 -9999.0 -9999.0 -9999.0 -9999.0 1.5480067025273518 0.5644233003512866 0.6213012349133786 29.8006643716257 -4.012775594752815 -1.9138770096009892 -3.0435201268915364 
Pedestrian 34 0 -9999.0 -9999.0 -9999.0 -9999.0 1.8 0.742563890087286 0.7166973150341831 -7.243306052477791 4.943305186576451 1.3242249869349172 -1.233730097660846 
Pedestrian 27 0 -9999.0 -9999.0 -9999.0 -9999.0 1.8 0.8271693526588353 0.8407252643496999 29.737448103849715 -0.26999736660814205 -1.591534966541788 1.588432878886299 
Pedestrian 503 0 -9999.0 -9999.0 -9999.0 -9999.0 1.5098862519504819 0.7016892788347073 0.6244449312827264 23.89909307328005 5.23284504571049 -0.9973004772986943 2.395193348729382 
Pedestrian 28 0 -9999.0 -9999.0 -9999.0 -9999.0 1.9344750647178444 0.9180852004756592 0.7505107045290647 42.07893542152862 -0.13951053684054518 -3.310998124381082 0.005317839930372159 
Pedestrian 22 0 -9999.0 -9999.0 -9999.0 -9999.0 1.7272234413230434 0.8930338539667776 0.7589542967325148 26.186158728267642 -4.274001971710437 -1.4555893469481014 -3.0069740285727544 
Pedestrian 777 0 -9999.0 -9999.0 -9999.0 -9999.0 1.5601539586488533 0.7742910735758141 0.7734620811052282 -11.760295218061183 2.9884751177728703 1.9680084639696633 0.11649274481294292 
Pedestrian 502 0 -9999.0 -9999.0 -9999.0 -9999.0 1.5580631857725595 0.6324640994580073 0.6231826615974934 23.34609792387662 5.648769671299375 -0.9109173458170505 2.384830979894442 
Pedestrian 45 0 -9999.0 -9999.0 -9999.0 -9999.0 1.840803791853019 0.9047965827395252 0.7795427445654814 8.08513538619247 -1.7818104801833576 0.24633124307346072 -3.1055104791150256 
Pedestrain_sitting 20 0 -9999.0 -9999.0 -9999.0 -9999.0 0.9288023059382893 0.630173997091732 0.7116151379014846 10.910909779255906 5.289798440051222 0.2022023618619917 -3.0334926593061855 
Car 4 0 -9999.0 -9999.0 -9999.0 -9999.0 2.0589564776245735 4.5 2.044844764170049 -33.16217877822677 6.72929530251615 4.050386568191915 0.15975626962034895 
Pedestrian 200 0 -9999.0 -9999.0 -9999.0 -9999.0 1.7521106512660325 0.9162872598483918 0.6944942567378337 -8.418576155011708 3.327995640437826 1.8982277358488036 -3.0060230222622053 
Pedestrian 111 0 -9999.0 -9999.0 -9999.0 -9999.0 1.83889513307586 0.7017705575400481 0.6922125420881973 17.13367259761746 4.9360128198608315 -0.316815976614808 0.27355190881247715 
Pedestrian 47 0 -9999.0 -9999.0 -9999.0 -9999.0 1.739259612086605 0.9765708634005151 0.6968829901888434 -11.079606369770978 2.237589587212042 1.9489386564387097 0.2707157513488134 
Pedestrian 24 0 -9999.0 -9999.0 -9999.0 -9999.0 1.5665724604937843 0.8256175940025915 0.7327379765104859 19.969335423119528 -5.06325329331237 -0.9952107538909077 3.131483008430541 
Pedestrian 46 0 -9999.0 -9999.0 -9999.0 -9999.0 1.739259612086605 0.8137808070594968 0.7631092640473314 -10.907248014832607 2.8506139980789613 1.9512844788361239 0.2706960291282652 
Pedestrian 35 0 -9999.0 -9999.0 -9999.0 -9999.0 1.85 0.8455221526426029 0.8055941736449839 4.2351854400573385 4.435090872690508 0.5095378436369719 -3.0817766273219576 
Pedestrian 31 0 -9999.0 -9999.0 -9999.0 -9999.0 1.6183186744299025 0.6340866970656824 0.5322695037304019 60.854885557631505 -1.99782773426065 -4.996365955688979 -3.0553355148965053 
Pedestrian 32 0 -9999.0 -9999.0 -9999.0 -9999.0 1.6264157795512513 0.6356555012147109 0.5322695037304019 60.41847075151508 -1.2940754362474645 -5.057311098516276 -3.056922019186569 
Pedestrian 39 0 -9999.0 -9999.0 -9999.0 -9999.0 1.6992181517554945 0.7236988029930532 0.6130136573276566 -8.496339447040608 2.6736197993444315 1.777962506986984 -3.006694282253516 
Pedestrian 49 0 -9999.0 -9999.0 -9999.0 -9999.0 1.8880449392725787 0.7266739568839767 0.719062337692116 -13.134318570862249 -2.0504532982708907 1.8595068275643245 1.133595926695671 
Pedestrian 51 0 -9999.0 -9999.0 -9999.0 -9999.0 1.7084772160642387 0.6876926218915868 0.6022575416759411 -8.381849297455473 -2.411539937649491 1.8435759994207568 1.7806207929365527 
Pedestrian 50 0 -9999.0 -9999.0 -9999.0 -9999.0 1.6682901068147347 0.7378107948553352 0.6318862957964667 -9.179183242035489 -2.37190280441475 1.8202535519052434 1.774286363237355 
Pedestrian 37 0 -9999.0 -9999.0 -9999.0 -9999.0 1.7674898152527898 0.7851268766529278 0.7077031440696406 -3.7888218169262458 2.1889219825306454 1.3313177082785896 -2.9494865926695333 
Pedestrian 38 0 -9999.0 -9999.0 -9999.0 -9999.0 1.768936684463284 0.7798122203956248 0.6543593384916504 -3.652065385408668 2.8734618639572744 1.2592028794529107 -2.9507144590947263 
Pedestrian 48 0 -9999.0 -9999.0 -9999.0 -9999.0 1.8437648405814306 0.63 0.8639507388388924 -12.589167003003586 -1.6315958661966246 1.8470687566125628 0.18314186854440173 
Pedestrain_sitting 557 0 -9999.0 -9999.0 -9999.0 -9999.0 1.3003415906177906 0.5495013160563614 0.4849281347249202 22.67580495153074 -8.828839659826867 -1.081407635997668 -0.004784681297966387 
Pedestrain_sitting 556 0 -9999.0 -9999.0 -9999.0 -9999.0 1.3003415906177906 0.5495013160563614 0.4849281347249202 21.239399733921804 -8.681389735151777 -1.092422700356221 3.1368080825650217 
Pedestrain_sitting 555 0 -9999.0 -9999.0 -9999.0 -9999.0 1.3003415906177906 0.5495013160563614 0.4849281347249202 21.2200493763609 -7.957748809219919 -1.0945806440816328 3.1368080825650217 
Pedestrian 23 0 -9999.0 -9999.0 -9999.0 -9999.0 1.733985410563253 0.6134757942819711 0.7222749871810963 17.218052259291163 -4.856075285115679 -0.654761851327368 -2.0191023197871907 
