Car 2 0 -9999.0 -9999.0 -9999.0 -9999.0 1.7161032172723623 4.3042446659889535 2.497900330371051 29.666573563508305 1.2731986078482904 -2.2634927211527156 0.07281321653102601 
Pedestrian 26 0 -9999.0 -9999.0 -9999.0 -9999.0 1.8 0.880638232653005 0.7173897124333324 31.55979898003582 -3.805735581768559 -2.0764315524442325 -2.954805073580406 
Pedestrian 25 0 -9999.0 -9999.0 -9999.0 -9999.0 1.8 0.880638232653005 0.7173897124333324 31.597077635363405 -3.074465633433044 -2.06640640603574 -2.954805073580406 
Car 3 0 -9999.0 -9999.0 -9999.0 -9999.0 1.4301220212552401 4 1.8633935758759457 55.51113907139719 -0.19226931242472964 -3.4020262602145817 -3.0521482483721982 
Pedestrian 42 0 -9999.0 -9999.0 -9999.0 -9999.0 1.9110630666244788 0.6648425352273584 0.7730646177530336 -26.621799929848457 0.6885720656868273 3.1986339610890964 2.7770069105778976 
Pedestrian 41 0 -9999.0 -9999.0 -9999.0 -9999.0 1.7717383253829708 0.6171990397476583 0.6601212154854279 -26.498118818244812 0.03480845088971326 3.1183202730655326 2.749808219907923 
Pedestrain_sitting 21 0 -9999.0 -9999.0 -9999.0 -9999.0 0.9170967942404316 0.6239191457374971 0.6351946031908755 11.740387410114757 5.242793518168844 -0.31169795128027034 0.12934471989658824 
Pedestrian 702 0 -9999.0 -9999.0 -9999.0 -9999.0 1.7242744269198185 0.63 0.6898739737048278 -35.10752123497757 4.770184374589739 3.804900489337302 -3.00732011091074 
Pedestrian 703 0 -9999.0 -9999.0 -9999.0 -9999.0 1.7717383253829708 0.63 0.6566716672544799 -34.95186820472107 5.500717930569986 3.8357811024120734 -3.00732011091074 
Pedestrian 1001 0 -9999.0 -9999.0 -9999.0 -9999.0 1.8190235843771385 0.6309324708718423 0.6213012349133786 32.16957678023721 3.0107202696315163 -1.970359192548606 1.5959482667745926 
Pedestrian 765 0 -9999.0 -9999.0 -9999.0 -9999.0 1.765427731387784 0.6045377694180526 0.7280996093110779 29.290790051019776 2.3934700741232464 -1.8146203247643289 -1.5957814300533002 
Pedestrian 888 0 -9999.0 -9999.0 -9999.0 -9999.0 1.5366259275535865 0.5877254913696837 0.6357928477663076 13.639850922354833 7.930657486543159 -0.30870363572682724 -3.102595783859048 
Pedestrian 223 0 -9999.0 -9999.0 -9999.0 -9999.0 1.7272234413230434 0.6942712320825266 0.6155335882708507 37.46953695118293 -6.896591441109834 -2.6718896765228073 0.641983759705214 
Pedestrian 3 0 -9999.0 -9999.0 -9999.0 -9999.0 1.6413741868673242 0.9102319618606736 0.749658509723502 15.64463165280561 1.9086905481267709 -0.6937189392401502 -2.86591423304586 
Pedestrian 5 0 -9999.0 -9999.0 -9999.0 -9999.0 1.6467102258502564 0.8504990806290904 0.946862823709426 3.8046606315625078 2.505585368624342 0.30959740240507033 0.4138005765641086 
Pedestrian 4 0 -9999.0 -9999.0 -9999.0 -9999.0 1.7335733350919327 0.8234084053360446 0.7316008376188541 2.1558951260039865 2.7173132437430625 0.573195822099144 0.054504738269423925 
Pedestrian 1 0 -9999.0 -9999.0 -9999.0 -9999.0 1.830187787627785 0.8467364901875526 1.030957247409183 2.236879836828469 3.708304753754824 0.5463898999040544 -3.0492856669047974 
Pedestrian 2 0 -9999.0 -9999.0 -9999.0 -9999.0 1.6047004871739794 0.8225193905720728 0.8427564948210492 2.9314392474108484 3.81624506065622 0.35367424019694704 0.44386948827841444 
Pedestrian 6 0 -9999.0 -9999.0 -9999.0 -9999.0 1.8 0.7815797515521649 0.729516349447393 19.65568904338336 -1.6454256524758548 -0.8986231515285571 -3.0168103716177477 
Pedestrian 7 0 -9999.0 -9999.0 -9999.0 -9999.0 1.85 0.7446143281153959 0.7378356243838986 19.199623986069227 -2.309536263812482 -0.8924101195575745 -3.0167473323324607 
Pedestrian 9 0 -9999.0 -9999.0 -9999.0 -9999.0 1.7388951330758573 0.762844615165235 0.6125796005267553 18.44711709421754 2.4237350667602167 -0.9460294779039453 2.1596757956212382 
Pedestrian 10 0 -9999.0 -9999.0 -9999.0 -9999.0 1.7238665634959034 0.765649395571576 0.6782236572752955 18.990444151998982 2.1132299386009694 -1.010351206667837 2.162089724404783 
Car 1 0 -9999.0 -9999.0 -9999.0 -9999.0 1.9636838768401188 5.159477280173534 1.9749927503715075 8.523117699252934 -3.1176181344847707 0.1407344229718645 0.07789770956123121 
Pedestrian 11 0 -9999.0 -9999.0 -9999.0 -9999.0 1.833843394516407 0.888361750840276 0.8547891083331658 37.81967467882261 -1.6464092110634718 -2.7988668030650232 -3.0700747701481035 
Pedestrian 44 0 -9999.0 -9999.0 -9999.0 -9999.0 1.773026559218124 1 0.9694486388550138 -21.79058773585426 3.0433281652166304 2.8722873694834963 -3.046677301696505 
Pedestrian 43 0 -9999.0 -9999.0 -9999.0 -9999.0 1.6975355979754738 1 1.115836959245979 -21.90826472304349 2.0113398028849496 2.7691883199312044 -3.0468811696881968 
Pedestrian 18 0 -9999.0 -9999.0 -9999.0 -9999.0 1.553791531556044 0.9350978240778415 0.7014189842208715 9.125098809635022 -1.877848091243249 -0.09802467851570323 0.1286984891921179 
Pedestrian 17 0 -9999.0 -9999.0 -9999.0 -9999.0 1.6786936986616088 0.9385842718372612 0.8570610823441984 9.502891890146484 -1.2223157793978188 -0.05402940476773621 0.09940519380079671 
Pedestrian 19 0 -9999.0 -9999.0 -9999.0 -9999.0 1.88766995436284 0.8473523143195599 0.8020167022554571 28.288839966975203 -0.12942406788078728 -1.7519594952822615 -0.07301375947601052 
Pedestrian 20 0 -9999.0 -9999.0 -9999.0 -9999.0 1.8942850025152396 0.7837367986462382 0.6986151564054772 27.618427589966206 -0.5476136840723451 -1.7454873748185455 0.049853604343644164 
Pedestrian 8 0 -9999.0 -9999.0 -9999.0 -9999.0 1.7182020193881877 0.84040506779357 0.7617142683117479 18.542437987107906 -3.3422057270069785 -0.8228140565309525 -3.0001504445220952 
Pedestrian 36 0 -9999.0 -9999.0 -9999.0 -9999.0 1.85 0.8455221526426029 0.7795427445654814 -6.459377498632094 5.078281744665159 1.2577924576822608 -1.1350872717856095 
Pedestrian 1002 0 -9999.0 -9999.0 -9999.0 -9999.0 1.5480067025273518 0.5644233003512866 0.6213012349133786 25.298160065569387 -2.9502136243406087 -1.562080549866362 -3.043520129541184 
Pedestrian 16 0 -9999.0 -9999.0 -9999.0 -9999.0 1.5480067025273518 0.5644233003512866 0.6213012349133786 25.156624983303892 -3.5651128563308023 -1.605745090679069 -3.043520129679985 
Pedestrian 34 0 -9999.0 -9999.0 -9999.0 -9999.0 1.8 0.742563890087286 0.7166973150341831 -7.368064285143272 5.063360592507403 1.5151259376439326 -1.2341213218312745 
Pedestrian 27 0 -9999.0 -9999.0 -9999.0 -9999.0 1.8 0.8271693526588353 0.8407252643496999 29.613041831498563 -0.10979840276866756 -2.0058944949195583 1.58840566522231 
Pedestrian 503 0 -9999.0 -9999.0 -9999.0 -9999.0 1.5098862519504819 0.7016892788347073 0.6244449312827264 23.909725164336198 5.245219997175984 -1.4816671652197877 2.395193348729382 
Pedestrian 14 0 -9999.0 -9999.0 -9999.0 -9999.0 1.5350666013118595 0.6767124353147551 0.6338965826401189 25.14832520769537 2.289077789086816 -1.5988109960195147 1.8685043832006052 
Pedestrian 15 0 -9999.0 -9999.0 -9999.0 -9999.0 1.4995242359067946 0.6433493585685015 0.616020103352135 25.675676839665364 2.0592588117510404 -1.5806438701430687 1.8635235542801514 
Pedestrian 22 0 -9999.0 -9999.0 -9999.0 -9999.0 1.7272234413230434 0.8930338539667776 0.7589542967325148 23.71565748429006 -4.217379003293425 -1.3939274588593036 -3.015171032774287 
Pedestrian 777 0 -9999.0 -9999.0 -9999.0 -9999.0 1.5601539586488533 0.7742910735758141 0.7734620811052282 -12.372068642724996 1.0236899843160538 1.7746541342313429 1.6222799172833806 
Pedestrian 502 0 -9999.0 -9999.0 -9999.0 -9999.0 1.5580631857725595 0.6324640994580073 0.6231826615974934 23.274909209789165 5.560833893681254 -1.3971139629773988 2.384831139042838 
Pedestrian 45 0 -9999.0 -9999.0 -9999.0 -9999.0 1.840803791853019 0.9047965827395252 0.7795427445654814 5.141300220117744 -1.979029728510702 0.3768377666849517 3.1354613119275374 
Pedestrain_sitting 20 0 -9999.0 -9999.0 -9999.0 -9999.0 0.9288023059382893 0.630173997091732 0.7116151379014846 10.891778986566427 5.295009184171431 -0.2046184463226206 -3.0334737894681005 
Car 4 0 -9999.0 -9999.0 -9999.0 -9999.0 2.0589564776245735 4.5 2.044844764170049 -33.250672728964744 6.784980376206307 3.8995679394308347 0.15975626962034895 
Pedestrian 200 0 -9999.0 -9999.0 -9999.0 -9999.0 1.7521106512660325 0.9162872598483918 0.6944942567378337 -12.82920437463813 3.374673046800756 1.9888768597667454 -3.0304426123557313 
Pedestrian 47 0 -9999.0 -9999.0 -9999.0 -9999.0 1.739259612086605 0.9765708634005151 0.6968829901888434 -11.496010449213394 0.8327770463064863 1.7538636013311166 1.780228936657787 
Pedestrian 24 0 -9999.0 -9999.0 -9999.0 -9999.0 1.5665724604937843 0.8256175940025915 0.7327379765104859 17.68355588388735 -4.799292616289997 -0.9502474662128969 -1.6966568245980262 
Pedestrian 46 0 -9999.0 -9999.0 -9999.0 -9999.0 1.739259612086605 0.8137808070594968 0.7631092640473314 -10.697850453199369 1.2291387418423143 1.7113852138205174 1.7882456833718354 
Pedestrian 35 0 -9999.0 -9999.0 -9999.0 -9999.0 1.85 0.8455221526426029 0.8055941736449839 -0.07981430077652041 5.291495190836047 0.7458209824198834 -3.0815977935734438 
Pedestrian 39 0 -9999.0 -9999.0 -9999.0 -9999.0 1.6992181517554945 0.7236988029930532 0.6130136573276566 -12.82460554003855 2.7349976110051486 1.9881794175062883 -3.029940417346797 
Pedestrian 49 0 -9999.0 -9999.0 -9999.0 -9999.0 1.8880449392725787 0.7266739568839767 0.719062337692116 -13.212256216604908 -2.280079356126293 1.8299720232595627 1.1336047375568565 
Pedestrian 51 0 -9999.0 -9999.0 -9999.0 -9999.0 1.7084772160642387 0.6876926218915868 0.6022575416759411 -8.562937116839867 -2.508134174334713 1.549615540388809 1.7806207929365527 
Pedestrian 50 0 -9999.0 -9999.0 -9999.0 -9999.0 1.6682901068147347 0.7378107948553352 0.6318862957964667 -9.33214318727656 -2.3452174099010916 1.5495209206216092 1.774286363237355 
Pedestrian 37 0 -9999.0 -9999.0 -9999.0 -9999.0 1.7674898152527898 0.7851268766529278 0.7077031440696406 -8.008226778648348 2.572156109317055 1.5098349490305225 -2.9499501588172663 
Pedestrian 38 0 -9999.0 -9999.0 -9999.0 -9999.0 1.768936684463284 0.7798122203956248 0.6543593384916504 -7.8552731701276155 3.211701610557879 1.4289715289226288 -2.9494904499070493 
Pedestrian 48 0 -9999.0 -9999.0 -9999.0 -9999.0 1.8437648405814306 0.63 0.8639507388388924 -12.685521216913857 -1.7689093517513217 1.8122079353233422 0.18307201259771944 
Pedestrain_sitting 556 0 -9999.0 -9999.0 -9999.0 -9999.0 1.3003415906177906 0.5495013160563614 0.4849281347249202 21.221965330935724 -8.620233022469682 -1.1332557554438007 3.1368080825650217 
Pedestrain_sitting 555 0 -9999.0 -9999.0 -9999.0 -9999.0 1.3003415906177906 0.5495013160563614 0.4849281347249202 21.202246253890554 -7.902299615111484 -1.1319944049179014 3.1368080825650217 
Pedestrian 23 0 -9999.0 -9999.0 -9999.0 -9999.0 1.733985410563253 0.6134757942819711 0.7222749871810963 17.072841665475874 -4.84718407664511 -0.7924737366381305 -2.0191023197871907 
