Car 2 0 -9999.0 -9999.0 -9999.0 -9999.0 1.7161032172723623 4.3042446659889535 2.497900330371051 29.690807117726937 1.135557307282091 -0.8549519754867225 0.07281321653102601 
Pedestrian 26 0 -9999.0 -9999.0 -9999.0 -9999.0 1.8 0.880638232653005 0.7173897124333324 42.447336916701396 -3.685741821320694 -2.078976099277805 -2.954805073580406 
Pedestrian 25 0 -9999.0 -9999.0 -9999.0 -9999.0 1.8 0.880638232653005 0.7173897124333324 42.54219232589083 -2.952670127833182 -2.066347831373032 -2.954805073580406 
Car 3 0 -9999.0 -9999.0 -9999.0 -9999.0 1.4301220212552401 4 1.8633935758759457 55.67223604645653 -0.20671708495243807 -3.1787155561663005 -3.0521482483721982 
Pedestrain_sitting 21 0 -9999.0 -9999.0 -9999.0 -9999.0 0.9170967942404316 0.6239191457374971 0.6351946031908755 11.808663935565166 5.243369783744567 0.8864416046268451 0.12812658991618342 
Pedestrian 601 0 -9999.0 -9999.0 -9999.0 -9999.0 1.7334194695403702 0.5901000815388179 0.5961420748625704 18.672747429040896 14.172698970857393 0.3744299888625282 1.6689179869326 
Pedestrian 600 0 -9999.0 -9999.0 -9999.0 -9999.0 1.8985119489706095 0.7891492470282006 0.774319038074053 17.44089577086049 12.115358365565305 0.6735796313141638 -1.5691072165524247 
Pedestrian 1006 0 -9999.0 -9999.0 -9999.0 -9999.0 1.8319269034634074 0.7746621567225385 0.7296367421575172 26.97129482277983 -4.736405139117984 -0.7433730519755433 -0.2270393795925294 
Pedestrian 1005 0 -9999.0 -9999.0 -9999.0 -9999.0 1.7182020193881877 0.7271215203340413 0.7172417616036824 26.9494899078022 -4.274582732348174 -0.7954205336765658 -0.2156610854239034 
Pedestrian 500 0 -9999.0 -9999.0 -9999.0 -9999.0 1.6591565719904136 0.5920739440172947 0.5901695475559555 22.533429905944008 6.425123520275218 0.16514979926229928 0.547577681281842 
Pedestrian 999 0 -9999.0 -9999.0 -9999.0 -9999.0 1.7478363069824068 0.6324640994580073 0.6450381271264 20.614929156595277 6.0685021302226465 0.22321961126321657 2.22487971016751 
Pedestrian 1001 0 -9999.0 -9999.0 -9999.0 -9999.0 1.8190235843771385 0.6309324708718423 0.6213012349133786 32.449929970188805 2.8223468506177265 -0.9790498884755224 1.5959482666455918 
Pedestrian 888 0 -9999.0 -9999.0 -9999.0 -9999.0 1.5366259275535865 0.5877254913696837 0.6357928477663076 11.042172987104662 6.564033314013869 1.1928836427517189 -0.47035461602379236 
Pedestrian 223 0 -9999.0 -9999.0 -9999.0 -9999.0 1.7272234413230434 0.6942712320825266 0.6155335882708507 37.31266885666108 -7.0085967626301535 -1.77299497716688 0.6419837606290351 
Pedestrian 3 0 -9999.0 -9999.0 -9999.0 -9999.0 1.6413741868673242 0.9102319618606736 0.749658509723502 26.64447870202094 0.13118428987439273 -0.6238199156877081 -2.6743632926101295 
Pedestrian 5 0 -9999.0 -9999.0 -9999.0 -9999.0 1.6467102258502564 0.8504990806290904 0.946862823709426 -3.59744909910834 3.040300953475633 2.1817957313622562 0.05556883992254669 
Pedestrian 4 0 -9999.0 -9999.0 -9999.0 -9999.0 1.7335733350919327 0.8234084053360446 0.7316008376188541 -3.629498198513881 3.832131794318021 2.240836108507831 0.07152477768002363 
Pedestrian 1 0 -9999.0 -9999.0 -9999.0 -9999.0 1.830187787627785 0.8467364901875526 1.030957247409183 0.8999671796041934 4.165121709071834 1.6314894434765939 0.28883171846279776 
Pedestrian 2 0 -9999.0 -9999.0 -9999.0 -9999.0 1.6047004871739794 0.8225193905720728 0.8427564948210492 -0.6296328744201639 5.333534982574504 1.6881673270039201 1.984059052273544 
Pedestrian 6 0 -9999.0 -9999.0 -9999.0 -9999.0 1.8 0.7815797515521649 0.729516349447393 30.38423296469036 -2.967794589608737 -1.1485738455754242 -3.0167883475604143 
Pedestrian 7 0 -9999.0 -9999.0 -9999.0 -9999.0 1.85 0.7446143281153959 0.7378356243838986 30.24572367289675 -3.9626239436481154 -1.1423593069140583 -3.0167473323324607 
Pedestrian 10 0 -9999.0 -9999.0 -9999.0 -9999.0 1.7238665634959034 0.765649395571576 0.6782236572752955 20.210689116383122 2.698871407826054 -0.04940182161929563 3.096762444817573 
Car 1 0 -9999.0 -9999.0 -9999.0 -9999.0 1.9636838768401188 5.159477280173534 1.9749927503715075 8.639676187463023 -3.105497329984409 1.1376616627450338 0.07789770970657539 
Pedestrian 11 0 -9999.0 -9999.0 -9999.0 -9999.0 1.833843394516407 0.888361750840276 0.8547891083331658 53.34156197205268 -2.3719980758266535 -3.0274287879096486 -3.0700746545591393 
Pedestrian 44 0 -9999.0 -9999.0 -9999.0 -9999.0 1.773026559218124 1 0.9694486388550138 -7.959825551280886 1.9438354733932746 2.4667620777915396 -3.0497532720839615 
Pedestrian 18 0 -9999.0 -9999.0 -9999.0 -9999.0 1.553791531556044 0.9350978240778415 0.7014189842208715 2.5831968485781367 -1.0572454815426833 1.4562659553238937 0.021201506222359612 
Pedestrian 17 0 -9999.0 -9999.0 -9999.0 -9999.0 1.6786936986616088 0.9385842718372612 0.8570610823441984 2.0604789507904315 -0.3417560655659673 1.5336894397187941 0.025262106172239562 
Pedestrian 19 0 -9999.0 -9999.0 -9999.0 -9999.0 1.88766995436284 0.8473523143195599 0.8020167022554571 20.95637370808495 1.6069678042576865 -0.012508277910964233 0.040002796935116436 
Pedestrian 20 0 -9999.0 -9999.0 -9999.0 -9999.0 1.8942850025152396 0.7837367986462382 0.6986151564054772 20.647747152071236 1.0784792161171832 0.033622973065738984 0.04969786066085291 
Pedestrian 8 0 -9999.0 -9999.0 -9999.0 -9999.0 1.7182020193881877 0.84040506779357 0.7617142683117479 27.494833511757985 -3.3036542597588707 -0.7420852124879019 3.055414400148626 
Pedestrian 36 0 -9999.0 -9999.0 -9999.0 -9999.0 1.85 0.8455221526426029 0.7795427445654814 -6.159727642177691 5.256244760497952 2.068173247472616 -1.1350935540523004 
Pedestrian 1002 0 -9999.0 -9999.0 -9999.0 -9999.0 1.5480067025273518 0.5644233003512866 0.6213012349133786 37.34156479374839 -2.7339991897284768 -1.7641546012667793 -3.043520129541184 
Pedestrian 16 0 -9999.0 -9999.0 -9999.0 -9999.0 1.5480067025273518 0.5644233003512866 0.6213012349133786 37.32209464962367 -3.742362539114424 -1.6452924439899692 -3.0435201547859894 
Pedestrian 34 0 -9999.0 -9999.0 -9999.0 -9999.0 1.8 0.742563890087286 0.7166973150341831 -7.025392044486676 5.254472188814833 2.0561598976117557 -1.2337197485053437 
Pedestrian 503 0 -9999.0 -9999.0 -9999.0 -9999.0 1.5098862519504819 0.7016892788347073 0.6244449312827264 23.714311161080538 5.3013297379409465 -0.0704333521321386 2.395193348729382 
Pedestrian 28 0 -9999.0 -9999.0 -9999.0 -9999.0 1.9344750647178444 0.9180852004756592 0.7505107045290647 34.95582673654311 -0.7874557697751262 -1.2803617673147882 0.005317858512576379 
Pedestrian 29 0 -9999.0 -9999.0 -9999.0 -9999.0 1.914706511234499 0.9112747753301017 0.7505107045290647 34.962305998537104 -0.1392149851398985 -1.2643729889007669 0.005317858512576379 
Pedestrian 22 0 -9999.0 -9999.0 -9999.0 -9999.0 1.7272234413230434 0.8930338539667776 0.7589542967325148 29.43766450123583 -5.651572795882664 -1.0981168093422562 -2.184900870872287 
Pedestrian 502 0 -9999.0 -9999.0 -9999.0 -9999.0 1.5580631857725595 0.6324640994580073 0.6231826615974934 23.21446286423043 5.772109507980635 -0.04554121102424184 2.307489855684967 
Pedestrian 45 0 -9999.0 -9999.0 -9999.0 -9999.0 1.840803791853019 0.9047965827395252 0.7795427445654814 14.307098426054237 -3.54060844530821 0.4876099791508154 -2.9679753281159567 
Pedestrain_sitting 20 0 -9999.0 -9999.0 -9999.0 -9999.0 0.9288023059382893 0.630173997091732 0.7116151379014846 10.922302308044507 5.323693439471259 0.9215984354906221 -3.033525447241532 
Pedestrian 30 0 -9999.0 -9999.0 -9999.0 -9999.0 1.6574581668813668 0.5844020196858356 0.6601390122619767 51.44643265335729 -2.750517063514111 -2.832228301909098 0.18860354024554837 
Pedestrian 200 0 -9999.0 -9999.0 -9999.0 -9999.0 1.7521106512660325 0.9162872598483918 0.6944942567378337 -1.0893474203855043 2.328789252481295 1.8803697674905726 -3.011185968020296 
Pedestrian 24 0 -9999.0 -9999.0 -9999.0 -9999.0 1.5665724604937843 0.8256175940025915 0.7327379765104859 20.98134081073075 -5.202647665664979 -0.2446720955418103 0.40313063016643635 
Pedestrian 35 0 -9999.0 -9999.0 -9999.0 -9999.0 1.85 0.8455221526426029 0.8055941736449839 9.79413712284492 3.86118712017068 0.8512437445852064 -3.081765882371222 
Pedestrian 31 0 -9999.0 -9999.0 -9999.0 -9999.0 1.6183186744299025 0.6340866970656824 0.5322695037304019 53.89523288441615 -1.8745116838532718 -3.247213188824967 -3.0553355148965053 
Pedestrian 32 0 -9999.0 -9999.0 -9999.0 -9999.0 1.6264157795512513 0.6356555012147109 0.5322695037304019 53.927630389050016 -1.3515126195495109 -3.2203828287187752 -3.056922019186569 
Pedestrian 33 0 -9999.0 -9999.0 -9999.0 -9999.0 1.85 1.011633098401595 1.1292297078013385 42.15875443890383 -6.06192954661379 -1.998216093538482 0.8435691380506452 
Pedestrian 39 0 -9999.0 -9999.0 -9999.0 -9999.0 1.6992181517554945 0.7236988029930532 0.6130136573276566 -1.0104085866701542 1.6678701279209955 1.8587651273234485 -3.0100178412699634 
Pedestrian 50 0 -9999.0 -9999.0 -9999.0 -9999.0 1.6682901068147347 0.7378107948553352 0.6318862957964667 -9.28402385348733 -2.0454293258638114 2.4078682257657693 1.774286363237355 
Pedestrian 37 0 -9999.0 -9999.0 -9999.0 -9999.0 1.7674898152527898 0.7851268766529278 0.7077031440696406 -0.6989804618884152 -0.7664233203904747 1.693707999737793 -1.537134875365389 
Pedestrian 38 0 -9999.0 -9999.0 -9999.0 -9999.0 1.768936684463284 0.7798122203956248 0.6543593384916504 0.09695488034769123 -0.9654475150689863 1.6807072960399458 -1.5371348596433823 
Pedestrian 48 0 -9999.0 -9999.0 -9999.0 -9999.0 1.8437648405814306 0.63 0.8639507388388924 -12.666614985395228 -1.8061705738024587 2.4809004341412546 0.18306935915737554 
Pedestrain_sitting 557 0 -9999.0 -9999.0 -9999.0 -9999.0 1.3003415906177906 0.5495013160563614 0.4849281347249202 22.445196821990763 -8.815806250961508 -0.11410076452622808 -0.0047845742572274474 
Pedestrain_sitting 556 0 -9999.0 -9999.0 -9999.0 -9999.0 1.3003415906177906 0.5495013160563614 0.4849281347249202 21.071970336294022 -8.663253734180817 -0.11960241936980942 3.1368080825650217 
Pedestrain_sitting 555 0 -9999.0 -9999.0 -9999.0 -9999.0 1.3003415906177906 0.5495013160563614 0.4849281347249202 21.05250752504793 -7.970222576438725 -0.11778612869870086 3.1368080825650217 
Pedestrian 23 0 -9999.0 -9999.0 -9999.0 -9999.0 1.733985410563253 0.6134757942819711 0.7222749871810963 17.200800341466163 -4.85468777358076 0.15863859837448063 -2.0191023197871907 
