Car 2 0 -9999.0 -9999.0 -9999.0 -9999.0 1.7161032172723623 4.3042446659889535 2.497900330371051 29.636684382709436 1.3332806809854714 -2.238175885932412 0.07281321653102601 
Pedestrian 26 0 -9999.0 -9999.0 -9999.0 -9999.0 1.8 0.880638232653005 0.7173897124333324 30.727991273722125 -3.838564114868934 -2.077029486904108 -2.954805073580406 
Pedestrian 25 0 -9999.0 -9999.0 -9999.0 -9999.0 1.8 0.880638232653005 0.7173897124333324 30.764655065784474 -3.0954937084649203 -2.0683227949435503 -2.954805073580406 
Car 3 0 -9999.0 -9999.0 -9999.0 -9999.0 1.4301220212552401 4 1.8633935758759457 55.49823718684135 -0.19111222370116498 -3.419910698594962 -3.0521482483721982 
Pedestrian 42 0 -9999.0 -9999.0 -9999.0 -9999.0 1.9110630666244788 0.6648425352273584 0.7730646177530336 -27.368310857962726 0.16507241613827323 3.0457248252508786 1.7990038163254471 
Pedestrian 41 0 -9999.0 -9999.0 -9999.0 -9999.0 1.7717383253829708 0.6171990397476583 0.6601212154854279 -26.722494479336504 0.1765380041556054 2.9780213089808916 1.8044287272509276 
Pedestrain_sitting 21 0 -9999.0 -9999.0 -9999.0 -9999.0 0.9170967942404316 0.6239191457374971 0.6351946031908755 11.735130081475702 5.242749145414153 -0.4039553319729706 0.12943851655056093 
Pedestrian 702 0 -9999.0 -9999.0 -9999.0 -9999.0 1.7242744269198185 0.63 0.6898739737048278 -36.18554437176441 4.937399224707198 3.7604421044250147 -3.00732011091074 
Pedestrian 703 0 -9999.0 -9999.0 -9999.0 -9999.0 1.7717383253829708 0.63 0.6566716672544799 -36.00213227539651 5.736200006691951 3.8040287633108743 -3.00732011091074 
Pedestrian 1001 0 -9999.0 -9999.0 -9999.0 -9999.0 1.8190235843771385 0.6309324708718423 0.6213012349133786 32.08702904166994 3.021414338126964 -2.0467178796775665 1.595948266827782 
Pedestrian 765 0 -9999.0 -9999.0 -9999.0 -9999.0 1.765427731387784 0.6045377694180526 0.7280996093110779 29.362285020088816 2.4414398433446625 -1.8543951211227947 -1.6688956989958914 
Pedestrian 888 0 -9999.0 -9999.0 -9999.0 -9999.0 1.5366259275535865 0.5877254913696837 0.6357928477663076 13.421127753231639 7.939768893769634 -0.3999709626314284 -3.107279378351766 
Pedestrian 223 0 -9999.0 -9999.0 -9999.0 -9999.0 1.7272234413230434 0.6942712320825266 0.6155335882708507 37.44703082555125 -6.88507516528998 -2.6488807994341226 0.641983754564885 
Pedestrian 3 0 -9999.0 -9999.0 -9999.0 -9999.0 1.6413741868673242 0.9102319618606736 0.749658509723502 14.770946756490636 2.011878037716606 -0.6785093982259661 -2.86591423304586 
Pedestrian 5 0 -9999.0 -9999.0 -9999.0 -9999.0 1.6467102258502564 0.8504990806290904 0.7324788173464449 4.0784665583230595 2.5049807684578074 0.2612359426302318 -0.3049862609011811 
Pedestrian 4 0 -9999.0 -9999.0 -9999.0 -9999.0 1.7335733350919327 0.8234084053360446 0.7316008376188541 2.1453827651480255 2.808826523006683 0.4749034927623863 0.06902928351020599 
Pedestrian 1 0 -9999.0 -9999.0 -9999.0 -9999.0 1.830187787627785 0.8467364901875526 1.030957247409183 2.2063186791770835 3.5782761814749717 0.47519364311046003 -3.06015133463098 
Pedestrian 2 0 -9999.0 -9999.0 -9999.0 -9999.0 1.6047004871739794 0.8225193905720728 0.8427564948210492 2.942547091630687 3.834380904446097 0.2688865622963808 0.44409070977874165 
Pedestrian 6 0 -9999.0 -9999.0 -9999.0 -9999.0 1.8 0.7815797515521649 0.729516349447393 18.718402978942258 -1.5542646629777168 -0.9537298752687948 -3.016716975134292 
Pedestrian 7 0 -9999.0 -9999.0 -9999.0 -9999.0 1.85 0.7446143281153959 0.7378356243838986 18.322425390221298 -2.2343689503210142 -0.9182168766387243 -3.0167473323324607 
Pedestrian 9 0 -9999.0 -9999.0 -9999.0 -9999.0 1.7388951330758573 0.762844615165235 0.6125796005267553 18.08822695759456 2.3322200912847872 -0.960047103647559 2.400877894620937 
Pedestrian 10 0 -9999.0 -9999.0 -9999.0 -9999.0 1.7238665634959034 0.765649395571576 0.6782236572752955 18.634988533939122 1.9911459822086042 -1.020729025774382 2.4028748576680705 
Car 1 0 -9999.0 -9999.0 -9999.0 -9999.0 1.9636838768401188 5.159477280173534 1.9749927503715075 8.486769559838717 -3.112030068449953 0.0780306747946716 0.07789770961583642 
Pedestrian 11 0 -9999.0 -9999.0 -9999.0 -9999.0 1.833843394516407 0.888361750840276 0.8547891083331658 36.70590382554951 -1.4970329586576372 -2.7457361545633154 -3.07007478618163 
Pedestrian 44 0 -9999.0 -9999.0 -9999.0 -9999.0 1.773026559218124 1 0.9694486388550138 -22.945362594440347 3.1116811331539243 2.797222582132963 -3.045873278858556 
Pedestrian 43 0 -9999.0 -9999.0 -9999.0 -9999.0 1.6975355979754738 1 1.115836959245979 -23.05656747013575 2.089676188256187 2.7433168360740554 -3.0460002786506433 
Pedestrian 18 0 -9999.0 -9999.0 -9999.0 -9999.0 1.553791531556044 0.9350978240778415 0.7014189842208715 9.88794038298603 -1.885201023219677 -0.23417747453936597 0.05780739448289829 
Pedestrian 17 0 -9999.0 -9999.0 -9999.0 -9999.0 1.6786936986616088 0.9385842718372612 0.8570610823441984 10.28042273817089 -1.3086422426433229 -0.20637494015755944 0.12889034692413048 
Pedestrian 19 0 -9999.0 -9999.0 -9999.0 -9999.0 1.88766995436284 0.8473523143195599 0.8020167022554571 28.779055866490268 -0.1938968362548385 -1.8851354294339786 -0.06347464290268334 
Pedestrian 20 0 -9999.0 -9999.0 -9999.0 -9999.0 1.8942850025152396 0.7837367986462382 0.6986151564054772 28.161243475922717 -0.49671163718366146 -1.872531552099335 0.005097774319009929 
Pedestrian 8 0 -9999.0 -9999.0 -9999.0 -9999.0 1.7182020193881877 0.84040506779357 0.7617142683117479 17.764983878168835 -3.2276858426940427 -0.8406608118234117 -3.003875073137557 
Pedestrian 36 0 -9999.0 -9999.0 -9999.0 -9999.0 1.85 0.8455221526426029 0.7795427445654814 -6.404242291697636 5.060652918578503 1.255058874632951 -1.1351121700464066 
Pedestrian 1002 0 -9999.0 -9999.0 -9999.0 -9999.0 1.5480067025273518 0.5644233003512866 0.6213012349133786 24.39330742794038 -2.9676885198646796 -1.387022870306686 -3.043520129541184 
Pedestrian 16 0 -9999.0 -9999.0 -9999.0 -9999.0 1.5480067025273518 0.5644233003512866 0.6213012349133786 24.08670764959647 -3.5128692900072958 -1.3910441692450424 -3.0435201290769314 
Pedestrian 34 0 -9999.0 -9999.0 -9999.0 -9999.0 1.8 0.742563890087286 0.7166973150341831 -7.184340692451541 5.195372378877112 1.4529962114680846 -1.231918967506072 
Pedestrian 27 0 -9999.0 -9999.0 -9999.0 -9999.0 1.8 0.8271693526588353 0.8407252643496999 29.86165301906623 -0.180652426724251 -2.075991761126132 1.5884302001139954 
Pedestrian 503 0 -9999.0 -9999.0 -9999.0 -9999.0 1.5098862519504819 0.7016892788347073 0.6244449312827264 24.005002052346214 5.331810491973797 -1.3006495165592706 2.395193348729382 
Pedestrian 14 0 -9999.0 -9999.0 -9999.0 -9999.0 1.5350666013118595 0.6767124353147551 0.6338965826401189 24.683082714112768 1.646895428725351 -1.5744635332884047 2.0810441304855196 
Pedestrian 15 0 -9999.0 -9999.0 -9999.0 -9999.0 1.4995242359067946 0.6433493585685015 0.616020103352135 25.192275454339597 1.34807702574289 -1.5561417884826083 2.055860995592383 
Pedestrian 22 0 -9999.0 -9999.0 -9999.0 -9999.0 1.7272234413230434 0.8930338539667776 0.7589542967325148 23.22144077890141 -4.165014833847412 -1.3682521352617365 -3.0154006613259305 
Pedestrian 777 0 -9999.0 -9999.0 -9999.0 -9999.0 1.5601539586488533 0.7742910735758141 0.7734620811052282 -12.12815402147672 1.0857395829888066 1.7577329941099533 1.192051469773677 
Pedestrian 502 0 -9999.0 -9999.0 -9999.0 -9999.0 1.5580631857725595 0.6324640994580073 0.6231826615974934 23.22227192196584 5.583524460993514 -1.3670739131220178 2.3848312711965605 
Pedestrian 45 0 -9999.0 -9999.0 -9999.0 -9999.0 1.840803791853019 0.9047965827395252 0.7795427445654814 4.3641110457538606 -1.9385678163800404 0.3870204334477284 3.1354613119275374 
Pedestrain_sitting 20 0 -9999.0 -9999.0 -9999.0 -9999.0 0.9288023059382893 0.630173997091732 0.7116151379014846 10.894415941992767 5.298937105218613 -0.29341154405744974 -3.0334698117921732 
Car 4 0 -9999.0 -9999.0 -9999.0 -9999.0 2.0589564776245735 4.5 2.044844764170049 -33.25628821118558 6.802262521160218 3.817724454404876 0.15975626962034895 
Pedestrian 200 0 -9999.0 -9999.0 -9999.0 -9999.0 1.7521106512660325 0.9162872598483918 0.6944942567378337 -13.636902707052357 3.3387225170603596 1.9288277614118268 -3.032505423761009 
Pedestrian 47 0 -9999.0 -9999.0 -9999.0 -9999.0 1.739259612086605 0.9765708634005151 0.6968829901888434 -11.602388963043024 0.2625243825335908 1.7168406213330976 1.510638814099572 
Pedestrian 24 0 -9999.0 -9999.0 -9999.0 -9999.0 1.5665724604937843 0.8256175940025915 0.7327379765104859 17.73849214460446 -4.82362429237384 -0.9977356417156437 -1.6972711218724825 
Pedestrian 46 0 -9999.0 -9999.0 -9999.0 -9999.0 1.739259612086605 0.8137808070594968 0.7631092640473314 -10.8107849317341 0.604063905791336 1.6693611308823182 1.4715793466973777 
Pedestrian 35 0 -9999.0 -9999.0 -9999.0 -9999.0 1.85 0.8455221526426029 0.8055941736449839 -0.718268227226122 5.189724002265135 0.7415854040066964 -3.0822971596375925 
Pedestrian 39 0 -9999.0 -9999.0 -9999.0 -9999.0 1.6992181517554945 0.7236988029930532 0.6130136573276566 -13.690974606392807 2.7219928262720927 1.9603355576266777 -3.0313644257654424 
Pedestrian 49 0 -9999.0 -9999.0 -9999.0 -9999.0 1.8880449392725787 0.7266739568839767 0.719062337692116 -13.25977634243969 -2.19162026246388 1.8635783153349856 1.1336240233831418 
Pedestrian 51 0 -9999.0 -9999.0 -9999.0 -9999.0 1.7084772160642387 0.6876926218915868 0.6022575416759411 -8.601843586139806 -2.5049524355147144 1.4958454741743539 1.7806207929365527 
Pedestrian 50 0 -9999.0 -9999.0 -9999.0 -9999.0 1.6682901068147347 0.7378107948553352 0.6318862957964667 -9.322135498836857 -2.2915230710545074 1.4598720510006138 1.774286363237355 
Pedestrian 37 0 -9999.0 -9999.0 -9999.0 -9999.0 1.7674898152527898 0.7851268766529278 0.7077031440696406 -8.857157515479386 2.759210316030007 1.451398488760297 -2.9499760107065054 
Pedestrian 38 0 -9999.0 -9999.0 -9999.0 -9999.0 1.768936684463284 0.7798122203956248 0.6543593384916504 -8.8252312397185 3.44880087054268 1.4271060827809505 -2.949490696037003 
Pedestrian 48 0 -9999.0 -9999.0 -9999.0 -9999.0 1.8437648405814306 0.63 0.8639507388388924 -12.733968389709899 -1.7123902248935865 1.8408693511006584 0.18307080935766606 
Pedestrain_sitting 556 0 -9999.0 -9999.0 -9999.0 -9999.0 1.3003415906177906 0.5495013160563614 0.4849281347249202 21.22031354686181 -8.616861765029768 -1.1672270498443595 3.1368080825650217 
Pedestrain_sitting 555 0 -9999.0 -9999.0 -9999.0 -9999.0 1.3003415906177906 0.5495013160563614 0.4849281347249202 21.201232793019493 -7.888824973272821 -1.1718943399484034 3.1368080825650217 
Pedestrian 23 0 -9999.0 -9999.0 -9999.0 -9999.0 1.733985410563253 0.6134757942819711 0.7222749871810963 17.038823545996056 -4.844524098870508 -0.8801900406323241 -2.0191023197871907 
