Car 2 0 -9999.0 -9999.0 -9999.0 -9999.0 1.7161032172723623 4.3042446659889535 2.497900330371051 29.81508257961938 0.621860508080734 -1.2957668452807696 0.07281321653102601 
Pedestrian 26 0 -9999.0 -9999.0 -9999.0 -9999.0 1.8 0.880638232653005 0.7173897124333324 38.72747498448622 -3.2445084673154527 -2.2573640169007927 -2.954805073580406 
Pedestrian 25 0 -9999.0 -9999.0 -9999.0 -9999.0 1.8 0.880638232653005 0.7173897124333324 38.80520537576785 -2.5087376725043242 -2.2474391835889054 -2.954805073580406 
Car 3 0 -9999.0 -9999.0 -9999.0 -9999.0 1.4301220212552401 4 1.8633935758759457 55.620712093998065 -0.20209622633871063 -3.250137444098163 -3.0521482483721982 
Pedestrain_sitting 21 0 -9999.0 -9999.0 -9999.0 -9999.0 0.9170967942404316 0.6239191457374971 0.6351946031908755 11.785036808990865 5.24317036674717 0.4718247981278689 0.12854812441931074 
Pedestrian 1006 0 -9999.0 -9999.0 -9999.0 -9999.0 1.8319269034634074 0.7746621567225385 0.7296367421575172 28.842547960895697 -4.8606638709158485 -1.3468401343456016 0.8006023095520405 
Pedestrian 1005 0 -9999.0 -9999.0 -9999.0 -9999.0 1.7182020193881877 0.7271215203340413 0.7172417616036824 29.328766462035446 -4.481034742678864 -1.454292709321993 0.7799171785675885 
Pedestrian 999 0 -9999.0 -9999.0 -9999.0 -9999.0 1.7478363069824068 0.6324640994580073 0.6450381271264 20.77730009437509 5.763129216990609 -0.10796935413646837 2.307291034979059 
Pedestrian 702 0 -9999.0 -9999.0 -9999.0 -9999.0 1.7242744269198185 0.63 0.6898739737048278 -26.53182854958147 3.3261933622933064 3.654366553158881 -3.00732011091074 
Pedestrian 703 0 -9999.0 -9999.0 -9999.0 -9999.0 1.7717383253829708 0.63 0.6566716672544799 -26.404282787514102 4.059116820488625 3.7066029267927925 -3.00732011091074 
Pedestrian 1001 0 -9999.0 -9999.0 -9999.0 -9999.0 1.8190235843771385 0.6309324708718423 0.6213012349133786 32.450174148077735 2.746520468064113 -1.5006313591908371 1.5959482666439646 
Pedestrian 888 0 -9999.0 -9999.0 -9999.0 -9999.0 1.5366259275535865 0.5877254913696837 0.6357928477663076 13.427798417757115 7.13627400010468 0.27901713581231535 -1.0776833503720695 
Pedestrian 223 0 -9999.0 -9999.0 -9999.0 -9999.0 1.7272234413230434 0.6942712320825266 0.6155335882708507 37.293002116125535 -7.203765740054994 -2.130647031910902 0.6419837606343162 
Pedestrian 3 0 -9999.0 -9999.0 -9999.0 -9999.0 1.6413741868673242 0.9102319618606736 0.749658509723502 23.08190041713604 2.167772425984367 -0.7709551833929456 -2.885183142380935 
Pedestrian 5 0 -9999.0 -9999.0 -9999.0 -9999.0 1.6467102258502564 0.8504990806290904 0.946862823709426 -0.4392672554310127 3.2061641559270706 1.3609403631481534 0.31934341683617795 
Pedestrian 4 0 -9999.0 -9999.0 -9999.0 -9999.0 1.7335733350919327 0.8234084053360446 0.7316008376188541 -0.9302672422728429 3.7310688807278862 1.4569808702752447 0.0715870135810146 
Pedestrian 1 0 -9999.0 -9999.0 -9999.0 -9999.0 1.830187787627785 0.8467364901875526 1.030957247409183 2.314338780328461 3.6743486364127995 0.9784577767666832 -2.3641377972940543 
Pedestrian 2 0 -9999.0 -9999.0 -9999.0 -9999.0 1.6047004871739794 0.8225193905720728 0.8427564948210492 0.4884403028422923 4.745428107827585 1.1966443514774983 0.4400421586062393 
Pedestrian 6 0 -9999.0 -9999.0 -9999.0 -9999.0 1.8 0.7815797515521649 0.729516349447393 26.626611192902033 -2.6057619303215778 -1.0569901359898954 -3.016788348228598 
Pedestrian 7 0 -9999.0 -9999.0 -9999.0 -9999.0 1.85 0.7446143281153959 0.7378356243838986 26.38914401052849 -3.326729477385539 -1.0730017974393031 -3.0167473323324607 
Pedestrian 9 0 -9999.0 -9999.0 -9999.0 -9999.0 1.7388951330758573 0.762844615165235 0.6125796005267553 19.073979910571072 2.51316280639692 -0.38203039598324834 2.0365151616062445 
Pedestrian 10 0 -9999.0 -9999.0 -9999.0 -9999.0 1.7238665634959034 0.765649395571576 0.6782236572752955 19.651153234469 2.496706378958385 -0.43480255799047923 2.0065668816318567 
Car 1 0 -9999.0 -9999.0 -9999.0 -9999.0 1.9636838768401188 5.159477280173534 1.9749927503715075 8.80570156765076 -3.1361473793448593 0.5638181151664617 0.07789770970793608 
Pedestrian 11 0 -9999.0 -9999.0 -9999.0 -9999.0 1.833843394516407 0.888361750840276 0.8547891083331658 48.07593541752306 -1.8647991001818494 -3.201979297586911 -3.0700746924231694 
Pedestrian 44 0 -9999.0 -9999.0 -9999.0 -9999.0 1.773026559218124 1 0.9694486388550138 -12.696098733384515 1.9055746067301698 2.453499305629322 -2.9053410819133507 
Pedestrian 43 0 -9999.0 -9999.0 -9999.0 -9999.0 1.6975355979754738 1 1.115836959245979 -12.696415655931265 0.8828496624293349 2.4206901164659347 -2.907430049913758 
Pedestrian 18 0 -9999.0 -9999.0 -9999.0 -9999.0 1.553791531556044 0.9350978240778415 0.7014189842208715 4.367693369950858 -1.1643540537220993 0.6861888174970808 0.05087549043934292 
Pedestrian 17 0 -9999.0 -9999.0 -9999.0 -9999.0 1.6786936986616088 0.9385842718372612 0.8570610823441984 3.660629701323544 -0.6397088495343763 0.8006716229238481 -0.006907599522739005 
Pedestrian 19 0 -9999.0 -9999.0 -9999.0 -9999.0 1.88766995436284 0.8473523143195599 0.8020167022554571 23.3625915954418 1.315761988743911 -0.7247267323635891 -0.013985345151446893 
Pedestrian 20 0 -9999.0 -9999.0 -9999.0 -9999.0 1.8942850025152396 0.7837367986462382 0.6986151564054772 22.981618220218106 0.7170187162985675 -0.6928084715500248 -0.01377256766041235 
Pedestrian 8 0 -9999.0 -9999.0 -9999.0 -9999.0 1.7182020193881877 0.84040506779357 0.7617142683117479 24.270169429419088 -3.817231377216872 -0.9296716792208344 3.0248142845567063 
Pedestrian 36 0 -9999.0 -9999.0 -9999.0 -9999.0 1.85 0.8455221526426029 0.7795427445654814 -6.048314630316229 5.26221862983382 1.575237037601225 -1.1350935524878825 
Pedestrian 1002 0 -9999.0 -9999.0 -9999.0 -9999.0 1.5480067025273518 0.5644233003512866 0.6213012349133786 33.069085479445754 -3.2014731723796004 -1.659672971973881 -3.043520129541184 
Pedestrian 16 0 -9999.0 -9999.0 -9999.0 -9999.0 1.5480067025273518 0.5644233003512866 0.6213012349133786 33.17626897052469 -4.0840625442355485 -1.715110939025136 -3.04352012948792 
Pedestrian 34 0 -9999.0 -9999.0 -9999.0 -9999.0 1.8 0.742563890087286 0.7166973150341831 -7.0874670804031235 5.255704651762456 1.5175708272391093 -1.2337214728522987 
Pedestrian 27 0 -9999.0 -9999.0 -9999.0 -9999.0 1.8 0.8271693526588353 0.8407252643496999 30.040661731780315 -0.17626286265885 -1.2279683947657183 1.9801326395582155 
Pedestrian 503 0 -9999.0 -9999.0 -9999.0 -9999.0 1.5098862519504819 0.7016892788347073 0.6244449312827264 23.976244456430813 5.216358948718442 -0.34647018196807655 2.395193348729382 
Pedestrian 28 0 -9999.0 -9999.0 -9999.0 -9999.0 1.9344750647178444 0.9180852004756592 0.7505107045290647 38.987478072627596 -1.0671004524785623 -1.9482732501353048 0.005317858512576379 
Pedestrian 29 0 -9999.0 -9999.0 -9999.0 -9999.0 1.914706511234499 0.9112747753301017 0.7505107045290647 39.011511241529114 -0.3110788237544141 -1.9443199297279032 0.005317858512576379 
Pedestrian 22 0 -9999.0 -9999.0 -9999.0 -9999.0 1.7272234413230434 0.8930338539667776 0.7589542967325148 27.779575262240925 -4.856986300527474 -1.3761347234221843 -2.6556344577749442 
Pedestrian 777 0 -9999.0 -9999.0 -9999.0 -9999.0 1.5601539586488533 0.7742910735758141 0.7734620811052282 -14.87697663401313 3.6765652701714604 2.449808215664698 0.24300149362346968 
Pedestrian 502 0 -9999.0 -9999.0 -9999.0 -9999.0 1.5580631857725595 0.6324640994580073 0.6231826615974934 23.50391563886954 5.827025676514343 -0.2868101104524368 2.3793963068491966 
Pedestrian 45 0 -9999.0 -9999.0 -9999.0 -9999.0 1.840803791853019 0.9047965827395252 0.7795427445654814 11.087414699411728 -2.049918872402624 0.2381188206263468 -2.679757037904478 
Pedestrain_sitting 20 0 -9999.0 -9999.0 -9999.0 -9999.0 0.9288023059382893 0.630173997091732 0.7116151379014846 10.915671562944345 5.301343720163919 0.5293888546846879 -3.0335075710425983 
Pedestrian 30 0 -9999.0 -9999.0 -9999.0 -9999.0 1.6574581668813668 0.5844020196858356 0.6601390122619767 56.5047283041613 -3.2401492707674966 -4.274872585072754 0.18856689105042257 
Car 4 0 -9999.0 -9999.0 -9999.0 -9999.0 2.0589564776245735 4.5 2.044844764170049 -33.16358600755043 6.753649712130563 4.306330288898605 0.15975626962034895 
Pedestrian 200 0 -9999.0 -9999.0 -9999.0 -9999.0 1.7521106512660325 0.9162872598483918 0.6944942567378337 -5.177546959508654 2.98757398856793 1.8157986118877363 -3.0513950003910324 
Pedestrian 47 0 -9999.0 -9999.0 -9999.0 -9999.0 1.739259612086605 0.9765708634005151 0.6968829901888434 -14.030303919658621 2.4324371143039003 2.430735646927859 0.2707122705808249 
Pedestrian 24 0 -9999.0 -9999.0 -9999.0 -9999.0 1.5665724604937843 0.8256175940025915 0.7327379765104859 22.317536841148996 -5.157257280249813 -1.0304478625503055 3.131483008430541 
Pedestrian 46 0 -9999.0 -9999.0 -9999.0 -9999.0 1.739259612086605 0.8137808070594968 0.7631092640473314 -13.944017475488003 3.0913876402723974 2.433647593158681 0.2706913707956762 
Pedestrian 35 0 -9999.0 -9999.0 -9999.0 -9999.0 1.85 0.8455221526426029 0.8055941736449839 6.747542601850237 3.4082224089898316 0.6103220364600715 -3.0816132121079143 
Pedestrian 31 0 -9999.0 -9999.0 -9999.0 -9999.0 1.6183186744299025 0.6340866970656824 0.5322695037304019 57.88608980669559 -2.3181657803292053 -4.124969829638866 -3.0553355148965053 
Pedestrian 32 0 -9999.0 -9999.0 -9999.0 -9999.0 1.6264157795512513 0.6356555012147109 0.5322695037304019 57.47933368662823 -1.6780087017537344 -4.296326745342934 -3.056922019186569 
Pedestrian 33 0 -9999.0 -9999.0 -9999.0 -9999.0 1.85 1.011633098401595 1.1292297078013385 42.05041841174256 -6.36519252535537 -2.5516654567633337 2.5120531790300866 
Pedestrian 39 0 -9999.0 -9999.0 -9999.0 -9999.0 1.6992181517554945 0.7236988029930532 0.6130136573276566 -5.1787832349866045 2.3239808578478547 1.7834610903915225 -3.046025591476731 
Pedestrian 49 0 -9999.0 -9999.0 -9999.0 -9999.0 1.8880449392725787 0.7266739568839767 0.719062337692116 -12.996970889686397 -2.2686543567726343 2.0748270021776714 1.1335962263311767 
Pedestrian 51 0 -9999.0 -9999.0 -9999.0 -9999.0 1.7084772160642387 0.6876926218915868 0.6022575416759411 -8.466933550933497 -2.4937724480306733 1.913654104481563 1.7806207929365527 
Pedestrian 50 0 -9999.0 -9999.0 -9999.0 -9999.0 1.6682901068147347 0.7378107948553352 0.6318862957964667 -9.186389786754738 -2.37041576225238 1.913840656152559 1.774286363237355 
Pedestrian 37 0 -9999.0 -9999.0 -9999.0 -9999.0 1.7674898152527898 0.7851268766529278 0.7077031440696406 -0.4999651320329206 1.618202830329273 1.2376023032544978 -3.0332807743848598 
Pedestrian 38 0 -9999.0 -9999.0 -9999.0 -9999.0 1.768936684463284 0.7798122203956248 0.6543593384916504 -0.4133489463787014 2.210210556128787 1.2741588852857726 -2.9487433366524414 
Pedestrian 48 0 -9999.0 -9999.0 -9999.0 -9999.0 1.8437648405814306 0.63 0.8639507388388924 -12.612421785080999 -1.6388722993576506 2.0421407267469447 0.18315326013099398 
Pedestrain_sitting 557 0 -9999.0 -9999.0 -9999.0 -9999.0 1.3003415906177906 0.5495013160563614 0.4849281347249202 22.570944279846184 -8.826753682944528 -0.8699988827048106 -0.004784632616544826 
Pedestrain_sitting 556 0 -9999.0 -9999.0 -9999.0 -9999.0 1.3003415906177906 0.5495013160563614 0.4849281347249202 21.20677301385931 -8.713575554165617 -0.8747826081257306 3.1368080825650217 
Pedestrain_sitting 555 0 -9999.0 -9999.0 -9999.0 -9999.0 1.3003415906177906 0.5495013160563614 0.4849281347249202 21.187060592980327 -7.977888119115325 -0.8743121490724977 3.1368080825650217 
Pedestrian 23 0 -9999.0 -9999.0 -9999.0 -9999.0 1.733985410563253 0.6134757942819711 0.7222749871810963 17.209038561460897 -4.8812533915406044 -0.4605939834885951 -2.0191023197871907 
