Pedestrian 11 0 -9999.0 -9999.0 -9999.0 -9999.0 1.6916927201964427 0.6038848211313681 0.678453127707127 26.785743929839406 11.919246649142112 5.623829411994177 2.550190454545392 
Pedestrian 1 0 -9999.0 -9999.0 -9999.0 -9999.0 1.807182433933786 0.4986517067846294 0.7374421860488555 16.28321368736992 -6.138747068473891 -0.4540735707894465 -0.26604647200095144 
Pedestrian 9 0 -9999.0 -9999.0 -9999.0 -9999.0 1.7705975659206388 1.0135610373009363 0.9161041318094005 13.50673624311595 -4.95623723121793 -0.43926653003922794 -1.8019606483654904 
Pedestrian 10 0 -9999.0 -9999.0 -9999.0 -9999.0 1.5922854220823695 0.890969754732871 0.8850292117965785 30.773650107085082 3.8753038267940574 -0.880656627469695 2.601360378172007 
Pedestrian 1000 0 -9999.0 -9999.0 -9999.0 -9999.0 2.0069079709977586 1.0255484448811463 0.7682304340527041 -6.1240055588624465 -15.090746669506133 0.23338766250751766 -2.1938155461276043 
Pedestrian 222 0 -9999.0 -9999.0 -9999.0 -9999.0 1.8613035384871213 1.30969941297626 0.8797368924650919 16.962160572190204 5.428401650899136 1.5858797624096879 2.499729720844295 
Pedestrian 777 0 -9999.0 -9999.0 -9999.0 -9999.0 1.7368967650018896 0.6107271385321869 0.6527395860954398 -4.02243800103718 -13.37365457365361 0.050922709126263184 0.9141850229194812 
Pedestrian 900 0 -9999.0 -9999.0 -9999.0 -9999.0 2.005077958438257 1.07798098563525 0.7734172159753496 -4.880069895388572 -14.479895880761799 0.23333127643619622 -2.598958641670645 
Pedestrian 800 0 -9999.0 -9999.0 -9999.0 -9999.0 1.8252365418957197 0.826570797592179 0.823773242023748 -3.3483895648742785 -13.954612575867928 0.1307916272499301 -1.8090611472824065 
Pedestrian 8 0 -9999.0 -9999.0 -9999.0 -9999.0 1.8043408497934996 0.9546006466454776 0.7334171808741091 7.736090560959994 -6.199488605855916 -0.2521700807256463 -0.6611673725697429 
Pedestrian 6 0 -9999.0 -9999.0 -9999.0 -9999.0 1.6942400895099394 0.8430975728940361 0.7105135749127721 7.7098503376383025 -5.446965900552461 -0.2852550361079532 -0.6611122201653821 
Pedestrian 7 0 -9999.0 -9999.0 -9999.0 -9999.0 1.648885929593007 0.9831864636302605 0.8317138756545739 7.036441582457639 -5.543301882261473 -0.3207042906434479 -0.6611122201653821 
