Pedestrian 11 0 -9999.0 -9999.0 -9999.0 -9999.0 1.6916927201964427 0.6038848211313681 0.678453127707127 28.304073302172313 12.060851812468597 6.248584998490894 2.550190454545392 
Pedestrian 1 0 -9999.0 -9999.0 -9999.0 -9999.0 1.807182433933786 0.4986517067846294 0.7374421860488555 16.3754412410002 -6.175241707888797 -0.47517333983439536 -0.26604647200095144 
Pedestrian 9 0 -9999.0 -9999.0 -9999.0 -9999.0 1.7705975659206388 1.0135610373009363 0.9161041318094005 13.69781375048838 -6.124389069579976 -0.46423258328913364 -1.8019606483654904 
Pedestrian 10 0 -9999.0 -9999.0 -9999.0 -9999.0 1.5922854220823695 0.890969754732871 0.8850292117965785 31.876646621419773 4.577784377425373 -1.0315445001949384 2.6125482761923458 
Pedestrian 1000 0 -9999.0 -9999.0 -9999.0 -9999.0 2.0069079709977586 1.0255484448811463 0.7682304340527041 -5.806419676240323 -15.06832141849538 0.07207283070278284 -2.193791837040523 
Pedestrian 222 0 -9999.0 -9999.0 -9999.0 -9999.0 1.8613035384871213 1.30969941297626 0.8797368924650919 17.67200150924198 5.836278670536032 1.9596679070975915 2.4032101292567916 
Pedestrian 777 0 -9999.0 -9999.0 -9999.0 -9999.0 1.7368967650018896 0.6107271385321869 0.6527395860954398 -3.98533899126545 -13.429943185709465 -0.023004429657337462 0.8656432407902361 
Pedestrian 900 0 -9999.0 -9999.0 -9999.0 -9999.0 2.005077958438257 1.07798098563525 0.7734172159753496 -4.611501447293379 -14.197369025821702 0.0567276841349155 -2.6953029749935897 
Pedestrian 800 0 -9999.0 -9999.0 -9999.0 -9999.0 1.8252365418957197 0.826570797592179 0.823773242023748 -3.4504592069202453 -14.016944358533717 -0.023337802587939938 -1.4351278497725257 
Pedestrian 8 0 -9999.0 -9999.0 -9999.0 -9999.0 1.8043408497934996 0.9546006466454776 0.7334171808741091 6.966075060189178 -6.978308584041855 -0.24714902323671617 -0.6613034463613516 
Pedestrian 6 0 -9999.0 -9999.0 -9999.0 -9999.0 1.6942400895099394 0.8430975728940361 0.7105135749127721 6.794366024675169 -6.159644188693 -0.2809903266134645 -0.6611122201653821 
Pedestrian 7 0 -9999.0 -9999.0 -9999.0 -9999.0 1.648885929593007 0.9831864636302605 0.8317138756545739 6.138797275374414 -6.228652840355226 -0.28652038912569855 -0.6611121363268957 
