Pedestrian 3 0 -9999.0 -9999.0 -9999.0 -9999.0 1.7332879200631797 0.867767672648839 1.0368724247718488 29.722464078423208 3.21137712446459 -0.8252268505198129 2.8291918459699126 
Pedestrian 1 0 -9999.0 -9999.0 -9999.0 -9999.0 1.807182433933786 0.4986517067846294 0.7374421860488555 15.882612221337665 -6.028863463711183 -0.42018597154928 1.1070623445400027 
Pedestrian 9 0 -9999.0 -9999.0 -9999.0 -9999.0 1.7705975659206388 1.0135610373009363 0.9161041318094005 15.269375742781659 -0.0537784539909242 -0.40631276686200946 -0.5381980062407639 
Pedestrian 5 0 -9999.0 -9999.0 -9999.0 -9999.0 1.687681240450047 0.8003221792819292 0.7601840600327808 31.105413312153487 4.532028327884927 -0.8439061916415136 2.613968026608884 
Pedestrian 2 0 -9999.0 -9999.0 -9999.0 -9999.0 1.6967671071288006 0.800254612783332 0.8625922522559041 31.335407875965174 3.7780502358600407 -0.8452802190441137 2.6133296058886586 
Pedestrian 10 0 -9999.0 -9999.0 -9999.0 -9999.0 1.5922854220823695 0.890969754732871 0.8850292117965785 24.49834541385897 2.7167531904755724 -0.7382395632992973 3.108902012371555 
Pedestrian 222 0 -9999.0 -9999.0 -9999.0 -9999.0 1.8613035384871213 1.30969941297626 0.8797368924650919 14.201027782440306 4.210132139002836 0.5301988582450654 2.6159930396959545 
Pedestrian 777 0 -9999.0 -9999.0 -9999.0 -9999.0 1.7368967650018896 0.6107271385321869 0.6527395860954398 -4.2937419656127185 -13.265000263737932 0.17912230815133318 0.8997472927192227 
Pedestrian 900 0 -9999.0 -9999.0 -9999.0 -9999.0 2.005077958438257 1.07798098563525 0.7734172159753496 -6.113675913901756 -14.86183750128163 0.2593866073616208 -2.1934458936894465 
Pedestrian 800 0 -9999.0 -9999.0 -9999.0 -9999.0 1.8252365418957197 0.826570797592179 0.823773242023748 -5.463866120127083 -14.526672519914179 0.16892268495336846 -2.2156328595933026 
Pedestrian 8 0 -9999.0 -9999.0 -9999.0 -9999.0 1.8043408497934996 0.9546006466454776 0.7334171808741091 12.711577551028094 -2.470971954472191 -0.30234127968312124 -0.5682792044493539 
Pedestrian 6 0 -9999.0 -9999.0 -9999.0 -9999.0 1.6942400895099394 0.8430975728940361 0.7105135749127721 12.35073263588194 -1.9011307108133573 -0.3367668026890693 -0.5732295380148038 
Pedestrian 7 0 -9999.0 -9999.0 -9999.0 -9999.0 1.648885929593007 0.9831864636302605 0.8317138756545739 11.628152330885309 -1.7191831492858693 -0.33951451386908016 -0.5682792044493539 
