Pedestrian 1 0 -9999.0 -9999.0 -9999.0 -9999.0 1.807182433933786 0.4986517067846294 0.7374421860488555 16.332415710292686 -6.166034283814447 -0.529156514843241 -0.2678128789683747 
Pedestrian 9 0 -9999.0 -9999.0 -9999.0 -9999.0 1.7705975659206388 1.0135610373009363 0.9161041318094005 14.79244408090761 -8.912435136356505 -0.5004971050495884 -2.2190168469733464 
Pedestrian 1000 0 -9999.0 -9999.0 -9999.0 -9999.0 2.0069079709977586 1.0255484448811463 0.7682304340527041 -6.036090708860114 -14.987532190794663 0.044064605025736836 -2.195671770641436 
Pedestrian 222 0 -9999.0 -9999.0 -9999.0 -9999.0 1.8613035384871213 1.30969941297626 0.8797368924650919 18.521988857997922 6.430422158952584 2.565033566368702 2.5786456196150986 
Pedestrian 777 0 -9999.0 -9999.0 -9999.0 -9999.0 1.7368967650018896 0.6107271385321869 0.6527395860954398 -4.6984054608864465 -13.608042899175883 -0.09227483642304507 -0.258176932608837 
Pedestrian 900 0 -9999.0 -9999.0 -9999.0 -9999.0 2.005077958438257 1.07798098563525 0.7734172159753496 -4.089779575565923 -14.62006351569411 0.046863498247176186 -2.198353905031693 
Pedestrian 800 0 -9999.0 -9999.0 -9999.0 -9999.0 1.8252365418957197 0.826570797592179 0.823773242023748 -3.50588997248258 -13.728383895976792 -0.07578879445152997 -0.5413260848108052 
Pedestrian 8 0 -9999.0 -9999.0 -9999.0 -9999.0 1.8043408497934996 0.9546006466454776 0.7334171808741091 4.228564344325846 -8.804523876261424 -0.20817400274009332 -0.6621533438473541 
Pedestrian 6 0 -9999.0 -9999.0 -9999.0 -9999.0 1.6942400895099394 0.8430975728940361 0.7105135749127721 4.271791799403911 -8.172034310895002 -0.252174918153267 -0.6611122201653821 
Pedestrian 7 0 -9999.0 -9999.0 -9999.0 -9999.0 1.648885929593007 0.9831864636302605 0.8317138756545739 3.739743987758119 -8.037268842627997 -0.256527734748208 -0.6607754555768608 
