Pedestrian 1 0 -9999.0 -9999.0 -9999.0 -9999.0 1.807182433933786 0.4986517067846294 0.7374421860488555 16.310068750179457 -6.103235126463154 -0.43801635968446534 -0.19090533531361586 
Pedestrian 9 0 -9999.0 -9999.0 -9999.0 -9999.0 1.7705975659206388 1.0135610373009363 0.9161041318094005 13.178973609179772 -3.450181411868937 -0.4143767910019718 -1.6001284546748007 
Pedestrian 10 0 -9999.0 -9999.0 -9999.0 -9999.0 1.5922854220823695 0.890969754732871 0.8850292117965785 29.381676169900036 3.142403858602089 -0.8434543795160822 2.957477696263986 
Pedestrian 1000 0 -9999.0 -9999.0 -9999.0 -9999.0 2.0069079709977586 1.0255484448811463 0.7682304340527041 -6.161162280385377 -14.847087697750833 0.03249727694182626 -2.193814816173324 
Pedestrian 222 0 -9999.0 -9999.0 -9999.0 -9999.0 1.8613035384871213 1.30969941297626 0.8797368924650919 16.109372791950538 4.991877035317596 1.4202763249847155 2.7051101862481257 
Pedestrian 777 0 -9999.0 -9999.0 -9999.0 -9999.0 1.7368967650018896 0.6107271385321869 0.6527395860954398 -4.087376203721469 -13.125646727541755 -0.12436901846112856 0.902456669219724 
Pedestrian 900 0 -9999.0 -9999.0 -9999.0 -9999.0 2.005077958438257 1.07798098563525 0.7734172159753496 -5.4613399269186536 -14.301451065474922 0.030466964650395705 -2.490503295828187 
Pedestrian 800 0 -9999.0 -9999.0 -9999.0 -9999.0 1.8252365418957197 0.826570797592179 0.823773242023748 -3.6368007135391576 -14.069433830260348 -0.09515482344395584 -3.0790612649236753 
Pedestrian 8 0 -9999.0 -9999.0 -9999.0 -9999.0 1.8043408497934996 0.9546006466454776 0.7334171808741091 9.155439111067315 -5.036070575811903 -0.28217670991968263 -0.6611673725697429 
Pedestrian 6 0 -9999.0 -9999.0 -9999.0 -9999.0 1.6942400895099394 0.8430975728940361 0.7105135749127721 8.888584656940623 -4.443432486608138 -0.3138970184347591 -0.6611122201653821 
Pedestrian 7 0 -9999.0 -9999.0 -9999.0 -9999.0 1.648885929593007 0.9831864636302605 0.8317138756545739 8.34393088910496 -4.349366884579741 -0.32626487407853777 -0.6611122201653821 
