Pedestrian 3 0 -9999.0 -9999.0 -9999.0 -9999.0 1.7332879200631797 0.867767672648839 1.0368724247718488 26.51944116695543 3.431266242202765 -0.7285920093426206 -2.509257213060245 
Pedestrian 1 0 -9999.0 -9999.0 -9999.0 -9999.0 1.807182433933786 0.4986517067846294 0.7374421860488555 15.858303716222975 -6.007777956623581 -0.3882727809643937 1.159422222099833 
Pedestrian 600 0 -9999.0 -9999.0 -9999.0 -9999.0 1.7 0.6593086028985748 0.6863660936357051 -12.817350091689137 1.5573449666399812 0.36568646109046865 1.6900776248203506 
Pedestrian 555 0 -9999.0 -9999.0 -9999.0 -9999.0 1.7703999772207908 0.702090740104642 0.555502152537194 -9.440371870480343 11.622188579628322 0.22322985996469025 -0.5320549956364431 
Pedestrian 9 0 -9999.0 -9999.0 -9999.0 -9999.0 1.7705975659206388 1.0135610373009363 0.9161041318094005 19.050394970086387 1.7114751970191249 -0.4986524698347942 -0.4898933018517724 
Pedestrian 5 0 -9999.0 -9999.0 -9999.0 -9999.0 1.687681240450047 0.8003221792819292 0.7601840600327808 27.661323038015052 2.9639708047254962 -0.7428994295745629 -3.1171135261880334 
Pedestrian 2 0 -9999.0 -9999.0 -9999.0 -9999.0 1.6967671071288006 0.800254612783332 0.8625922522559041 27.605838351218207 2.2483473644987266 -0.7587926608936919 -3.1193826981936894 
Pedestrian 10 0 -9999.0 -9999.0 -9999.0 -9999.0 1.5922854220823695 0.890969754732871 0.8850292117965785 18.92932365719148 2.3811587110677133 -0.5859635397470273 2.7572406566782615 
Pedestrian 222 0 -9999.0 -9999.0 -9999.0 -9999.0 1.8613035384871213 1.30969941297626 0.8797368924650919 11.645852661626364 3.1824285979720957 -0.16100489116581487 2.811265019965729 
Pedestrian 777 0 -9999.0 -9999.0 -9999.0 -9999.0 1.7368967650018896 0.6107271385321869 0.6527395860954398 -4.215627249650092 -13.399187758592884 0.26304889437133916 0.9022547114678154 
Pedestrian 900 0 -9999.0 -9999.0 -9999.0 -9999.0 2.005077958438257 1.07798098563525 0.7734172159753496 -6.059118945614893 -15.004081996026075 0.33739171748137115 -2.1938248857950775 
Pedestrian 800 0 -9999.0 -9999.0 -9999.0 -9999.0 1.8252365418957197 0.826570797592179 0.823773242023748 -5.517694891976667 -14.478913999197554 0.2423918734383568 -2.2187972064004313 
Pedestrian 8 0 -9999.0 -9999.0 -9999.0 -9999.0 1.8043408497934996 0.9546006466454776 0.7334171808741091 16.2592471534046 -0.7114208753213525 -0.3728860339127247 -0.5003272126064502 
Pedestrian 6 0 -9999.0 -9999.0 -9999.0 -9999.0 1.6942400895099394 0.8430975728940361 0.7105135749127721 16.008534568764013 -0.08512182697498864 -0.409467663789872 -0.5001597558093476 
Pedestrian 7 0 -9999.0 -9999.0 -9999.0 -9999.0 1.648885929593007 0.9831864636302605 0.8317138756545739 15.263075451798587 0.13799125435507287 -0.4022710092787386 -0.5001611611272914 
