Pedestrian 3 0 -9999.0 -9999.0 -9999.0 -9999.0 1.7332879200631797 0.867767672648839 1.0368724247718488 26.12075893648779 3.998956104814259 -0.7198485117380081 -2.060281153150056 
Pedestrian 1 0 -9999.0 -9999.0 -9999.0 -9999.0 1.807182433933786 0.4986517067846294 0.7374421860488555 15.860435566064975 -6.023748051415895 -0.3780343244905375 1.3657997266994535 
Pedestrian 600 0 -9999.0 -9999.0 -9999.0 -9999.0 1.7 0.6593086028985748 0.6863660936357051 -12.81054865042405 1.6087850492957312 0.3200413352150102 1.690077608439581 
Pedestrian 555 0 -9999.0 -9999.0 -9999.0 -9999.0 1.7703999772207908 0.702090740104642 0.555502152537194 -9.187969388036587 11.819296141627662 0.2892391599397257 -0.5320549956364431 
Pedestrian 9 0 -9999.0 -9999.0 -9999.0 -9999.0 1.7705975659206388 1.0135610373009363 0.9161041318094005 19.82438210685664 2.4434400016985274 -0.5427186122924703 -0.4901788073337432 
Pedestrian 5 0 -9999.0 -9999.0 -9999.0 -9999.0 1.687681240450047 0.8003221792819292 0.7601840600327808 26.691900279966365 3.0007964690271662 -0.7347083308774276 -3.060598253731939 
Pedestrian 2 0 -9999.0 -9999.0 -9999.0 -9999.0 1.6967671071288006 0.800254612783332 0.8625922522559041 26.64981585347712 2.258611642111979 -0.7363675558311842 -3.064072471084909 
Pedestrian 10 0 -9999.0 -9999.0 -9999.0 -9999.0 1.5922854220823695 0.890969754732871 0.8850292117965785 17.91427636661773 1.7645431142129389 -0.5290204315223105 2.5890468942154676 
Pedestrian 222 0 -9999.0 -9999.0 -9999.0 -9999.0 1.8613035384871213 1.30969941297626 0.8797368924650919 10.491668527710301 3.0707706270010133 -0.14312775934301974 3.109772148845021 
Pedestrian 777 0 -9999.0 -9999.0 -9999.0 -9999.0 1.7368967650018896 0.6107271385321869 0.6527395860954398 -4.206142305843791 -13.413285316587242 0.3454968125252601 0.9025715834956518 
Pedestrian 900 0 -9999.0 -9999.0 -9999.0 -9999.0 2.005077958438257 1.07798098563525 0.7734172159753496 -6.054876678530458 -14.970582580098966 0.4253363946217963 -2.1938200679157145 
Pedestrian 800 0 -9999.0 -9999.0 -9999.0 -9999.0 1.8252365418957197 0.826570797592179 0.823773242023748 -5.482064596117055 -14.632738368662798 0.3309912884549236 -2.2156529097492523 
Pedestrian 8 0 -9999.0 -9999.0 -9999.0 -9999.0 1.8043408497934996 0.9546006466454776 0.7334171808741091 17.087438873100314 -0.3874550700637669 -0.41079369247839054 -0.5001472590971847 
Pedestrian 6 0 -9999.0 -9999.0 -9999.0 -9999.0 1.6942400895099394 0.8430975728940361 0.7105135749127721 16.862704982132485 0.2274570560023605 -0.4431655680341015 -0.5001995312103897 
Pedestrian 7 0 -9999.0 -9999.0 -9999.0 -9999.0 1.648885929593007 0.9831864636302605 0.8317138756545739 16.05707561256114 0.3872441001592194 -0.4485612223664355 -0.5001990655705306 
