Pedestrian 3 0 -9999.0 -9999.0 -9999.0 -9999.0 1.7332879200631797 0.867767672648839 1.0368724247718488 25.561427651713586 5.229675178661043 -0.6821154808134063 -2.059972846220738 
Pedestrian 1 0 -9999.0 -9999.0 -9999.0 -9999.0 1.807182433933786 0.4986517067846294 0.7374421860488555 15.89847441032681 -6.04105140063045 -0.3855162808816374 1.3657997391645544 
Pedestrian 400 0 -9999.0 -9999.0 -9999.0 -9999.0 1.6576667398803693 0.641454641174015 0.7418146557156398 -8.246100919630193 -10.083164962456525 5.999719283645854 -0.5518645573672725 
Pedestrian 600 0 -9999.0 -9999.0 -9999.0 -9999.0 1.7 0.6593086028985748 0.6863660936357051 -12.807436337323345 1.6186804761768174 0.19335468132142952 1.6900775383968707 
Pedestrian 555 0 -9999.0 -9999.0 -9999.0 -9999.0 1.7703999772207908 0.702090740104642 0.555502152537194 -8.736996125180214 12.021576583513022 0.22742793885651358 -0.5320549956364431 
Pedestrian 5 0 -9999.0 -9999.0 -9999.0 -9999.0 1.687681240450047 0.8003221792819292 0.7601840600327808 25.042970565757248 3.4640819403588266 -0.7852396696306077 -3.060548353853246 
Pedestrian 2 0 -9999.0 -9999.0 -9999.0 -9999.0 1.6967671071288006 0.800254612783332 0.8625922522559041 24.927790223592904 2.638589110481631 -0.7734363858905646 -3.0626625816293025 
Pedestrian 222 0 -9999.0 -9999.0 -9999.0 -9999.0 1.8613035384871213 1.30969941297626 0.8797368924650919 9.059498013671787 3.1425371399854356 -0.1300357984546945 -2.834935696678116 
Pedestrian 777 0 -9999.0 -9999.0 -9999.0 -9999.0 1.7368967650018896 0.6107271385321869 0.6527395860954398 -4.206507434650429 -13.409212090944793 0.3798957704437441 0.9024566692197231 
Pedestrian 900 0 -9999.0 -9999.0 -9999.0 -9999.0 2.005077958438257 1.07798098563525 0.7734172159753496 -6.000393389746195 -14.943039759181717 0.49677605223503335 -2.193814816173324 
Pedestrian 800 0 -9999.0 -9999.0 -9999.0 -9999.0 1.8252365418957197 0.826570797592179 0.823773242023748 -5.566383774826066 -14.602496688575918 0.40995134989278026 -2.2172381819326397 
Pedestrian 8 0 -9999.0 -9999.0 -9999.0 -9999.0 1.8043408497934996 0.9546006466454776 0.7334171808741091 18.36280315548863 0.23663087515547723 -0.48094293477488104 -0.5001895470059239 
Pedestrian 6 0 -9999.0 -9999.0 -9999.0 -9999.0 1.6942400895099394 0.8430975728940361 0.7105135749127721 18.068313640874198 0.7851829182885328 -0.510421854742533 -0.5001896181214143 
Pedestrian 7 0 -9999.0 -9999.0 -9999.0 -9999.0 1.648885929593007 0.9831864636302605 0.8317138756545739 17.57745316669529 1.083367507438818 -0.5227037908528559 -0.5001895470059239 
