Pedestrian 1 0 -9999.0 -9999.0 -9999.0 -9999.0 1.807182433933786 0.4986517067846294 0.7374421860488555 16.38663673043285 -6.132541134038523 -0.5297684360053913 -0.26757049350379347 
Pedestrian 9 0 -9999.0 -9999.0 -9999.0 -9999.0 1.7705975659206388 1.0135610373009363 0.9161041318094005 14.886080995462214 -9.09369561019134 -0.4863362543490715 -2.217432267415724 
Pedestrian 1000 0 -9999.0 -9999.0 -9999.0 -9999.0 2.0069079709977586 1.0255484448811463 0.7682304340527041 -6.004901771703348 -15.040688554610666 0.08551246432141232 -2.1969097917240603 
Pedestrian 222 0 -9999.0 -9999.0 -9999.0 -9999.0 1.8613035384871213 1.30969941297626 0.8797368924650919 18.60544291780523 6.436157443259031 2.5993553868594237 2.568106374255443 
Pedestrian 777 0 -9999.0 -9999.0 -9999.0 -9999.0 1.7368967650018896 0.6107271385321869 0.6527395860954398 -4.885465858790664 -13.703533087563521 -0.06775327525515434 -0.38637162526500646 
Pedestrian 900 0 -9999.0 -9999.0 -9999.0 -9999.0 2.005077958438257 1.07798098563525 0.7734172159753496 -4.055032401152692 -14.590609219580465 0.06579751600982714 -2.1992542536758197 
Pedestrian 800 0 -9999.0 -9999.0 -9999.0 -9999.0 1.8252365418957197 0.826570797592179 0.823773242023748 -3.5109328845055594 -13.700039062481915 -0.026261069056828165 -0.5409973452306058 
Pedestrian 8 0 -9999.0 -9999.0 -9999.0 -9999.0 1.8043408497934996 0.9546006466454776 0.7334171808741091 4.04788828714276 -8.934953219409422 -0.2088227354421032 -0.661416256521079 
Pedestrian 6 0 -9999.0 -9999.0 -9999.0 -9999.0 1.6942400895099394 0.8430975728940361 0.7105135749127721 4.136713250920338 -8.276893729000935 -0.2538456919994827 -0.6611122201653821 
Pedestrian 7 0 -9999.0 -9999.0 -9999.0 -9999.0 1.648885929593007 0.9831864636302605 0.8317138756545739 3.5187060331516826 -8.211934054203002 -0.25309869442410254 -0.6603721124278916 
