Pedestrian 1 0 -9999.0 -9999.0 -9999.0 -9999.0 1.807182433933786 0.4986517067846294 0.7374421860488555 16.41537138195798 -6.1293306676731065 -0.5086335946069181 -0.2688577579589744 
Pedestrian 9 0 -9999.0 -9999.0 -9999.0 -9999.0 1.7705975659206388 1.0135610373009363 0.9161041318094005 14.351671321218246 -8.142461167417157 -0.4884624354077569 -1.9928642995012567 
Pedestrian 10 0 -9999.0 -9999.0 -9999.0 -9999.0 1.5922854220823695 0.890969754732871 0.8850292117965785 33.665460273349495 5.828339981998969 -0.8725539782732529 2.612495879438436 
Pedestrian 1000 0 -9999.0 -9999.0 -9999.0 -9999.0 2.0069079709977586 1.0255484448811463 0.7682304340527041 -6.072295179062202 -14.958781449742775 0.09835490712289396 -2.188713261983475 
Pedestrian 222 0 -9999.0 -9999.0 -9999.0 -9999.0 1.8613035384871213 1.30969941297626 0.8797368924650919 18.21283992289581 6.3007795277884115 2.4328313713761176 2.6162001746521195 
Pedestrian 777 0 -9999.0 -9999.0 -9999.0 -9999.0 1.7368967650018896 0.6107271385321869 0.6527395860954398 -4.271420417093787 -13.32082739061515 -0.013797865922438507 -0.03117810073388405 
Pedestrian 900 0 -9999.0 -9999.0 -9999.0 -9999.0 2.005077958438257 1.07798098563525 0.7734172159753496 -4.261285134278583 -14.62540878277785 0.0912874485855104 -2.1992543093200894 
Pedestrian 800 0 -9999.0 -9999.0 -9999.0 -9999.0 1.8252365418957197 0.826570797592179 0.823773242023748 -3.4522926529354674 -13.787453231596706 0.02936780074833749 -0.5413260848108052 
Pedestrian 8 0 -9999.0 -9999.0 -9999.0 -9999.0 1.8043408497934996 0.9546006466454776 0.7334171808741091 5.049256636966747 -8.206727182341439 -0.21578930273652916 -0.6611673725697429 
Pedestrian 6 0 -9999.0 -9999.0 -9999.0 -9999.0 1.6942400895099394 0.8430975728940361 0.7105135749127721 4.979459495397356 -7.620183211835072 -0.25566500222351274 -0.6611122201653803 
Pedestrian 7 0 -9999.0 -9999.0 -9999.0 -9999.0 1.648885929593007 0.9831864636302605 0.8317138756545739 4.436953139950926 -7.473430976612864 -0.2651866427206417 -0.6610706329247691 
