Pedestrian 3 0 -9999.0 -9999.0 -9999.0 -9999.0 1.7332879200631797 0.867767672648839 1.0368724247718488 25.944415045907217 4.286587082755552 -0.7121915844294677 -2.06189427230629 
Pedestrian 1 0 -9999.0 -9999.0 -9999.0 -9999.0 1.807182433933786 0.4986517067846294 0.7374421860488555 15.860737693039608 -6.028293987804988 -0.38481932717920964 1.3657997266994535 
Pedestrian 600 0 -9999.0 -9999.0 -9999.0 -9999.0 1.7 0.6593086028985748 0.6863660936357051 -12.806096891872684 1.6419468491045381 0.25742070291224406 1.6900775921629148 
Pedestrian 555 0 -9999.0 -9999.0 -9999.0 -9999.0 1.7703999772207908 0.702090740104642 0.555502152537194 -9.086451893170805 11.991326938379771 0.2673343165295968 -0.5320549956364431 
Pedestrian 9 0 -9999.0 -9999.0 -9999.0 -9999.0 1.7705975659206388 1.0135610373009363 0.9161041318094005 20.19213138671521 2.5929016531950295 -0.5269067690777984 -0.4903647224393879 
Pedestrian 5 0 -9999.0 -9999.0 -9999.0 -9999.0 1.687681240450047 0.8003221792819292 0.7601840600327808 26.278687495122718 3.1056043917411054 -0.7540773787743735 -3.059070519495773 
Pedestrian 2 0 -9999.0 -9999.0 -9999.0 -9999.0 1.6967671071288006 0.800254612783332 0.8625922522559041 26.192971365463077 2.3353508198710524 -0.7479887002120892 -3.0626625816293025 
Pedestrian 10 0 -9999.0 -9999.0 -9999.0 -9999.0 1.5922854220823695 0.890969754732871 0.8850292117965785 17.21873323656214 1.467150705105406 -0.49844969545112255 2.5890468942154676 
Pedestrian 222 0 -9999.0 -9999.0 -9999.0 -9999.0 1.8613035384871213 1.30969941297626 0.8797368924650919 10.118516527918462 3.0792947313115473 -0.1252765375852084 -3.0694964611266986 
Pedestrian 777 0 -9999.0 -9999.0 -9999.0 -9999.0 1.7368967650018896 0.6107271385321869 0.6527395860954398 -4.20574604788591 -13.413189829328443 0.37744966009937725 0.9026014947945011 
Pedestrian 900 0 -9999.0 -9999.0 -9999.0 -9999.0 2.005077958438257 1.07798098563525 0.7734172159753496 -6.047213042187975 -14.948859806611136 0.32151330438928505 -2.193814816173324 
Pedestrian 800 0 -9999.0 -9999.0 -9999.0 -9999.0 1.8252365418957197 0.826570797592179 0.823773242023748 -5.525996548704384 -14.72749720978007 0.27487568161810827 -2.224347836528482 
Pedestrian 8 0 -9999.0 -9999.0 -9999.0 -9999.0 1.8043408497934996 0.9546006466454776 0.7334171808741091 17.449272847185227 -0.2141057452208081 -0.4471814585654283 -0.5001733087695559 
Pedestrian 6 0 -9999.0 -9999.0 -9999.0 -9999.0 1.6942400895099394 0.8430975728940361 0.7105135749127721 17.203302378692804 0.36816025406265995 -0.4824456986332776 -0.5001933769581157 
Pedestrian 7 0 -9999.0 -9999.0 -9999.0 -9999.0 1.648885929593007 0.9831864636302605 0.8317138756545739 16.46137747503564 0.4804356479135252 -0.4856692782965417 -0.5001932020715056 
