Pedestrian 11 0 -9999.0 -9999.0 -9999.0 -9999.0 1.6916927201964427 0.6038848211313681 0.678453127707127 28.0305176716722 11.930924969599433 6.059023754191311 2.550190454545392 
Pedestrian 1 0 -9999.0 -9999.0 -9999.0 -9999.0 1.807182433933786 0.4986517067846294 0.7374421860488555 16.374865829775338 -6.181965936909662 -0.4500250131446764 -0.26604647200095144 
Pedestrian 9 0 -9999.0 -9999.0 -9999.0 -9999.0 1.7705975659206388 1.0135610373009363 0.9161041318094005 13.632633945410726 -5.794758972210833 -0.440918584811714 -1.8019606483654904 
Pedestrian 10 0 -9999.0 -9999.0 -9999.0 -9999.0 1.5922854220823695 0.890969754732871 0.8850292117965785 31.610121582595657 4.371780475818682 -1.0313965279369868 2.614580842686248 
Pedestrian 1000 0 -9999.0 -9999.0 -9999.0 -9999.0 2.0069079709977586 1.0255484448811463 0.7682304340527041 -5.843690584398144 -15.072578318615241 0.10999086233089857 -2.193794281075146 
Pedestrian 222 0 -9999.0 -9999.0 -9999.0 -9999.0 1.8613035384871213 1.30969941297626 0.8797368924650919 17.644285301696257 5.761815173882417 1.9139049500579033 2.4059773359932812 
Pedestrian 777 0 -9999.0 -9999.0 -9999.0 -9999.0 1.7368967650018896 0.6107271385321869 0.6527395860954398 -3.9875363379258664 -13.440876544721098 -0.008061902012688627 0.8823170512648968 
Pedestrian 900 0 -9999.0 -9999.0 -9999.0 -9999.0 2.005077958438257 1.07798098563525 0.7734172159753496 -4.670390080598379 -14.245507169450077 0.08014831894465432 -2.715274684364852 
Pedestrian 800 0 -9999.0 -9999.0 -9999.0 -9999.0 1.8252365418957197 0.826570797592179 0.823773242023748 -3.4424543467875925 -13.996894247141455 0.0022661027971811465 -1.5273337075906355 
Pedestrian 8 0 -9999.0 -9999.0 -9999.0 -9999.0 1.8043408497934996 0.9546006466454776 0.7334171808741091 7.125089228683712 -6.836183225392508 -0.2524940128150394 -0.6612313427029903 
Pedestrian 6 0 -9999.0 -9999.0 -9999.0 -9999.0 1.6942400895099394 0.8430975728940361 0.7105135749127721 6.979483914544418 -6.0108890217358155 -0.29839689945872117 -0.6611122201653821 
Pedestrian 7 0 -9999.0 -9999.0 -9999.0 -9999.0 1.648885929593007 0.9831864636302605 0.8317138756545739 6.27926496281133 -6.127664991891681 -0.300131799670201 -0.6611121730809977 
