Pedestrian 1 0 -9999.0 -9999.0 -9999.0 -9999.0 1.807182433933786 0.4986517067846294 0.7374421860488555 16.38774411697514 -6.165173377783884 -0.4721217830814932 -0.26825633782836533 
Pedestrian 9 0 -9999.0 -9999.0 -9999.0 -9999.0 1.7705975659206388 1.0135610373009363 0.9161041318094005 14.068173143025543 -7.3515678307013 -0.5003989678859458 -1.8049152045572363 
Pedestrian 10 0 -9999.0 -9999.0 -9999.0 -9999.0 1.5922854220823695 0.890969754732871 0.8850292117965785 33.029665889476 5.188998815571926 -0.9196725060056268 2.612886335389536 
Pedestrian 1000 0 -9999.0 -9999.0 -9999.0 -9999.0 2.0069079709977586 1.0255484448811463 0.7682304340527041 -6.017379145521956 -14.90728200062249 0.14230533103895612 -2.193814816173324 
Pedestrian 222 0 -9999.0 -9999.0 -9999.0 -9999.0 1.8613035384871213 1.30969941297626 0.8797368924650919 17.877515033908146 6.102225735204398 2.2146781989644864 2.3861756544906267 
Pedestrian 777 0 -9999.0 -9999.0 -9999.0 -9999.0 1.7368967650018896 0.6107271385321869 0.6527395860954398 -4.061876267473476 -13.262682347447278 0.03440648497351911 1.0614199545629548 
Pedestrian 900 0 -9999.0 -9999.0 -9999.0 -9999.0 2.005077958438257 1.07798098563525 0.7734172159753496 -4.245846582187551 -14.28219919792866 0.1528190690631205 -2.1992543093200894 
Pedestrian 800 0 -9999.0 -9999.0 -9999.0 -9999.0 1.8252365418957197 0.826570797592179 0.823773242023748 -3.4719954718529302 -13.86217064219691 0.07872327855409522 -0.5413260848108052 
Pedestrian 8 0 -9999.0 -9999.0 -9999.0 -9999.0 1.8043408497934996 0.9546006466454776 0.7334171808741091 5.7917435383971965 -7.802676250625285 -0.23883935132965126 -0.6611889276272311 
Pedestrian 6 0 -9999.0 -9999.0 -9999.0 -9999.0 1.6942400895099394 0.8430975728940361 0.7105135749127721 5.646552127093255 -7.067093997648513 -0.28735536127337563 -0.6611122201653821 
Pedestrian 7 0 -9999.0 -9999.0 -9999.0 -9999.0 1.648885929593007 0.9831864636302605 0.8317138756545739 5.121083905426737 -6.938484143895931 -0.3007609831207706 -0.6611262909973998 
