Pedestrian 3 0 -9999.0 -9999.0 -9999.0 -9999.0 1.7332879200631797 0.867767672648839 1.0368724247718488 26.201140096729127 3.8399909186313708 -0.7259130773686928 -2.093878283913103 
Pedestrian 1 0 -9999.0 -9999.0 -9999.0 -9999.0 1.807182433933786 0.4986517067846294 0.7374421860488555 15.859329674153528 -6.020036563509486 -0.37340870770775453 1.3657997266994535 
Pedestrian 600 0 -9999.0 -9999.0 -9999.0 -9999.0 1.7 0.6593086028985748 0.6863660936357051 -12.81281184530996 1.5915845920999578 0.3447027878219807 1.6900776146936405 
Pedestrian 555 0 -9999.0 -9999.0 -9999.0 -9999.0 1.7703999772207908 0.702090740104642 0.555502152537194 -9.243628869886548 11.746847717379351 0.2701443010019912 -0.5320549956364431 
Pedestrian 9 0 -9999.0 -9999.0 -9999.0 -9999.0 1.7705975659206388 1.0135610373009363 0.9161041318094005 19.575175205931323 2.133342581294783 -0.5376803575789333 -0.4901893774174617 
Pedestrian 5 0 -9999.0 -9999.0 -9999.0 -9999.0 1.687681240450047 0.8003221792819292 0.7601840600327808 26.85337201435461 2.9702460766273004 -0.7376689274283909 -3.059070519495773 
Pedestrian 2 0 -9999.0 -9999.0 -9999.0 -9999.0 1.6967671071288006 0.800254612783332 0.8625922522559041 26.879068955772123 2.23584932503154 -0.7421944554625267 -3.0810899551218345 
Pedestrian 10 0 -9999.0 -9999.0 -9999.0 -9999.0 1.5922854220823695 0.890969754732871 0.8850292117965785 18.36274787754133 1.990703687682395 -0.5131479542585067 2.5890468942154676 
Pedestrian 222 0 -9999.0 -9999.0 -9999.0 -9999.0 1.8613035384871213 1.30969941297626 0.8797368924650919 10.764775297735499 3.059278688872186 -0.15034403536301427 3.056937668524567 
Pedestrian 777 0 -9999.0 -9999.0 -9999.0 -9999.0 1.7368967650018896 0.6107271385321869 0.6527395860954398 -4.207251195077451 -13.411817148603989 0.3260030954702249 0.9025260014092149 
Pedestrian 900 0 -9999.0 -9999.0 -9999.0 -9999.0 2.005077958438257 1.07798098563525 0.7734172159753496 -6.056579298869595 -14.983014304526776 0.45193638412183895 -2.193822888851324 
Pedestrian 800 0 -9999.0 -9999.0 -9999.0 -9999.0 1.8252365418957197 0.826570797592179 0.823773242023748 -5.450738667130987 -14.586755745169771 0.36961981726932747 -2.217238194882251 
Pedestrian 8 0 -9999.0 -9999.0 -9999.0 -9999.0 1.8043408497934996 0.9546006466454776 0.7334171808741091 16.89662638904558 -0.47166178135049386 -0.3939437051609131 -0.5001554928989584 
Pedestrian 6 0 -9999.0 -9999.0 -9999.0 -9999.0 1.6942400895099394 0.8430975728940361 0.7105135749127721 16.650407481009356 0.1415671315300593 -0.42498904000769394 -0.5001975891569455 
Pedestrian 7 0 -9999.0 -9999.0 -9999.0 -9999.0 1.648885929593007 0.9831864636302605 0.8317138756545739 15.869516605316756 0.32661506869470963 -0.4314323297479516 -0.5001972122027993 
