Pedestrian 3 0 -9999.0 -9999.0 -9999.0 -9999.0 1.7332879200631797 0.867767672648839 1.0368724247718488 28.350412331574553 2.8842451968937155 -0.8218020042719039 2.975382784402891 
Pedestrian 1 0 -9999.0 -9999.0 -9999.0 -9999.0 1.807182433933786 0.4986517067846294 0.7374421860488555 15.847591024956353 -6.088150991216059 -0.4153743474361542 1.1333865186350351 
Pedestrian 600 0 -9999.0 -9999.0 -9999.0 -9999.0 1.7 0.6593086028985748 0.6863660936357051 -12.81158498125392 1.6054571425576047 0.2401306943646244 1.6900775807013524 
Pedestrian 555 0 -9999.0 -9999.0 -9999.0 -9999.0 1.7703999772207908 0.702090740104642 0.555502152537194 -9.938488231351938 11.22147977079625 0.3159447495832647 -0.5320549956364431 
Pedestrian 9 0 -9999.0 -9999.0 -9999.0 -9999.0 1.7705975659206388 1.0135610373009363 0.9161041318094005 16.745230264497696 0.8359294448052931 -0.4350102191529874 -0.4900975762276296 
Pedestrian 5 0 -9999.0 -9999.0 -9999.0 -9999.0 1.687681240450047 0.8003221792819292 0.7601840600327808 30.294504470443087 3.8215296033717867 -0.8658041680824778 2.6958569476242413 
Pedestrian 2 0 -9999.0 -9999.0 -9999.0 -9999.0 1.6967671071288006 0.800254612783332 0.8625922522559041 29.93715931680666 3.103552606854575 -0.8730747370391759 2.701738391774663 
Pedestrian 10 0 -9999.0 -9999.0 -9999.0 -9999.0 1.5922854220823695 0.890969754732871 0.8850292117965785 22.08162769796253 2.633927448994094 -0.7149388405830305 3.0896444992005083 
Pedestrian 222 0 -9999.0 -9999.0 -9999.0 -9999.0 1.8613035384871213 1.30969941297626 0.8797368924650919 13.390686926861168 3.9312971807055908 0.06776626854660996 2.7030636347814223 
Pedestrian 777 0 -9999.0 -9999.0 -9999.0 -9999.0 1.7368967650018896 0.6107271385321869 0.6527395860954398 -4.17822797886739 -13.467391778570002 0.15173767177892325 0.9035683432434434 
Pedestrian 900 0 -9999.0 -9999.0 -9999.0 -9999.0 2.005077958438257 1.07798098563525 0.7734172159753496 -6.068634979118157 -14.921376675691992 0.2180256133129979 -2.1938894938584657 
Pedestrian 800 0 -9999.0 -9999.0 -9999.0 -9999.0 1.8252365418957197 0.826570797592179 0.823773242023748 -5.558109933935029 -14.621735659846404 0.12326472999180148 -2.2168983105507465 
Pedestrian 8 0 -9999.0 -9999.0 -9999.0 -9999.0 1.8043408497934996 0.9546006466454776 0.7334171808741091 14.46980499586779 -1.5789867614760065 -0.33380133870353595 -0.5001895470059239 
Pedestrian 6 0 -9999.0 -9999.0 -9999.0 -9999.0 1.6942400895099394 0.8430975728940361 0.7105135749127721 13.788425757123228 -0.9570765549264538 -0.35881545814926386 -0.5001895470059239 
Pedestrian 7 0 -9999.0 -9999.0 -9999.0 -9999.0 1.648885929593007 0.9831864636302605 0.8317138756545739 13.149892225166123 -0.6367903636272265 -0.3623821691839997 -0.5001895470059239 
