Pedestrian 1 0 -9999.0 -9999.0 -9999.0 -9999.0 1.807182433933786 0.4986517067846294 0.7374421860488555 16.443469058326514 -6.117953987192967 -0.5272711834083593 -0.26895371723361805 
Pedestrian 9 0 -9999.0 -9999.0 -9999.0 -9999.0 1.7705975659206388 1.0135610373009363 0.9161041318094005 14.291199614238991 -7.937618113970333 -0.4875735200352354 -1.8751552616444656 
Pedestrian 10 0 -9999.0 -9999.0 -9999.0 -9999.0 1.5922854220823695 0.890969754732871 0.8850292117965785 33.644100237800096 5.803190874727009 -0.8788059750275652 2.612482996394391 
Pedestrian 1000 0 -9999.0 -9999.0 -9999.0 -9999.0 2.0069079709977586 1.0255484448811463 0.7682304340527041 -5.982390921331929 -15.02485397978089 0.13599303268669768 -2.190066586474993 
Pedestrian 222 0 -9999.0 -9999.0 -9999.0 -9999.0 1.8613035384871213 1.30969941297626 0.8797368924650919 18.119219243233434 6.282885278289865 2.3938432664586395 2.588753404809996 
Pedestrian 777 0 -9999.0 -9999.0 -9999.0 -9999.0 1.7368967650018896 0.6107271385321869 0.6527395860954398 -4.205735439976029 -13.281938827191738 0.013873001966254208 0.2556947786038828 
Pedestrian 900 0 -9999.0 -9999.0 -9999.0 -9999.0 2.005077958438257 1.07798098563525 0.7734172159753496 -4.314182241541905 -14.592427399169624 0.11350956557696773 -2.198515986627898 
Pedestrian 800 0 -9999.0 -9999.0 -9999.0 -9999.0 1.8252365418957197 0.826570797592179 0.823773242023748 -3.39093565005777 -13.761172351813162 0.05208074909198307 -0.5398521325544188 
Pedestrian 8 0 -9999.0 -9999.0 -9999.0 -9999.0 1.8043408497934996 0.9546006466454776 0.7334171808741091 5.246136474959223 -8.075915481975311 -0.22042839293825267 -0.6611234405688151 
Pedestrian 6 0 -9999.0 -9999.0 -9999.0 -9999.0 1.6942400895099394 0.8430975728940361 0.7105135749127721 5.136632808614336 -7.485907325806266 -0.2632341874591851 -0.6611122201653821 
Pedestrian 7 0 -9999.0 -9999.0 -9999.0 -9999.0 1.648885929593007 0.9831864636302605 0.8317138756545739 4.657359577779452 -7.297101837658669 -0.27185767440923125 -0.6610898499584774 
