Pedestrian 1 0 -9999.0 -9999.0 -9999.0 -9999.0 1.807182433933786 0.4986517067846294 0.7374421860488555 16.388424963949834 -6.158460578327937 -0.5743650354872234 -0.26736821830060364 
Pedestrian 9 0 -9999.0 -9999.0 -9999.0 -9999.0 1.7705975659206388 1.0135610373009363 0.9161041318094005 15.726481795521044 -10.078072652124446 -0.6526752855943084 -2.2190168469733464 
Pedestrian 1000 0 -9999.0 -9999.0 -9999.0 -9999.0 2.0069079709977586 1.0255484448811463 0.7682304340527041 -5.9707477768322725 -15.037225752895068 0.12299457263603215 -2.1970224257109443 
Pedestrian 222 0 -9999.0 -9999.0 -9999.0 -9999.0 1.8613035384871213 1.30969941297626 0.8797368924650919 19.075927011514665 6.50869285864031 2.8742136981001103 2.6872128702606766 
Pedestrian 900 0 -9999.0 -9999.0 -9999.0 -9999.0 2.005077958438257 1.07798098563525 0.7734172159753496 -4.1586623008117405 -14.696069285409667 0.042913709354189526 -2.2005802204384626 
Pedestrian 800 0 -9999.0 -9999.0 -9999.0 -9999.0 1.8252365418957197 0.826570797592179 0.823773242023748 -3.58235634500208 -13.631792272419426 -0.04086477683347489 -0.5413260848108052 
Pedestrian 8 0 -9999.0 -9999.0 -9999.0 -9999.0 1.8043408497934996 0.9546006466454776 0.7334171808741091 2.9744717913457754 -9.626137658661655 -0.18980001579382058 -0.6325284394066948 
Pedestrian 6 0 -9999.0 -9999.0 -9999.0 -9999.0 1.6942400895099394 0.8430975728940361 0.7105135749127721 3.210567745578404 -9.009962929564196 -0.24392048934153057 -0.6325284380117076 
Pedestrian 7 0 -9999.0 -9999.0 -9999.0 -9999.0 1.648885929593007 0.9831864636302605 0.8317138756545739 2.4579602040049355 -9.04360982482936 -0.2484388896270656 -0.6325284394066948 
Pedestrian 777 0 -9999.0 -9999.0 -9999.0 -9999.0 1.7368967650018896 0.6107271385321869 0.6527395860954398 -6.043125821122303 -14.047730760157217 0.04775445532333976 -0.0070696306681288235 
