Pedestrian 1 0 -9999.0 -9999.0 -9999.0 -9999.0 1.807182433933786 0.4986517067846294 0.7374421860488555 16.3557060258674 -6.161773196564957 -0.41888794415865904 -0.19090533531361586 
Pedestrian 9 0 -9999.0 -9999.0 -9999.0 -9999.0 1.7705975659206388 1.0135610373009363 0.9161041318094005 13.221084128398992 -3.8597355072792343 -0.412030412485462 -1.7785756940959807 
Pedestrian 10 0 -9999.0 -9999.0 -9999.0 -9999.0 1.5922854220823695 0.890969754732871 0.8850292117965785 29.79199042491324 3.381398185166898 -0.7630529513974675 2.857662218410237 
Pedestrian 1000 0 -9999.0 -9999.0 -9999.0 -9999.0 2.0069079709977586 1.0255484448811463 0.7682304340527041 -6.077081166559651 -15.026560515157598 0.047760563593971184 -2.193814816173324 
Pedestrian 222 0 -9999.0 -9999.0 -9999.0 -9999.0 1.8613035384871213 1.30969941297626 0.8797368924650919 16.29133469032636 5.114558853635917 1.4591923875893682 2.6357681776843442 
Pedestrian 777 0 -9999.0 -9999.0 -9999.0 -9999.0 1.7368967650018896 0.6107271385321869 0.6527395860954398 -4.0780030253541515 -13.176449694084166 -0.060667741584648494 0.8978255930930921 
Pedestrian 900 0 -9999.0 -9999.0 -9999.0 -9999.0 2.005077958438257 1.07798098563525 0.7734172159753496 -5.420331643824896 -14.383106188820484 -0.013069449739451122 -2.6113788021805604 
Pedestrian 800 0 -9999.0 -9999.0 -9999.0 -9999.0 1.8252365418957197 0.826570797592179 0.823773242023748 -3.5610767683395332 -14.013468214278653 -0.08247254471050969 -2.988687181101442 
Pedestrian 8 0 -9999.0 -9999.0 -9999.0 -9999.0 1.8043408497934996 0.9546006466454776 0.7334171808741091 8.790599868117901 -5.365714173793708 -0.28121094232289356 -0.6611673725697429 
Pedestrian 6 0 -9999.0 -9999.0 -9999.0 -9999.0 1.6942400895099394 0.8430975728940361 0.7105135749127721 8.546413726625875 -4.70761830640363 -0.3106140668005685 -0.6611122201653821 
Pedestrian 7 0 -9999.0 -9999.0 -9999.0 -9999.0 1.648885929593007 0.9831864636302605 0.8317138756545739 7.962276677866003 -4.675058518009575 -0.3153211274431085 -0.6611122201653821 
