Pedestrian 3 0 -9999.0 -9999.0 -9999.0 -9999.0 1.7332879200631797 0.867767672648839 1.0368724247718488 29.566069335592786 3.1236197108382653 -0.8435499057461678 2.8802482522706505 
Pedestrian 1 0 -9999.0 -9999.0 -9999.0 -9999.0 1.807182433933786 0.4986517067846294 0.7374421860488555 15.931146243811398 -6.0586210182857565 -0.4187022441977747 1.1070623445400027 
Pedestrian 9 0 -9999.0 -9999.0 -9999.0 -9999.0 1.7705975659206388 1.0135610373009363 0.9161041318094005 15.38660433110165 0.027696859580837993 -0.4132003452917708 -0.4901035423719087 
Pedestrian 5 0 -9999.0 -9999.0 -9999.0 -9999.0 1.687681240450047 0.8003221792819292 0.7601840600327808 30.98182229967024 4.448891121344082 -0.8594159336992793 2.613020562287936 
Pedestrian 2 0 -9999.0 -9999.0 -9999.0 -9999.0 1.6967671071288006 0.800254612783332 0.8625922522559041 31.16635166478154 3.691677932792119 -0.8604167168531756 2.613020562287936 
Pedestrian 10 0 -9999.0 -9999.0 -9999.0 -9999.0 1.5922854220823695 0.890969754732871 0.8850292117965785 24.214002852195097 2.6199588312177924 -0.7213515512301811 3.1079710468131196 
Pedestrian 222 0 -9999.0 -9999.0 -9999.0 -9999.0 1.8613035384871213 1.30969941297626 0.8797368924650919 14.045428682718855 4.165258453933687 0.45844569837984034 2.605441321863914 
Pedestrian 777 0 -9999.0 -9999.0 -9999.0 -9999.0 1.7368967650018896 0.6107271385321869 0.6527395860954398 -4.25010833610532 -13.342568818485885 0.1837087777560286 0.9012098049493904 
Pedestrian 900 0 -9999.0 -9999.0 -9999.0 -9999.0 2.005077958438257 1.07798098563525 0.7734172159753496 -6.069418119298027 -14.959408436701432 0.31211073039833886 -2.1935468956639923 
Pedestrian 800 0 -9999.0 -9999.0 -9999.0 -9999.0 1.8252365418957197 0.826570797592179 0.823773242023748 -5.407574711776467 -14.483774593563165 0.19971997986061413 -2.2176480992385237 
Pedestrian 8 0 -9999.0 -9999.0 -9999.0 -9999.0 1.8043408497934996 0.9546006466454776 0.7334171808741091 12.926470801304893 -2.350918747280711 -0.3008889587368283 -0.5682792044493539 
Pedestrian 6 0 -9999.0 -9999.0 -9999.0 -9999.0 1.6942400895099394 0.8430975728940361 0.7105135749127721 12.521221927611212 -1.8021932511657124 -0.3327766822669521 -0.5682792044493539 
Pedestrian 7 0 -9999.0 -9999.0 -9999.0 -9999.0 1.648885929593007 0.9831864636302605 0.8317138756545739 11.75510446763176 -1.5876751410529344 -0.3379158283677173 -0.5682792044493539 
