Pedestrian 1 0 -9999.0 -9999.0 -9999.0 -9999.0 1.807182433933786 0.4986517067846294 0.7374421860488555 16.187020059478638 -6.019864334857113 -0.4314930322204364 -0.19090528263950013 
Pedestrian 9 0 -9999.0 -9999.0 -9999.0 -9999.0 1.7705975659206388 1.0135610373009363 0.9161041318094005 13.229099017780792 -3.0866862479643666 -0.4062415375342683 -1.289667114534037 
Pedestrian 10 0 -9999.0 -9999.0 -9999.0 -9999.0 1.5922854220823695 0.890969754732871 0.8850292117965785 28.940343278458034 3.00905869612336 -0.9130826474104785 2.955582278153493 
Pedestrian 1000 0 -9999.0 -9999.0 -9999.0 -9999.0 2.0069079709977586 1.0255484448811463 0.7682304340527041 -6.211428257808928 -14.80111604278529 0.05618143918746321 -2.193814816173324 
Pedestrian 222 0 -9999.0 -9999.0 -9999.0 -9999.0 1.8613035384871213 1.30969941297626 0.8797368924650919 15.906500739402615 4.917870391420848 1.3899223685659141 2.7051102422755395 
Pedestrian 777 0 -9999.0 -9999.0 -9999.0 -9999.0 1.7368967650018896 0.6107271385321869 0.6527395860954398 -4.083755860740855 -13.116197802255517 -0.14361538896148865 0.9092115382101369 
Pedestrian 900 0 -9999.0 -9999.0 -9999.0 -9999.0 2.005077958438257 1.07798098563525 0.7734172159753496 -5.741174717094663 -14.273021214570795 0.03645366098203262 -2.193814816173324 
Pedestrian 800 0 -9999.0 -9999.0 -9999.0 -9999.0 1.8252365418957197 0.826570797592179 0.823773242023748 -4.0266478744185354 -14.150161826677083 -0.05025038022286918 3.072468718441801 
Pedestrian 8 0 -9999.0 -9999.0 -9999.0 -9999.0 1.8043408497934996 0.9546006466454776 0.7334171808741091 9.531417332975753 -4.727827385914339 -0.28787371081705515 -0.6610469232070528 
Pedestrian 6 0 -9999.0 -9999.0 -9999.0 -9999.0 1.6942400895099394 0.8430975728940361 0.7105135749127721 9.254233138521766 -4.191783471917018 -0.3224892018028959 -0.6611122201653821 
Pedestrian 7 0 -9999.0 -9999.0 -9999.0 -9999.0 1.648885929593007 0.9831864636302605 0.8317138756545739 8.656069128981994 -4.099738111403078 -0.33732594490869616 -0.6609887288973866 
