Pedestrian 3 0 -9999.0 -9999.0 -9999.0 -9999.0 1.7332879200631797 0.867767672648839 1.0368724247718488 26.39810043924598 3.548396961650875 -0.7296612395502285 -2.3335304698172425 
Pedestrian 1 0 -9999.0 -9999.0 -9999.0 -9999.0 1.807182433933786 0.4986517067846294 0.7374421860488555 15.857917222969665 -6.00873238003997 -0.38277646265674525 1.2181806632507808 
Pedestrian 600 0 -9999.0 -9999.0 -9999.0 -9999.0 1.7 0.6593086028985748 0.6863660936357051 -12.81621643148593 1.5658205348039724 0.3663960652201166 1.6900776228156573 
Pedestrian 555 0 -9999.0 -9999.0 -9999.0 -9999.0 1.7703999772207908 0.702090740104642 0.555502152537194 -9.372976689927432 11.65415258973151 0.23218073327140173 -0.5320549956364431 
Pedestrian 9 0 -9999.0 -9999.0 -9999.0 -9999.0 1.7705975659206388 1.0135610373009363 0.9161041318094005 19.30003503974646 1.8029602855165625 -0.5073609559914358 -0.49016307937834824 
Pedestrian 5 0 -9999.0 -9999.0 -9999.0 -9999.0 1.687681240450047 0.8003221792819292 0.7601840600327808 27.378743996113084 2.948011386110811 -0.7540977613024461 -3.0787726376341293 
Pedestrian 2 0 -9999.0 -9999.0 -9999.0 -9999.0 1.6967671071288006 0.800254612783332 0.8625922522559041 27.35780599774032 2.2302676621469115 -0.7605879312720716 -3.081885226235654 
Pedestrian 10 0 -9999.0 -9999.0 -9999.0 -9999.0 1.5922854220823695 0.890969754732871 0.8850292117965785 18.85422619345258 2.313381044588092 -0.5701273870093844 2.647501444066318 
Pedestrian 222 0 -9999.0 -9999.0 -9999.0 -9999.0 1.8613035384871213 1.30969941297626 0.8797368924650919 11.358520496680406 3.111988301190587 -0.15727514773034945 2.891154088721464 
Pedestrian 777 0 -9999.0 -9999.0 -9999.0 -9999.0 1.7368967650018896 0.6107271385321869 0.6527395860954398 -4.212121529123063 -13.40454899542202 0.28416882087238804 0.9023624297390382 
Pedestrian 900 0 -9999.0 -9999.0 -9999.0 -9999.0 2.005077958438257 1.07798098563525 0.7734172159753496 -6.058037648385084 -15.001822760762186 0.3999626029588298 -2.1938258891044278 
Pedestrian 800 0 -9999.0 -9999.0 -9999.0 -9999.0 1.8252365418957197 0.826570797592179 0.823773242023748 -5.478529383785474 -14.506068933077863 0.30554539908593903 -2.218940157993398 
Pedestrian 8 0 -9999.0 -9999.0 -9999.0 -9999.0 1.8043408497934996 0.9546006466454776 0.7334171808741091 16.480395673418613 -0.6334417826679339 -0.37456357206763335 -0.5002532344602155 
Pedestrian 6 0 -9999.0 -9999.0 -9999.0 -9999.0 1.6942400895099394 0.8430975728940361 0.7105135749127721 16.212104609958406 -0.02071395389873594 -0.4076596496822573 -0.5001748466523033 
Pedestrian 7 0 -9999.0 -9999.0 -9999.0 -9999.0 1.648885929593007 0.9831864636302605 0.8317138756545739 15.476550782213254 0.19545194565912624 -0.40812567602519634 -0.500175539462564 
