Pedestrian 3 0 -9999.0 -9999.0 -9999.0 -9999.0 1.7332879200631797 0.867767672648839 1.0368724247718488 26.813854862943856 3.282121412917372 -0.7265301520016488 -2.876481417610062 
Pedestrian 1 0 -9999.0 -9999.0 -9999.0 -9999.0 1.807182433933786 0.4986517067846294 0.7374421860488555 15.86452195412504 -6.023683387464589 -0.3852137766656651 1.159422222099833 
Pedestrian 600 0 -9999.0 -9999.0 -9999.0 -9999.0 1.7 0.6593086028985748 0.6863660936357051 -12.81860018943273 1.5482810285233293 0.34891727689699625 1.690077625120626 
Pedestrian 555 0 -9999.0 -9999.0 -9999.0 -9999.0 1.7703999772207908 0.702090740104642 0.555502152537194 -9.566332675564066 11.558518395981274 0.24784830418257803 -0.5320549956364431 
Pedestrian 9 0 -9999.0 -9999.0 -9999.0 -9999.0 1.7705975659206388 1.0135610373009363 0.9161041318094005 18.78752471564897 1.5589317549827273 -0.503229245862005 -0.4899538686517957 
Pedestrian 5 0 -9999.0 -9999.0 -9999.0 -9999.0 1.687681240450047 0.8003221792819292 0.7601840600327808 28.11974999559557 3.0406711210215627 -0.7642392467038985 3.0600479813574992 
Pedestrian 2 0 -9999.0 -9999.0 -9999.0 -9999.0 1.6967671071288006 0.800254612783332 0.8625922522559041 28.09521870490149 2.3178729255786497 -0.7572257748860138 3.059586446850119 
Pedestrian 10 0 -9999.0 -9999.0 -9999.0 -9999.0 1.5922854220823695 0.890969754732871 0.8850292117965785 19.543610173192203 2.472099594976756 -0.6108809111377466 3.017120057702499 
Pedestrian 222 0 -9999.0 -9999.0 -9999.0 -9999.0 1.8613035384871213 1.30969941297626 0.8797368924650919 12.215346000910861 3.3351041031880087 -0.16760281597960408 2.7831921965342463 
Pedestrian 777 0 -9999.0 -9999.0 -9999.0 -9999.0 1.7368967650018896 0.6107271385321869 0.6527395860954398 -4.222738174652641 -13.388394461276194 0.2223695721236724 0.9020483608745753 
Pedestrian 900 0 -9999.0 -9999.0 -9999.0 -9999.0 2.005077958438257 1.07798098563525 0.7734172159753496 -6.065057098106461 -14.98415327944628 0.24161675545588462 -2.193814816173324 
Pedestrian 800 0 -9999.0 -9999.0 -9999.0 -9999.0 1.8252365418957197 0.826570797592179 0.823773242023748 -5.576259673426887 -14.471918209630154 0.1761117872918788 -2.217706338082392 
Pedestrian 8 0 -9999.0 -9999.0 -9999.0 -9999.0 1.8043408497934996 0.9546006466454776 0.7334171808741091 15.826568009466277 -0.8649163362828522 -0.37877821794943944 -0.5004107386841543 
Pedestrian 6 0 -9999.0 -9999.0 -9999.0 -9999.0 1.6942400895099394 0.8430975728940361 0.7105135749127721 15.618228805384136 -0.19144332564539246 -0.42257286012627393 -0.5001592212019546 
Pedestrian 7 0 -9999.0 -9999.0 -9999.0 -9999.0 1.648885929593007 0.9831864636302605 0.8317138756545739 14.831082384101492 0.04487251881275564 -0.39756187204992505 -0.5001606530231655 
