Pedestrian 1 0 -9999.0 -9999.0 -9999.0 -9999.0 1.807182433933786 0.4986517067846294 0.7374421860488555 16.381479378462778 -6.158689392469421 -0.4841214453231998 -0.26757049350379347 
Pedestrian 9 0 -9999.0 -9999.0 -9999.0 -9999.0 1.7705975659206388 1.0135610373009363 0.9161041318094005 13.977871401646466 -7.166142986177586 -0.49558384347498174 -1.8016712727755095 
Pedestrian 10 0 -9999.0 -9999.0 -9999.0 -9999.0 1.5922854220823695 0.890969754732871 0.8850292117965785 32.867337141099064 5.138611715313224 -0.9391452466274133 2.612985641672436 
Pedestrian 1000 0 -9999.0 -9999.0 -9999.0 -9999.0 2.0069079709977586 1.0255484448811463 0.7682304340527041 -5.995475559660604 -14.989209452564042 0.147554269054481 -2.193814816173324 
Pedestrian 222 0 -9999.0 -9999.0 -9999.0 -9999.0 1.8613035384871213 1.30969941297626 0.8797368924650919 17.748013477975395 6.0749842655568544 2.1466552219515984 2.376054438931913 
Pedestrian 777 0 -9999.0 -9999.0 -9999.0 -9999.0 1.7368967650018896 0.6107271385321869 0.6527395860954398 -4.033413670380571 -13.284975678745704 0.018561180962428293 1.098882779541853 
Pedestrian 900 0 -9999.0 -9999.0 -9999.0 -9999.0 2.005077958438257 1.07798098563525 0.7734172159753496 -4.265986049455495 -14.208857376860015 0.14614045609930654 -2.1992543093200894 
Pedestrian 800 0 -9999.0 -9999.0 -9999.0 -9999.0 1.8252365418957197 0.826570797592179 0.823773242023748 -3.4809756769178657 -13.872770202578453 0.0724748270414453 -0.5413260848108052 
Pedestrian 8 0 -9999.0 -9999.0 -9999.0 -9999.0 1.8043408497934996 0.9546006466454776 0.7334171808741091 6.00850862243908 -7.670657562409192 -0.2481975782727824 -0.6611673725697429 
Pedestrian 6 0 -9999.0 -9999.0 -9999.0 -9999.0 1.6942400895099394 0.8430975728940361 0.7105135749127721 5.837119458265371 -6.916683607057979 -0.2921635801585369 -0.6611122201653821 
Pedestrian 7 0 -9999.0 -9999.0 -9999.0 -9999.0 1.648885929593007 0.9831864636302605 0.8317138756545739 5.233547419334016 -6.858666888269982 -0.3078310715327012 -0.6611222998312662 
