Pedestrian 11 0 -9999.0 -9999.0 -9999.0 -9999.0 1.6916927201964427 0.6038848211313681 0.678453127707127 25.968174895418894 11.752181178684436 5.045060942034202 2.550190490486802 
Pedestrian 1 0 -9999.0 -9999.0 -9999.0 -9999.0 1.807182433933786 0.4986517067846294 0.7374421860488555 16.347952333338114 -6.159455988522504 -0.4148379542460861 -0.26757049350379347 
Pedestrian 9 0 -9999.0 -9999.0 -9999.0 -9999.0 1.7705975659206388 1.0135610373009363 0.9161041318094005 13.31484741489292 -4.2664321836155725 -0.42510493044092135 -1.8019606483654904 
Pedestrian 10 0 -9999.0 -9999.0 -9999.0 -9999.0 1.5922854220823695 0.890969754732871 0.8850292117965785 30.191033837715796 3.632331798842753 -0.7597375120122778 2.7042220567926627 
Pedestrian 1000 0 -9999.0 -9999.0 -9999.0 -9999.0 2.0069079709977586 1.0255484448811463 0.7682304340527041 -5.988608577301637 -14.826155728543199 0.08093469960796341 -2.193814816173324 
Pedestrian 222 0 -9999.0 -9999.0 -9999.0 -9999.0 1.8613035384871213 1.30969941297626 0.8797368924650919 16.490659915087626 5.172697924624267 1.5606133288784965 2.5717689059093747 
Pedestrian 777 0 -9999.0 -9999.0 -9999.0 -9999.0 1.7368967650018896 0.6107271385321869 0.6527395860954398 -4.058834789042595 -13.253555761213404 0.012534286747245701 0.8987720420273071 
Pedestrian 900 0 -9999.0 -9999.0 -9999.0 -9999.0 2.005077958438257 1.07798098563525 0.7734172159753496 -5.200889181480785 -14.359715498740572 0.08015921105890511 -2.6113788021805604 
Pedestrian 800 0 -9999.0 -9999.0 -9999.0 -9999.0 1.8252365418957197 0.826570797592179 0.823773242023748 -3.3307516286380427 -14.08349846385252 0.011350270824529933 -1.9816986648267445 
Pedestrian 8 0 -9999.0 -9999.0 -9999.0 -9999.0 1.8043408497934996 0.9546006466454776 0.7334171808741091 8.355176031971029 -5.740349278700362 -0.2681479750909816 -0.661164124613963 
Pedestrian 6 0 -9999.0 -9999.0 -9999.0 -9999.0 1.6942400895099394 0.8430975728940361 0.7105135749127721 8.172323928754004 -5.014346788520106 -0.30786907443789746 -0.6611122201653821 
Pedestrian 7 0 -9999.0 -9999.0 -9999.0 -9999.0 1.648885929593007 0.9831864636302605 0.8317138756545739 7.546760280626795 -5.086004527509188 -0.31130982113710676 -0.6611128856334787 
