Pedestrian 1 0 -9999.0 -9999.0 -9999.0 -9999.0 1.807182433933786 0.4986517067846294 0.7374421860488555 16.371644981609283 -6.154757347803529 -0.5619482637275631 -0.26730639573784565 
Pedestrian 9 0 -9999.0 -9999.0 -9999.0 -9999.0 1.7705975659206388 1.0135610373009363 0.9161041318094005 15.561648495142224 -9.9348754891287 -0.614672953653056 -2.2190168469733464 
Pedestrian 1000 0 -9999.0 -9999.0 -9999.0 -9999.0 2.0069079709977586 1.0255484448811463 0.7682304340527041 -5.9526055187913025 -15.082154888295497 0.137346714131445 -2.197518232921645 
Pedestrian 222 0 -9999.0 -9999.0 -9999.0 -9999.0 1.8613035384871213 1.30969941297626 0.8797368924650919 18.979777018005276 6.4927594467145715 2.8182649577351695 2.6953487630332553 
Pedestrian 777 0 -9999.0 -9999.0 -9999.0 -9999.0 1.7368967650018896 0.6107271385321869 0.6527395860954398 -5.956367403888533 -14.20990542447084 0.012949109048994517 -0.007069620625889783 
Pedestrian 900 0 -9999.0 -9999.0 -9999.0 -9999.0 2.005077958438257 1.07798098563525 0.7734172159753496 -4.13126742425158 -14.639470918769057 0.054860679532561775 -2.203085043975644 
Pedestrian 800 0 -9999.0 -9999.0 -9999.0 -9999.0 1.8252365418957197 0.826570797592179 0.823773242023748 -3.576657976115468 -13.626172037937028 -0.029473354771481403 -0.5411776238153312 
Pedestrian 8 0 -9999.0 -9999.0 -9999.0 -9999.0 1.8043408497934996 0.9546006466454776 0.7334171808741091 3.1619045366124023 -9.52217493934804 -0.1946276336965833 -0.6325284394066948 
Pedestrian 6 0 -9999.0 -9999.0 -9999.0 -9999.0 1.6942400895099394 0.8430975728940361 0.7105135749127721 3.4218037557679866 -8.865995125285192 -0.2485598576437274 -0.6428387101518886 
Pedestrian 7 0 -9999.0 -9999.0 -9999.0 -9999.0 1.648885929593007 0.9831864636302605 0.8317138756545739 2.614011445630812 -8.928240927900177 -0.25169363200542005 -0.6428386228970009 
