Pedestrian 3 0 -9999.0 -9999.0 -9999.0 -9999.0 1.7332879200631797 0.867767672648839 1.0368724247718488 29.873998410997775 3.3085283880268905 -0.7940537591497671 2.77222938940281 
Pedestrian 1 0 -9999.0 -9999.0 -9999.0 -9999.0 1.807182433933786 0.4986517067846294 0.7374421860488555 15.85896895247408 -6.007257162137255 -0.42633030612931144 1.0873491055748525 
Pedestrian 9 0 -9999.0 -9999.0 -9999.0 -9999.0 1.7705975659206388 1.0135610373009363 0.9161041318094005 15.048306079446892 -0.21837352629858184 -0.40219860729963663 -0.5963919700217577 
Pedestrian 5 0 -9999.0 -9999.0 -9999.0 -9999.0 1.687681240450047 0.8003221792819292 0.7601840600327808 31.25060932610673 4.626395678827638 -0.8244265324410559 2.61385840291706 
Pedestrian 2 0 -9999.0 -9999.0 -9999.0 -9999.0 1.6967671071288006 0.800254612783332 0.8625922522559041 31.511510361307984 3.8771651563981897 -0.8273377618872557 2.613374073535759 
Pedestrian 10 0 -9999.0 -9999.0 -9999.0 -9999.0 1.5922854220823695 0.890969754732871 0.8850292117965785 24.805496144212622 2.765012716046015 -0.7553015401346097 3.1103106198459045 
Pedestrian 222 0 -9999.0 -9999.0 -9999.0 -9999.0 1.8613035384871213 1.30969941297626 0.8797368924650919 14.338714287173598 4.249747712646616 0.5916630459372049 2.626885380437761 
Pedestrian 777 0 -9999.0 -9999.0 -9999.0 -9999.0 1.7368967650018896 0.6107271385321869 0.6527395860954398 -4.335831401798927 -13.184979548237205 0.16996734834012903 0.8982364957024274 
Pedestrian 900 0 -9999.0 -9999.0 -9999.0 -9999.0 2.005077958438257 1.07798098563525 0.7734172159753496 -6.095076868831761 -14.851697892931202 0.2603728576932385 -2.1934265780326427 
Pedestrian 800 0 -9999.0 -9999.0 -9999.0 -9999.0 1.8252365418957197 0.826570797592179 0.823773242023748 -5.5392977957698415 -14.558114802982086 0.16945919821786332 -2.2159507280387594 
Pedestrian 8 0 -9999.0 -9999.0 -9999.0 -9999.0 1.8043408497934996 0.9546006466454776 0.7334171808741091 12.505888913961698 -2.5981763949815897 -0.30465152602876944 -0.5681264076187045 
Pedestrian 6 0 -9999.0 -9999.0 -9999.0 -9999.0 1.6942400895099394 0.8430975728940361 0.7105135749127721 12.182745451437022 -1.9953302715755552 -0.3413794622825226 -0.5714382582671202 
Pedestrian 7 0 -9999.0 -9999.0 -9999.0 -9999.0 1.648885929593007 0.9831864636302605 0.8317138756545739 11.518241279559769 -1.8535638950001851 -0.3417789212366847 -0.568267188625434 
