Pedestrian 1 0 -9999.0 -9999.0 -9999.0 -9999.0 1.807182433933786 0.4986517067846294 0.7374421860488555 15.97630561374074 -6.111084683068624 -0.4264757901889326 0.7973740152092734 
Pedestrian 9 0 -9999.0 -9999.0 -9999.0 -9999.0 1.7705975659206388 1.0135610373009363 0.9161041318094005 13.537132474054587 -2.1244256333281237 -0.4038492176876195 -0.9751558445588557 
Pedestrian 10 0 -9999.0 -9999.0 -9999.0 -9999.0 1.5922854220823695 0.890969754732871 0.8850292117965785 27.95830463257043 2.83087861200967 -0.8503177214439058 2.9736841653483665 
Pedestrian 222 0 -9999.0 -9999.0 -9999.0 -9999.0 1.8613035384871213 1.30969941297626 0.8797368924650919 15.564985978143966 4.779663501287077 1.168995223441047 2.6559264287450404 
Pedestrian 777 0 -9999.0 -9999.0 -9999.0 -9999.0 1.7368967650018896 0.6107271385321869 0.6527395860954398 -4.051603898292549 -13.190692610390116 -0.09627064033127511 0.9188907293111424 
Pedestrian 900 0 -9999.0 -9999.0 -9999.0 -9999.0 2.005077958438257 1.07798098563525 0.7734172159753496 -5.960394283316125 -15.001724422006646 0.09547341717205424 -2.186113516233034 
Pedestrian 800 0 -9999.0 -9999.0 -9999.0 -9999.0 1.8252365418957197 0.826570797592179 0.823773242023748 -4.721544881143225 -14.150382857580295 0.02004365664025271 3.0736924727274157 
Pedestrian 8 0 -9999.0 -9999.0 -9999.0 -9999.0 1.8043408497934996 0.9546006466454776 0.7334171808741091 10.214527793863184 -4.197798234742104 -0.29928756930767253 -0.6613566834437261 
Pedestrian 6 0 -9999.0 -9999.0 -9999.0 -9999.0 1.6942400895099394 0.8430975728940361 0.7105135749127721 9.911603295006017 -3.6955723003421266 -0.33574436064361135 -0.6611122201653821 
Pedestrian 7 0 -9999.0 -9999.0 -9999.0 -9999.0 1.648885929593007 0.9831864636302605 0.8317138756545739 9.214873962765132 -3.558001383265802 -0.3436103841703117 -0.6613082950236464 
