Pedestrian 3 0 -9999.0 -9999.0 -9999.0 -9999.0 1.7332879200631797 0.867767672648839 1.0368724247718488 26.970366586063765 3.228405649190517 -0.7329275441892409 -3.0272644697834217 
Pedestrian 1 0 -9999.0 -9999.0 -9999.0 -9999.0 1.807182433933786 0.4986517067846294 0.7374421860488555 15.87322364130508 -6.033589960648355 -0.38093613137180143 1.159422222099833 
Pedestrian 600 0 -9999.0 -9999.0 -9999.0 -9999.0 1.7 0.6593086028985748 0.6863660936357051 -12.818753442838167 1.5474057769654497 0.3360118127479812 1.6900776235600912 
Pedestrian 555 0 -9999.0 -9999.0 -9999.0 -9999.0 1.7703999772207908 0.702090740104642 0.555502152537194 -9.622035395880234 11.519198462888951 0.2759897346961778 -0.5320549956364431 
Pedestrian 9 0 -9999.0 -9999.0 -9999.0 -9999.0 1.7705975659206388 1.0135610373009363 0.9161041318094005 18.45289641714677 1.3829276591422441 -0.48548169929353924 -0.4897153379439061 
Pedestrian 5 0 -9999.0 -9999.0 -9999.0 -9999.0 1.687681240450047 0.8003221792819292 0.7601840600327808 28.34240081029968 3.0894874488479185 -0.7854495579760834 3.006380949240242 
Pedestrian 2 0 -9999.0 -9999.0 -9999.0 -9999.0 1.6967671071288006 0.800254612783332 0.8625922522559041 28.323490945459326 2.3653597314588843 -0.7711632975250338 3.00638092760148 
Pedestrian 10 0 -9999.0 -9999.0 -9999.0 -9999.0 1.5922854220823695 0.890969754732871 0.8850292117965785 19.855224522071545 2.5106745809214086 -0.6122471610162853 3.0896444787885535 
Pedestrian 222 0 -9999.0 -9999.0 -9999.0 -9999.0 1.8613035384871213 1.30969941297626 0.8797368924650919 12.43574822753688 3.4080308032880113 -0.1752087409723724 2.774529852678441 
Pedestrian 777 0 -9999.0 -9999.0 -9999.0 -9999.0 1.7368967650018896 0.6107271385321869 0.6527395860954398 -4.2254385232269325 -13.3844557162836 0.20381301109980848 0.9019765733875564 
Pedestrian 900 0 -9999.0 -9999.0 -9999.0 -9999.0 2.005077958438257 1.07798098563525 0.7734172159753496 -6.066854019599605 -14.964486403508195 0.23277238776811413 -2.1938050700866043 
Pedestrian 800 0 -9999.0 -9999.0 -9999.0 -9999.0 1.8252365418957197 0.826570797592179 0.823773242023748 -5.566862163361632 -14.500789349315736 0.16750431578150038 -2.2172381819326397 
Pedestrian 8 0 -9999.0 -9999.0 -9999.0 -9999.0 1.8043408497934996 0.9546006466454776 0.7334171808741091 15.632661232258872 -0.9409778207079622 -0.3833619063869914 -0.5003710420034331 
Pedestrian 6 0 -9999.0 -9999.0 -9999.0 -9999.0 1.6942400895099394 0.8430975728940361 0.7105135749127721 15.42598086538076 -0.23825601730522755 -0.428812589238762 -0.5001895470059239 
Pedestrian 7 0 -9999.0 -9999.0 -9999.0 -9999.0 1.648885929593007 0.9831864636302605 0.8317138756545739 14.628081670387948 0.011312146930391193 -0.3967526463311796 -0.5001895470059239 
