Pedestrian 1 0 -9999.0 -9999.0 -9999.0 -9999.0 1.807182433933786 0.4986517067846294 0.7374421860488555 16.259715128384528 -6.058548370974933 -0.4382474787500421 -0.19090533531361586 
Pedestrian 9 0 -9999.0 -9999.0 -9999.0 -9999.0 1.7705975659206388 1.0135610373009363 0.9161041318094005 13.193283379763782 -3.2722815934220435 -0.41092778215914144 -1.448071275240416 
Pedestrian 10 0 -9999.0 -9999.0 -9999.0 -9999.0 1.5922854220823695 0.890969754732871 0.8850292117965785 29.16279241809052 3.0676975426585216 -0.9003951765485451 2.957477696263986 
Pedestrian 1000 0 -9999.0 -9999.0 -9999.0 -9999.0 2.0069079709977586 1.0255484448811463 0.7682304340527041 -6.153348076957726 -14.621535991657074 0.04053245971393302 -2.193814816173324 
Pedestrian 222 0 -9999.0 -9999.0 -9999.0 -9999.0 1.8613035384871213 1.30969941297626 0.8797368924650919 16.002453864079175 4.945527620356511 1.4056809062213798 2.7098313102554457 
Pedestrian 777 0 -9999.0 -9999.0 -9999.0 -9999.0 1.7368967650018896 0.6107271385321869 0.6527395860954398 -4.0870894263932795 -13.115808151010514 -0.13968317471123604 0.9057512196312487 
Pedestrian 900 0 -9999.0 -9999.0 -9999.0 -9999.0 2.005077958438257 1.07798098563525 0.7734172159753496 -5.646031618883606 -14.304678754362287 0.056783362913198625 -2.3124858979738896 
Pedestrian 800 0 -9999.0 -9999.0 -9999.0 -9999.0 1.8252365418957197 0.826570797592179 0.823773242023748 -3.8380158458476687 -14.118612543166726 -0.07682279163304456 3.12559069291461 
Pedestrian 8 0 -9999.0 -9999.0 -9999.0 -9999.0 1.8043408497934996 0.9546006466454776 0.7334171808741091 9.339166983454573 -4.881392046813051 -0.2838201192282574 -0.6611140948320475 
Pedestrian 6 0 -9999.0 -9999.0 -9999.0 -9999.0 1.6942400895099394 0.8430975728940361 0.7105135749127721 9.065668000150353 -4.319790587737861 -0.3177248809884226 -0.6611122201653821 
Pedestrian 7 0 -9999.0 -9999.0 -9999.0 -9999.0 1.648885929593007 0.9831864636302605 0.8317138756545739 8.515125494058221 -4.226830466588384 -0.33247958358258434 -0.6610581149371129 
