Pedestrian 1 0 -9999.0 -9999.0 -9999.0 -9999.0 1.807182433933786 0.4986517067846294 0.7374421860488555 16.389911225135002 -6.1519341344727225 -0.4712917303365284 -0.26604650789136386 
Pedestrian 9 0 -9999.0 -9999.0 -9999.0 -9999.0 1.7705975659206388 1.0135610373009363 0.9161041318094005 13.839039248383026 -6.8182679147730205 -0.4988281489507656 -1.8018556719002223 
Pedestrian 10 0 -9999.0 -9999.0 -9999.0 -9999.0 1.5922854220823695 0.890969754732871 0.8850292117965785 32.62795961111507 5.189370785927696 -0.9815541415641613 2.6125482761923458 
Pedestrian 1000 0 -9999.0 -9999.0 -9999.0 -9999.0 2.0069079709977586 1.0255484448811463 0.7682304340527041 -5.859022889273908 -15.079669594376847 0.08608006063612103 -2.193841498451363 
Pedestrian 222 0 -9999.0 -9999.0 -9999.0 -9999.0 1.8613035384871213 1.30969941297626 0.8797368924650919 17.65416154108045 5.988099002712711 2.0395575566345356 2.39809631479039 
Pedestrian 777 0 -9999.0 -9999.0 -9999.0 -9999.0 1.7368967650018896 0.6107271385321869 0.6527395860954398 -3.999435182983071 -13.349058712140666 -0.01993634215239378 0.9764718826147032 
Pedestrian 900 0 -9999.0 -9999.0 -9999.0 -9999.0 2.005077958438257 1.07798098563525 0.7734172159753496 -4.398488153711991 -14.15409234140952 0.09880080907619901 -2.3662784055398625 
Pedestrian 800 0 -9999.0 -9999.0 -9999.0 -9999.0 1.8252365418957197 0.826570797592179 0.823773242023748 -3.4618336514843597 -13.925730796337229 0.021011518989879546 -0.819588056878402 
Pedestrian 8 0 -9999.0 -9999.0 -9999.0 -9999.0 1.8043408497934996 0.9546006466454776 0.7334171808741091 6.410077759469914 -7.361594161884156 -0.24834531289602044 -0.6611673725697429 
Pedestrian 6 0 -9999.0 -9999.0 -9999.0 -9999.0 1.6942400895099394 0.8430975728940361 0.7105135749127721 6.235255672116714 -6.603914139804068 -0.2903714965580282 -0.6611122201653821 
Pedestrian 7 0 -9999.0 -9999.0 -9999.0 -9999.0 1.648885929593007 0.9831864636302605 0.8317138756545739 5.535151691563355 -6.6505712857590735 -0.3040107969434196 -0.6611122201653821 
