Pedestrian 3 0 -9999.0 -9999.0 -9999.0 -9999.0 1.7332879200631797 0.867767672648839 1.0368724247718488 30.53035473137973 3.930635048048805 -0.8212449265933317 2.6208218349785 
Pedestrian 1 0 -9999.0 -9999.0 -9999.0 -9999.0 1.807182433933786 0.4986517067846294 0.7374421860488555 16.084865136098873 -6.053462507074736 -0.44390306802076307 1.0479346037397157 
Pedestrian 9 0 -9999.0 -9999.0 -9999.0 -9999.0 1.7705975659206388 1.0135610373009363 0.9161041318094005 14.415962530383663 -0.9089741223975396 -0.4050020369043912 -0.9669946106126268 
Pedestrian 10 0 -9999.0 -9999.0 -9999.0 -9999.0 1.5922854220823695 0.890969754732871 0.8850292117965785 26.089568956615768 2.7281091878073562 -0.8376324549896265 -3.140190647672247 
Pedestrian 222 0 -9999.0 -9999.0 -9999.0 -9999.0 1.8613035384871213 1.30969941297626 0.8797368924650919 14.639088491672094 4.445472297051198 0.855195777123065 2.6532039208335636 
Pedestrian 777 0 -9999.0 -9999.0 -9999.0 -9999.0 1.7368967650018896 0.6107271385321869 0.6527395860954398 -4.266828404752576 -13.09678898511475 0.03123729068578944 0.8964797255734638 
Pedestrian 900 0 -9999.0 -9999.0 -9999.0 -9999.0 2.005077958438257 1.07798098563525 0.7734172159753496 -6.2675589386194135 -14.58156314833898 0.16440403105846982 -2.194569158809955 
Pedestrian 800 0 -9999.0 -9999.0 -9999.0 -9999.0 1.8252365418957197 0.826570797592179 0.823773242023748 -5.623146075822703 -14.098883969594908 0.08998346052739387 -2.2172381819326397 
Pedestrian 8 0 -9999.0 -9999.0 -9999.0 -9999.0 1.8043408497934996 0.9546006466454776 0.7334171808741091 11.54104539132422 -3.230974273601048 -0.3024311390216363 -0.5984694683915315 
Pedestrian 6 0 -9999.0 -9999.0 -9999.0 -9999.0 1.6942400895099394 0.8430975728940361 0.7105135749127721 11.236184030966518 -2.5996730805825075 -0.34784986122830047 -0.6002876609222927 
Pedestrian 7 0 -9999.0 -9999.0 -9999.0 -9999.0 1.648885929593007 0.9831864636302605 0.8317138756545739 10.452150228584804 -2.4697585583099495 -0.34330003501158846 -0.5991484147277504 
