Pedestrian 3 0 -9999.0 -9999.0 -9999.0 -9999.0 1.7332879200631797 0.867767672648839 1.0368724247718488 27.257037636277854 3.0844927722920654 -0.7722837929416735 3.078487288084503 
Pedestrian 1 0 -9999.0 -9999.0 -9999.0 -9999.0 1.807182433933786 0.4986517067846294 0.7374421860488555 15.894159434818189 -6.051251586659455 -0.3787610417594014 1.159422222099833 
Pedestrian 600 0 -9999.0 -9999.0 -9999.0 -9999.0 1.7 0.6593086028985748 0.6863660936357051 -12.818229391836052 1.5520900550858006 0.3089316426004172 1.6900776174449508 
Pedestrian 555 0 -9999.0 -9999.0 -9999.0 -9999.0 1.7703999772207908 0.702090740104642 0.555502152537194 -9.721138772224753 11.416942404128744 0.3160499651144969 -0.5320549956364431 
Pedestrian 9 0 -9999.0 -9999.0 -9999.0 -9999.0 1.7705975659206388 1.0135610373009363 0.9161041318094005 18.065431298572296 1.2384295976310356 -0.47198240559175225 -0.4896627942894245 
Pedestrian 5 0 -9999.0 -9999.0 -9999.0 -9999.0 1.687681240450047 0.8003221792819292 0.7601840600327808 28.86793215910603 3.1913412503721035 -0.8171330551633622 2.9201669964442623 
Pedestrian 2 0 -9999.0 -9999.0 -9999.0 -9999.0 1.6967671071288006 0.800254612783332 0.8625922522559041 28.72735747462155 2.496141496317195 -0.8000634872550265 3.1392358940262017 
Pedestrian 10 0 -9999.0 -9999.0 -9999.0 -9999.0 1.5922854220823695 0.890969754732871 0.8850292117965785 20.246514908514612 2.5780964756459412 -0.6447765019121753 3.0827138786097663 
Pedestrian 222 0 -9999.0 -9999.0 -9999.0 -9999.0 1.8613035384871213 1.30969941297626 0.8797368924650919 12.746076880223535 3.550164031787868 -0.19691301947485082 2.7322235275333124 
Pedestrian 777 0 -9999.0 -9999.0 -9999.0 -9999.0 1.7368967650018896 0.6107271385321869 0.6527395860954398 -4.226910109320673 -13.383156040727517 0.17262230633249478 0.9019613790163206 
Pedestrian 900 0 -9999.0 -9999.0 -9999.0 -9999.0 2.005077958438257 1.07798098563525 0.7734172159753496 -6.0930773844384465 -14.882495790115978 0.23061147758528694 -2.1937849819578226 
Pedestrian 800 0 -9999.0 -9999.0 -9999.0 -9999.0 1.8252365418957197 0.826570797592179 0.823773242023748 -5.468854155354285 -14.605808810277543 0.11648131267420522 -2.217127998980402 
Pedestrian 8 0 -9999.0 -9999.0 -9999.0 -9999.0 1.8043408497934996 0.9546006466454776 0.7334171808741091 15.328242985350482 -1.093265269760694 -0.3884381136854522 -0.5000372956157264 
Pedestrian 6 0 -9999.0 -9999.0 -9999.0 -9999.0 1.6942400895099394 0.8430975728940361 0.7105135749127721 15.036492380969907 -0.3351302632364061 -0.4307338494944516 -0.5003008062340868 
Pedestrian 7 0 -9999.0 -9999.0 -9999.0 -9999.0 1.648885929593007 0.9831864636302605 0.8317138756545739 14.241406347049889 -0.034215678252489015 -0.39349516876948143 -0.500299744956191 
