Pedestrian 1 0 -9999.0 -9999.0 -9999.0 -9999.0 1.807182433933786 0.4986517067846294 0.7374421860488555 16.38807168677921 -6.1599140931379885 -0.4920631304261139 -0.2686884667547531 
Pedestrian 9 0 -9999.0 -9999.0 -9999.0 -9999.0 1.7705975659206388 1.0135610373009363 0.9161041318094005 14.157976410742673 -7.541077760050938 -0.5120532579371502 -1.8016712727755095 
Pedestrian 10 0 -9999.0 -9999.0 -9999.0 -9999.0 1.5922854220823695 0.890969754732871 0.8850292117965785 33.281424988394846 5.412031316425553 -0.9023460565823934 2.612708427172514 
Pedestrian 1000 0 -9999.0 -9999.0 -9999.0 -9999.0 2.0069079709977586 1.0255484448811463 0.7682304340527041 -5.915139535067297 -15.016854867807767 0.1586866311578733 -2.193814816173324 
Pedestrian 222 0 -9999.0 -9999.0 -9999.0 -9999.0 1.8613035384871213 1.30969941297626 0.8797368924650919 17.96711349378656 6.168120464607073 2.2830015191788813 2.4504642733527273 
Pedestrian 777 0 -9999.0 -9999.0 -9999.0 -9999.0 1.7368967650018896 0.6107271385321869 0.6527395860954398 -4.099650244984517 -13.252937051738696 0.04054950085197561 0.902456669219724 
Pedestrian 900 0 -9999.0 -9999.0 -9999.0 -9999.0 2.005077958438257 1.07798098563525 0.7734172159753496 -4.33791665787333 -14.439128697910078 0.14745740334404533 -2.1992543093200894 
Pedestrian 800 0 -9999.0 -9999.0 -9999.0 -9999.0 1.8252365418957197 0.826570797592179 0.823773242023748 -3.3770263787611343 -13.782326256278735 0.06915860316829758 -0.5413260848108052 
Pedestrian 8 0 -9999.0 -9999.0 -9999.0 -9999.0 1.8043408497934996 0.9546006466454776 0.7334171808741091 5.601501812862339 -7.893790149107952 -0.22753355679162587 -0.6611930474968233 
Pedestrian 6 0 -9999.0 -9999.0 -9999.0 -9999.0 1.6942400895099394 0.8430975728940361 0.7105135749127721 5.465990637481406 -7.211662334467616 -0.28023978723831977 -0.6611122201653821 
Pedestrian 7 0 -9999.0 -9999.0 -9999.0 -9999.0 1.648885929593007 0.9831864636302605 0.8317138756545739 5.002650798458916 -7.0265522556039395 -0.2909396478646279 -0.6611242715996788 
