Pedestrian 11 0 -9999.0 -9999.0 -9999.0 -9999.0 1.6916927201964427 0.6038848211313681 0.678453127707127 27.001769681249375 11.884653728052388 5.685515873280886 2.550190454545392 
Pedestrian 1 0 -9999.0 -9999.0 -9999.0 -9999.0 1.807182433933786 0.4986517067846294 0.7374421860488555 16.391174017025918 -6.142286433625027 -0.4428202865976829 -0.26757049350379347 
Pedestrian 9 0 -9999.0 -9999.0 -9999.0 -9999.0 1.7705975659206388 1.0135610373009363 0.9161041318094005 13.516385635316386 -5.150314027012447 -0.43659288838390514 -1.8028976572764925 
Pedestrian 10 0 -9999.0 -9999.0 -9999.0 -9999.0 1.5922854220823695 0.890969754732871 0.8850292117965785 30.952521436213434 3.9683873411418626 -0.9376080722765134 2.6049617893126076 
Pedestrian 1000 0 -9999.0 -9999.0 -9999.0 -9999.0 2.0069079709977586 1.0255484448811463 0.7682304340527041 -6.049786224271884 -15.092137560324772 0.22343328748837743 -2.193814816173324 
Pedestrian 222 0 -9999.0 -9999.0 -9999.0 -9999.0 1.8613035384871213 1.30969941297626 0.8797368924650919 17.11953267340778 5.534896307356267 1.6153123704050234 2.470673904142318 
Pedestrian 777 0 -9999.0 -9999.0 -9999.0 -9999.0 1.7368967650018896 0.6107271385321869 0.6527395860954398 -4.010912516933476 -13.40500512106978 0.04236123359559345 0.9170292359194452 
Pedestrian 900 0 -9999.0 -9999.0 -9999.0 -9999.0 2.005077958438257 1.07798098563525 0.7734172159753496 -4.82436534735974 -14.430887076604035 0.20697843312661998 -2.6113788021805604 
Pedestrian 800 0 -9999.0 -9999.0 -9999.0 -9999.0 1.8252365418957197 0.826570797592179 0.823773242023748 -3.383588164556749 -13.917540557428364 0.12017730704802022 -1.6682020372640736 
Pedestrian 8 0 -9999.0 -9999.0 -9999.0 -9999.0 1.8043408497934996 0.9546006466454776 0.7334171808741091 7.589026150876511 -6.340157245080064 -0.24485337977718208 -0.6611670784528467 
Pedestrian 6 0 -9999.0 -9999.0 -9999.0 -9999.0 1.6942400895099394 0.8430975728940361 0.7105135749127721 7.5242031308913155 -5.585444155114507 -0.2812820389524604 -0.6611122201653821 
Pedestrian 7 0 -9999.0 -9999.0 -9999.0 -9999.0 1.648885929593007 0.9831864636302605 0.8317138756545739 6.854458056813417 -5.699368990593769 -0.3236433440745792 -0.661112261332752 
