Pedestrian 3 0 -9999.0 -9999.0 -9999.0 -9999.0 1.7332879200631797 0.867767672648839 1.0368724247718488 29.0502152630576 2.999255853161295 -0.8307416359587289 2.9624735656866914 
Pedestrian 1 0 -9999.0 -9999.0 -9999.0 -9999.0 1.807182433933786 0.4986517067846294 0.7374421860488555 16.018105379533825 -6.038298043928888 -0.4269305931221886 1.10665815195763 
Pedestrian 600 0 -9999.0 -9999.0 -9999.0 -9999.0 1.7 0.6593086028985748 0.6863660936357051 -12.804672220290199 1.6602811986936685 0.20078027798430767 1.6900775472022627 
Pedestrian 9 0 -9999.0 -9999.0 -9999.0 -9999.0 1.7705975659206388 1.0135610373009363 0.9161041318094005 15.857275233214434 0.473578331440749 -0.4265620228294572 -0.4901035423719087 
Pedestrian 5 0 -9999.0 -9999.0 -9999.0 -9999.0 1.687681240450047 0.8003221792819292 0.7601840600327808 30.725819070829807 4.246012306227222 -0.8789414345738644 2.6125424409132947 
Pedestrian 2 0 -9999.0 -9999.0 -9999.0 -9999.0 1.6967671071288006 0.800254612783332 0.8625922522559041 30.682488723027827 3.4912838803125785 -0.8850852738065508 2.618400292170323 
Pedestrian 10 0 -9999.0 -9999.0 -9999.0 -9999.0 1.5922854220823695 0.890969754732871 0.8850292117965785 23.323548762939296 2.657938091171704 -0.7017212324534247 3.099443189217787 
Pedestrian 222 0 -9999.0 -9999.0 -9999.0 -9999.0 1.8613035384871213 1.30969941297626 0.8797368924650919 13.741724318322776 4.06438631080049 0.30707454282881447 2.6408425457339817 
Pedestrian 777 0 -9999.0 -9999.0 -9999.0 -9999.0 1.7368967650018896 0.6107271385321869 0.6527395860954398 -4.1685369765345 -13.482908721275454 0.1775304493205496 0.9038563690140631 
Pedestrian 900 0 -9999.0 -9999.0 -9999.0 -9999.0 2.005077958438257 1.07798098563525 0.7734172159753496 -6.130307243425558 -14.92372739607364 0.35268729797451986 -2.1938993168030034 
Pedestrian 800 0 -9999.0 -9999.0 -9999.0 -9999.0 1.8252365418957197 0.826570797592179 0.823773242023748 -5.432716041339517 -14.612078362224405 0.21038183066776 -2.2172765086354715 
Pedestrian 8 0 -9999.0 -9999.0 -9999.0 -9999.0 1.8043408497934996 0.9546006466454776 0.7334171808741091 13.634380287376098 -2.0436688685226287 -0.30709967050533166 -0.5268155713701024 
Pedestrian 6 0 -9999.0 -9999.0 -9999.0 -9999.0 1.6942400895099394 0.8430975728940361 0.7105135749127721 13.0673577915927 -1.4514098568573262 -0.3307607624294595 -0.5141721189036339 
Pedestrian 7 0 -9999.0 -9999.0 -9999.0 -9999.0 1.648885929593007 0.9831864636302605 0.8317138756545739 12.462832922315167 -1.217059732443739 -0.3408805297896386 -0.5158038827450078 
