Pedestrian 3 0 -9999.0 -9999.0 -9999.0 -9999.0 1.7332879200631797 0.867767672648839 1.0368724247718488 25.67539280432293 4.784641767534007 -0.7108662695424708 -2.059372390223821 
Pedestrian 1 0 -9999.0 -9999.0 -9999.0 -9999.0 1.807182433933786 0.4986517067846294 0.7374421860488555 15.869751234094382 -6.0385563153187745 -0.361930728174983 1.3658461729247637 
Pedestrian 400 0 -9999.0 -9999.0 -9999.0 -9999.0 1.6576667398803693 0.641454641174015 0.7418146557156398 -8.759299317108102 -10.491966576425677 5.999719283645854 -0.5491704606031185 
Pedestrian 600 0 -9999.0 -9999.0 -9999.0 -9999.0 1.7 0.6593086028985748 0.6863660936357051 -12.804427578981846 1.648833526246343 0.19577821146378604 1.690077561205845 
Pedestrian 555 0 -9999.0 -9999.0 -9999.0 -9999.0 1.7703999772207908 0.702090740104642 0.555502152537194 -8.870212239612373 12.050971121979584 0.1046013377068468 -0.5320549956364431 
Pedestrian 5 0 -9999.0 -9999.0 -9999.0 -9999.0 1.687681240450047 0.8003221792819292 0.7601840600327808 25.44522207453055 3.323206301350736 -0.7377176846773756 -3.062662563209816 
Pedestrian 2 0 -9999.0 -9999.0 -9999.0 -9999.0 1.6967671071288006 0.800254612783332 0.8625922522559041 25.453595477874426 2.506117819878926 -0.7253375340733743 -3.076262227538022 
Pedestrian 10 0 -9999.0 -9999.0 -9999.0 -9999.0 1.5922854220823695 0.890969754732871 0.8850292117965785 16.598307998016583 1.275875962490273 -0.4959026158462782 2.5893956110000165 
Pedestrian 222 0 -9999.0 -9999.0 -9999.0 -9999.0 1.8613035384871213 1.30969941297626 0.8797368924650919 9.547200990500682 3.0969844385727527 -0.10060694733806351 -2.9256418174185868 
Pedestrian 777 0 -9999.0 -9999.0 -9999.0 -9999.0 1.7368967650018896 0.6107271385321869 0.6527395860954398 -4.206812432108576 -13.410011442308331 0.39564591293434653 0.9025375214774609 
Pedestrian 900 0 -9999.0 -9999.0 -9999.0 -9999.0 2.005077958438257 1.07798098563525 0.7734172159753496 -6.022241271615131 -14.939569519314151 0.5114217600269981 -2.193813230990468 
Pedestrian 800 0 -9999.0 -9999.0 -9999.0 -9999.0 1.8252365418957197 0.826570797592179 0.823773242023748 -5.535271955276889 -14.717575886298546 0.4118413121028942 -2.2311677602882156 
Pedestrian 8 0 -9999.0 -9999.0 -9999.0 -9999.0 1.8043408497934996 0.9546006466454776 0.7334171808741091 17.99195288003998 0.054565549086911413 -0.4769631954141077 -0.500199255082979 
Pedestrian 6 0 -9999.0 -9999.0 -9999.0 -9999.0 1.6942400895099394 0.8430975728940361 0.7105135749127721 17.70035535769352 0.6002571665643665 -0.510802550355085 -0.5001872827014644 
Pedestrian 7 0 -9999.0 -9999.0 -9999.0 -9999.0 1.648885929593007 0.9831864636302605 0.8317138756545739 17.121415337615826 0.7762598488246322 -0.5172891364527801 -0.500187361813726 
