Pedestrian 1 0 -9999.0 -9999.0 -9999.0 -9999.0 1.807182433933786 0.4986517067846294 0.7374421860488555 16.338163020592134 -6.15805610447928 -0.5227915718580385 -0.26730319516684986 
Pedestrian 9 0 -9999.0 -9999.0 -9999.0 -9999.0 1.7705975659206388 1.0135610373009363 0.9161041318094005 15.096256211345795 -9.444398380084534 -0.4870085280196991 -2.2190168469733464 
Pedestrian 1000 0 -9999.0 -9999.0 -9999.0 -9999.0 2.0069079709977586 1.0255484448811463 0.7682304340527041 -5.958290147373594 -15.128685085008687 0.09970760304730876 -2.1979664164562234 
Pedestrian 222 0 -9999.0 -9999.0 -9999.0 -9999.0 1.8613035384871213 1.30969941297626 0.8797368924650919 18.715185429827514 6.527291314071216 2.695963474679745 2.5932145064046104 
Pedestrian 777 0 -9999.0 -9999.0 -9999.0 -9999.0 1.7368967650018896 0.6107271385321869 0.6527395860954398 -5.238353112923417 -13.94978540687576 0.0034017852750079236 -0.48869219055841207 
Pedestrian 900 0 -9999.0 -9999.0 -9999.0 -9999.0 2.005077958438257 1.07798098563525 0.7734172159753496 -4.063859376217425 -14.574729464392366 0.10533709034936294 -2.20289268582696 
Pedestrian 800 0 -9999.0 -9999.0 -9999.0 -9999.0 1.8252365418957197 0.826570797592179 0.823773242023748 -3.535755093832711 -13.654065382390218 0.015122674262907816 -0.5408132536457906 
Pedestrian 8 0 -9999.0 -9999.0 -9999.0 -9999.0 1.8043408497934996 0.9546006466454776 0.7334171808741091 3.697103811771774 -9.182782787384033 -0.20079004485574775 -0.6556156547520757 
Pedestrian 6 0 -9999.0 -9999.0 -9999.0 -9999.0 1.6942400895099394 0.8430975728940361 0.7105135749127721 3.840857418751896 -8.550998659578848 -0.2622647321389279 -0.6611122201653821 
Pedestrian 7 0 -9999.0 -9999.0 -9999.0 -9999.0 1.648885929593007 0.9831864636302605 0.8317138756545739 3.084808642111286 -8.553702984103417 -0.25609012258298197 -0.6611122201653821 
