Pedestrian 1 0 -9999.0 -9999.0 -9999.0 -9999.0 1.807182433933786 0.4986517067846294 0.7374421860488555 16.357339171436447 -6.159155430424465 -0.40567705443307744 -0.22989346201352134 
Pedestrian 9 0 -9999.0 -9999.0 -9999.0 -9999.0 1.7705975659206388 1.0135610373009363 0.9161041318094005 13.267226128563085 -4.079152022772304 -0.4127191233939451 -1.7995543384694983 
Pedestrian 10 0 -9999.0 -9999.0 -9999.0 -9999.0 1.5922854220823695 0.890969754732871 0.8850292117965785 29.99033118449532 3.514964752289081 -0.7521032178595317 2.7794178261690927 
Pedestrian 1000 0 -9999.0 -9999.0 -9999.0 -9999.0 2.0069079709977586 1.0255484448811463 0.7682304340527041 -6.180089503042313 -14.87479188287236 0.07271887618480914 -2.193814816173324 
Pedestrian 222 0 -9999.0 -9999.0 -9999.0 -9999.0 1.8613035384871213 1.30969941297626 0.8797368924650919 16.37558525131223 5.144881767662438 1.5091671509552003 2.600361370121723 
Pedestrian 777 0 -9999.0 -9999.0 -9999.0 -9999.0 1.7368967650018896 0.6107271385321869 0.6527395860954398 -4.06935870236349 -13.212933549216789 -0.022431712977206433 0.8973712461221535 
Pedestrian 900 0 -9999.0 -9999.0 -9999.0 -9999.0 2.005077958438257 1.07798098563525 0.7734172159753496 -5.314895576897331 -14.438803300033499 0.09946036448035717 -2.6069700949379353 
Pedestrian 800 0 -9999.0 -9999.0 -9999.0 -9999.0 1.8252365418957197 0.826570797592179 0.823773242023748 -3.4381339642422653 -14.032153865429398 -0.042523000186451616 -2.210168027665734 
Pedestrian 8 0 -9999.0 -9999.0 -9999.0 -9999.0 1.8043408497934996 0.9546006466454776 0.7334171808741091 8.560955126226508 -5.566766142473741 -0.27310929759613634 -0.6611623612903408 
Pedestrian 6 0 -9999.0 -9999.0 -9999.0 -9999.0 1.6942400895099394 0.8430975728940361 0.7105135749127721 8.336126867124047 -4.879493600029827 -0.3100723347897632 -0.6611122201653821 
Pedestrian 7 0 -9999.0 -9999.0 -9999.0 -9999.0 1.648885929593007 0.9831864636302605 0.8317138756545739 7.779995423536444 -4.901047637023588 -0.3134216246074319 -0.6611122201653821 
