Pedestrian 3 0 -9999.0 -9999.0 -9999.0 -9999.0 1.7332879200631797 0.867767672648839 1.0368724247718488 27.96552370640675 2.9126946699593637 -0.8097460539631078 2.9774327060911396 
Pedestrian 1 0 -9999.0 -9999.0 -9999.0 -9999.0 1.807182433933786 0.4986517067846294 0.7374421860488555 15.891770738708834 -6.074618401726769 -0.40893703723473546 1.159422222099833 
Pedestrian 600 0 -9999.0 -9999.0 -9999.0 -9999.0 1.7 0.6593086028985748 0.6863660936357051 -12.814462485675792 1.5825338402957703 0.26122942351002626 1.690077595337982 
Pedestrian 555 0 -9999.0 -9999.0 -9999.0 -9999.0 1.7703999772207908 0.702090740104642 0.555502152537194 -9.877818310920897 11.236378426580119 0.31621864520053644 -0.5320549956364431 
Pedestrian 9 0 -9999.0 -9999.0 -9999.0 -9999.0 1.7705975659206388 1.0135610373009363 0.9161041318094005 17.215082111471226 0.9939311971868139 -0.45074115623401345 -0.4901035423719087 
Pedestrian 5 0 -9999.0 -9999.0 -9999.0 -9999.0 1.687681240450047 0.8003221792819292 0.7601840600327808 29.924621939514015 3.5476017389135603 -0.8521809693388874 2.7735838441180825 
Pedestrian 2 0 -9999.0 -9999.0 -9999.0 -9999.0 1.6967671071288006 0.800254612783332 0.8625922522559041 29.512278117325796 2.866952228421107 -0.8592755632835343 2.775197064762496 
Pedestrian 10 0 -9999.0 -9999.0 -9999.0 -9999.0 1.5922854220823695 0.890969754732871 0.8850292117965785 21.441120621495504 2.653487627362637 -0.6977709547100265 3.0896444992005083 
Pedestrian 222 0 -9999.0 -9999.0 -9999.0 -9999.0 1.8613035384871213 1.30969941297626 0.8797368924650919 13.199438262242415 3.836875055620043 -0.1281935251347318 2.6911797978407854 
Pedestrian 777 0 -9999.0 -9999.0 -9999.0 -9999.0 1.7368967650018896 0.6107271385321869 0.6527395860954398 -4.202145033766107 -13.426696484378525 0.1455622645656028 0.9027997401348191 
Pedestrian 900 0 -9999.0 -9999.0 -9999.0 -9999.0 2.005077958438257 1.07798098563525 0.7734172159753496 -6.0348114233595025 -14.916084034002859 0.3184894696020271 -2.193814816173324 
Pedestrian 800 0 -9999.0 -9999.0 -9999.0 -9999.0 1.8252365418957197 0.826570797592179 0.823773242023748 -5.560194604415186 -14.607390212365921 0.2399979253132954 -2.2171384439552213 
Pedestrian 8 0 -9999.0 -9999.0 -9999.0 -9999.0 1.8043408497934996 0.9546006466454776 0.7334171808741091 14.817875378555552 -1.3964082143520753 -0.36059207490573675 -0.5009170972109036 
Pedestrian 6 0 -9999.0 -9999.0 -9999.0 -9999.0 1.6942400895099394 0.8430975728940361 0.7105135749127721 14.215653313573746 -0.6807245187855971 -0.37887617602061613 -0.5001895470059239 
Pedestrian 7 0 -9999.0 -9999.0 -9999.0 -9999.0 1.648885929593007 0.9831864636302605 0.8317138756545739 13.456930386055515 -0.4319665861239425 -0.37807980217268455 -0.5001895470059239 
