Pedestrian 3 0 -9999.0 -9999.0 -9999.0 -9999.0 1.7332879200631797 0.867767672648839 1.0368724247718488 28.512927325748525 2.976235743919294 -0.8363667785745228 2.977035819258326 
Pedestrian 1 0 -9999.0 -9999.0 -9999.0 -9999.0 1.807182433933786 0.4986517067846294 0.7374421860488555 15.847170999250134 -6.157046662564071 -0.4124470739265064 1.1070623445400036 
Pedestrian 600 0 -9999.0 -9999.0 -9999.0 -9999.0 1.7 0.6593086028985748 0.6863660936357051 -12.80996162155408 1.6183515675376918 0.22997582267739497 1.6900775727004884 
Pedestrian 555 0 -9999.0 -9999.0 -9999.0 -9999.0 1.7703999772207908 0.702090740104642 0.555502152537194 -9.967252147551852 11.223242477789508 0.31661829891032894 -0.5320549956364431 
Pedestrian 9 0 -9999.0 -9999.0 -9999.0 -9999.0 1.7705975659206388 1.0135610373009363 0.9161041318094005 16.53242405719645 0.6971964738934242 -0.4378128579857406 -0.4901035423719087 
Pedestrian 5 0 -9999.0 -9999.0 -9999.0 -9999.0 1.687681240450047 0.8003221792819292 0.7601840600327808 30.437911010880565 3.956188692626763 -0.8713923710094675 2.662459792786466 
Pedestrian 2 0 -9999.0 -9999.0 -9999.0 -9999.0 1.6967671071288006 0.800254612783332 0.8625922522559041 30.14303105170691 3.2248444644243497 -0.8797742000733328 2.670003859726208 
Pedestrian 10 0 -9999.0 -9999.0 -9999.0 -9999.0 1.5922854220823695 0.890969754732871 0.8850292117965785 22.393254424427557 2.6222280980122727 -0.7178398614651673 3.0894611759104205 
Pedestrian 222 0 -9999.0 -9999.0 -9999.0 -9999.0 1.8613035384871213 1.30969941297626 0.8797368924650919 13.48015270950229 3.9685507447285677 0.16980628139808004 2.7040457177225363 
Pedestrian 777 0 -9999.0 -9999.0 -9999.0 -9999.0 1.7368967650018896 0.6107271385321869 0.6527395860954398 -4.16830130852672 -13.484138057267408 0.15771133131106843 0.9038833966880562 
Pedestrian 900 0 -9999.0 -9999.0 -9999.0 -9999.0 2.005077958438257 1.07798098563525 0.7734172159753496 -6.03215399955933 -14.99785680902374 0.202932012203277 -2.193924281370972 
Pedestrian 800 0 -9999.0 -9999.0 -9999.0 -9999.0 1.8252365418957197 0.826570797592179 0.823773242023748 -5.534380135007069 -14.632581361384247 0.0925333513262811 -2.216830187660239 
Pedestrian 8 0 -9999.0 -9999.0 -9999.0 -9999.0 1.8043408497934996 0.9546006466454776 0.7334171808741091 14.28285031051035 -1.7010775054104152 -0.3245356369690625 -0.49818367039792477 
Pedestrian 6 0 -9999.0 -9999.0 -9999.0 -9999.0 1.6942400895099394 0.8430975728940361 0.7105135749127721 13.597144389536458 -1.0877293879084786 -0.35046864337512323 -0.4971963096377614 
Pedestrian 7 0 -9999.0 -9999.0 -9999.0 -9999.0 1.648885929593007 0.9831864636302605 0.8317138756545739 13.013651225266818 -0.7648276595511283 -0.35488953061495465 -0.4968190493746114 
