Pedestrian 11 0 -9999.0 -9999.0 -9999.0 -9999.0 1.6916927201964427 0.6038848211313681 0.678453127707127 26.11770788247764 11.649246306008532 5.125068982310572 2.550190454545392 
Pedestrian 1 0 -9999.0 -9999.0 -9999.0 -9999.0 1.807182433933786 0.4986517067846294 0.7374421860488555 16.335555424236844 -6.166792044173333 -0.4465463939014051 -0.26604647200095144 
Pedestrian 9 0 -9999.0 -9999.0 -9999.0 -9999.0 1.7705975659206388 1.0135610373009363 0.9161041318094005 13.364234990953035 -4.430038591848734 -0.4416530946469704 -1.8019606483654904 
Pedestrian 10 0 -9999.0 -9999.0 -9999.0 -9999.0 1.5922854220823695 0.890969754732871 0.8850292117965785 30.393638278475954 3.71989611549176 -0.7849069045201069 2.6471431415268167 
Pedestrian 1000 0 -9999.0 -9999.0 -9999.0 -9999.0 2.0069079709977586 1.0255484448811463 0.7682304340527041 -6.074461581720608 -14.95907612332552 0.17496416149768373 -2.193814816173324 
Pedestrian 222 0 -9999.0 -9999.0 -9999.0 -9999.0 1.8613035384871213 1.30969941297626 0.8797368924650919 16.655507093034394 5.227579763988356 1.5882837530807468 2.5482213743649957 
Pedestrian 777 0 -9999.0 -9999.0 -9999.0 -9999.0 1.7368967650018896 0.6107271385321869 0.6527395860954398 -4.04714947801214 -13.295321640598806 0.03816643208732515 0.9024566981970068 
Pedestrian 900 0 -9999.0 -9999.0 -9999.0 -9999.0 2.005077958438257 1.07798098563525 0.7734172159753496 -5.063307762734424 -14.436471657215574 0.16097361231691687 -2.6113788021805604 
Pedestrian 800 0 -9999.0 -9999.0 -9999.0 -9999.0 1.8252365418957197 0.826570797592179 0.823773242023748 -3.293124490750721 -14.103599344495661 0.06610580209174619 -2.105325345591849 
Pedestrian 8 0 -9999.0 -9999.0 -9999.0 -9999.0 1.8043408497934996 0.9546006466454776 0.7334171808741091 8.20230610404456 -5.857858604694939 -0.2691932958186285 -0.6611673725697429 
Pedestrian 6 0 -9999.0 -9999.0 -9999.0 -9999.0 1.6942400895099394 0.8430975728940361 0.7105135749127721 8.036183812860958 -5.136775564729298 -0.3025998558318286 -0.6611122201653821 
Pedestrian 7 0 -9999.0 -9999.0 -9999.0 -9999.0 1.648885929593007 0.9831864636302605 0.8317138756545739 7.323704213633849 -5.237097496300101 -0.3111292360632484 -0.6611122201653821 
