Pedestrian 3 0 -9999.0 -9999.0 -9999.0 -9999.0 1.7332879200631797 0.867767672648839 1.0368724247718488 26.29206090955389 3.687528876823869 -0.729103384723091 -2.187962962104079 
Pedestrian 1 0 -9999.0 -9999.0 -9999.0 -9999.0 1.807182433933786 0.4986517067846294 0.7374421860488555 15.858369536744913 -6.014097138660843 -0.3760311488286371 1.30649434952187 
Pedestrian 600 0 -9999.0 -9999.0 -9999.0 -9999.0 1.7 0.6593086028985748 0.6863660936357051 -12.814704752742282 1.5772242243345904 0.3598934204275852 1.6900776194522633 
Pedestrian 555 0 -9999.0 -9999.0 -9999.0 -9999.0 1.7703999772207908 0.702090740104642 0.555502152537194 -9.306079863235952 11.693963516681574 0.24954780613034566 -0.5320549956364431 
Pedestrian 9 0 -9999.0 -9999.0 -9999.0 -9999.0 1.7705975659206388 1.0135610373009363 0.9161041318094005 19.353144133355475 1.9885833002174051 -0.5160959103707101 -0.49010354237168485 
Pedestrian 5 0 -9999.0 -9999.0 -9999.0 -9999.0 1.687681240450047 0.8003221792819292 0.7601840600327808 27.09082938232093 2.9505007579509073 -0.7569183857693255 -3.059070519495773 
Pedestrian 2 0 -9999.0 -9999.0 -9999.0 -9999.0 1.6967671071288006 0.800254612783332 0.8625922522559041 27.113189333898795 2.2257382126043526 -0.7539743654935414 -3.0626625816293025 
Pedestrian 10 0 -9999.0 -9999.0 -9999.0 -9999.0 1.5922854220823695 0.890969754732871 0.8850292117965785 18.708912945143105 2.18838456406725 -0.5419533806957789 2.5890468942154676 
Pedestrian 222 0 -9999.0 -9999.0 -9999.0 -9999.0 1.8613035384871213 1.30969941297626 0.8797368924650919 11.066336215232434 3.0661997349186985 -0.15350262415892452 2.9870418210699707 
Pedestrian 777 0 -9999.0 -9999.0 -9999.0 -9999.0 1.7368967650018896 0.6107271385321869 0.6527395860954398 -4.209207157460064 -13.408960285091753 0.3054038675566041 0.902456669219724 
Pedestrian 900 0 -9999.0 -9999.0 -9999.0 -9999.0 2.005077958438257 1.07798098563525 0.7734172159753496 -6.057455772157665 -14.994009452096337 0.4440783809008367 -2.19382502001716 
Pedestrian 800 0 -9999.0 -9999.0 -9999.0 -9999.0 1.8252365418957197 0.826570797592179 0.823773242023748 -5.451412546110796 -14.543568753450462 0.3569605908093445 -2.2184973710450766 
Pedestrian 8 0 -9999.0 -9999.0 -9999.0 -9999.0 1.8043408497934996 0.9546006466454776 0.7334171808741091 16.695757637490214 -0.5533230756024654 -0.3813330917663734 -0.5001895470059239 
Pedestrian 6 0 -9999.0 -9999.0 -9999.0 -9999.0 1.6942400895099394 0.8430975728940361 0.7105135749127721 16.42745113811171 0.055248548672216166 -0.4123576857536419 -0.5001895470059239 
Pedestrian 7 0 -9999.0 -9999.0 -9999.0 -9999.0 1.648885929593007 0.9831864636302605 0.8317138756545739 15.680649615911449 0.2595035020686304 -0.4176880878985245 -0.5001895470059239 
