Pedestrian 3 0 -9999.0 -9999.0 -9999.0 -9999.0 1.7332879200631797 0.867767672648839 1.0368724247718488 25.719650532095887 4.649036745548778 -0.7170749261390529 -2.059972846220738 
Pedestrian 1 0 -9999.0 -9999.0 -9999.0 -9999.0 1.807182433933786 0.4986517067846294 0.7374421860488555 15.861531439182453 -6.035982238662887 -0.3720049487796618 1.3657997266994535 
Pedestrian 400 0 -9999.0 -9999.0 -9999.0 -9999.0 1.6576667398803693 0.641454641174015 0.7418146557156398 -8.999680988191798 -10.609145500483761 5.999719283645854 -0.5518646384675563 
Pedestrian 600 0 -9999.0 -9999.0 -9999.0 -9999.0 1.7 0.6593086028985748 0.6863660936357051 -12.803945624945639 1.655309026385922 0.20689810673373782 1.6900775721708383 
Pedestrian 555 0 -9999.0 -9999.0 -9999.0 -9999.0 1.7703999772207908 0.702090740104642 0.555502152537194 -8.94226121667547 12.052501197642323 0.1125260818989402 -0.5320549956364431 
Pedestrian 5 0 -9999.0 -9999.0 -9999.0 -9999.0 1.687681240450047 0.8003221792819292 0.7601840600327808 25.630645858775466 3.255702204542944 -0.7267313525921109 -3.0607389927469804 
Pedestrian 2 0 -9999.0 -9999.0 -9999.0 -9999.0 1.6967671071288006 0.800254612783332 0.8625922522559041 25.709873918039715 2.4437327405111917 -0.7407942304807915 -3.0627103752448868 
Pedestrian 10 0 -9999.0 -9999.0 -9999.0 -9999.0 1.5922854220823695 0.890969754732871 0.8850292117965785 16.87821626665922 1.3779594392990302 -0.5132738310366998 2.589496001011373 
Pedestrian 222 0 -9999.0 -9999.0 -9999.0 -9999.0 1.8613035384871213 1.30969941297626 0.8797368924650919 9.758226166423805 3.085819878508396 -0.1185611069223315 -2.9717787094558474 
Pedestrian 777 0 -9999.0 -9999.0 -9999.0 -9999.0 1.7368967650018896 0.6107271385321869 0.6527395860954398 -4.2064906874387935 -13.41107618990361 0.39460454968885766 0.9025694976980985 
Pedestrian 900 0 -9999.0 -9999.0 -9999.0 -9999.0 2.005077958438257 1.07798098563525 0.7734172159753496 -6.0320648419192855 -14.939918495173266 0.46413247107244004 -2.1938130040059285 
Pedestrian 800 0 -9999.0 -9999.0 -9999.0 -9999.0 1.8252365418957197 0.826570797592179 0.823773242023748 -5.525610172051504 -14.751246778670955 0.36295545620837083 -2.2339750683009747 
Pedestrian 8 0 -9999.0 -9999.0 -9999.0 -9999.0 1.8043408497934996 0.9546006466454776 0.7334171808741091 17.808146501265796 -0.03604612841096003 -0.4714684606108561 -0.500198051915925 
Pedestrian 6 0 -9999.0 -9999.0 -9999.0 -9999.0 1.6942400895099394 0.8430975728940361 0.7105135749127721 17.524290628329062 0.514337281817919 -0.506742889021807 -0.5001875499373849 
Pedestrian 7 0 -9999.0 -9999.0 -9999.0 -9999.0 1.648885929593007 0.9831864636302605 0.8317138756545739 16.896279112639547 0.6466365193049441 -0.5111197599139132 -0.5001876326347379 
