Pedestrian 3 0 -9999.0 -9999.0 -9999.0 -9999.0 1.7332879200631797 0.867767672648839 1.0368724247718488 26.040563045069472 4.146912080530083 -0.7140349692086515 -2.059972846220738 
Pedestrian 1 0 -9999.0 -9999.0 -9999.0 -9999.0 1.807182433933786 0.4986517067846294 0.7374421860488555 15.8611107087917 -6.025942198377145 -0.3844049815087045 1.3631362426415636 
Pedestrian 600 0 -9999.0 -9999.0 -9999.0 -9999.0 1.7 0.6593086028985748 0.6863660936357051 -12.8082014570926 1.626471673092812 0.28947551323821297 1.6900776008706506 
Pedestrian 555 0 -9999.0 -9999.0 -9999.0 -9999.0 1.7703999772207908 0.702090740104642 0.555502152537194 -9.139708621512117 11.909985615438204 0.29727221393391995 -0.5320549956364431 
Pedestrian 9 0 -9999.0 -9999.0 -9999.0 -9999.0 1.7705975659206388 1.0135610373009363 0.9161041318094005 20.022720267222823 2.592484931020998 -0.5367764793097157 -0.4902327740422159 
Pedestrian 5 0 -9999.0 -9999.0 -9999.0 -9999.0 1.687681240450047 0.8003221792819292 0.7601840600327808 26.533930025495614 3.044229707417139 -0.745789447960919 -3.0600750392242855 
Pedestrian 2 0 -9999.0 -9999.0 -9999.0 -9999.0 1.6967671071288006 0.800254612783332 0.8625922522559041 26.422792682176667 2.292229880288787 -0.742801793805403 -3.063509164296999 
Pedestrian 10 0 -9999.0 -9999.0 -9999.0 -9999.0 1.5922854220823695 0.890969754732871 0.8850292117965785 17.491532545134195 1.5697583810223388 -0.5087293282946476 2.5890468942154676 
Pedestrian 222 0 -9999.0 -9999.0 -9999.0 -9999.0 1.8613035384871213 1.30969941297626 0.8797368924650919 10.286853348332496 3.077488645297051 -0.12998200517334788 -3.1216345841252178 
Pedestrian 777 0 -9999.0 -9999.0 -9999.0 -9999.0 1.7368967650018896 0.6107271385321869 0.6527395860954398 -4.20570509831382 -13.413641790870134 0.36290684910416776 0.9025957552901751 
Pedestrian 900 0 -9999.0 -9999.0 -9999.0 -9999.0 2.005077958438257 1.07798098563525 0.7734172159753496 -6.05190602679066 -14.95860234966754 0.3707340736211167 -2.193817176932111 
Pedestrian 800 0 -9999.0 -9999.0 -9999.0 -9999.0 1.8252365418957197 0.826570797592179 0.823773242023748 -5.51638168096227 -14.68068962507861 0.28404095618255665 -2.2172381819326397 
Pedestrian 8 0 -9999.0 -9999.0 -9999.0 -9999.0 1.8043408497934996 0.9546006466454776 0.7334171808741091 17.2703011138061 -0.30157814779932246 -0.4293452982154525 -0.5001561891884201 
Pedestrian 6 0 -9999.0 -9999.0 -9999.0 -9999.0 1.6942400895099394 0.8430975728940361 0.7105135749127721 17.043529061765167 0.30128222307088737 -0.4633129820323947 -0.5001974198740982 
Pedestrian 7 0 -9999.0 -9999.0 -9999.0 -9999.0 1.648885929593007 0.9831864636302605 0.8317138756545739 16.25404147585368 0.43375745738845095 -0.46739786598729094 -0.5001970555133646 
