Pedestrian 11 0 -9999.0 -9999.0 -9999.0 -9999.0 1.6916927201964427 0.6038848211313681 0.678453127707127 28.579450959379862 12.191790157466395 6.293232727826427 2.550190454545392 
Pedestrian 1 0 -9999.0 -9999.0 -9999.0 -9999.0 1.807182433933786 0.4986517067846294 0.7374421860488555 16.42215175962075 -6.153421078299209 -0.44746978286270106 -0.26757049350379347 
Pedestrian 9 0 -9999.0 -9999.0 -9999.0 -9999.0 1.7705975659206388 1.0135610373009363 0.9161041318094005 13.749659559282746 -6.410127972447357 -0.4659562627341438 -1.8018243254998936 
Pedestrian 10 0 -9999.0 -9999.0 -9999.0 -9999.0 1.5922854220823695 0.890969754732871 0.8850292117965785 32.15839715132942 4.827092089729412 -1.020871535825167 2.611707476403467 
Pedestrian 1000 0 -9999.0 -9999.0 -9999.0 -9999.0 2.0069079709977586 1.0255484448811463 0.7682304340527041 -5.793392194808641 -15.067877141514035 0.04982624031859234 -2.1937974595109484 
Pedestrian 222 0 -9999.0 -9999.0 -9999.0 -9999.0 1.8613035384871213 1.30969941297626 0.8797368924650919 17.693268304872372 5.879527074450749 1.985097685266209 2.399754807825106 
Pedestrian 777 0 -9999.0 -9999.0 -9999.0 -9999.0 1.7368967650018896 0.6107271385321869 0.6527395860954398 -3.9863916011163694 -13.409642095182912 -0.03192170195225506 0.8672250472865031 
Pedestrian 900 0 -9999.0 -9999.0 -9999.0 -9999.0 2.005077958438257 1.07798098563525 0.7734172159753496 -4.54421629608153 -14.165592860939496 0.05587985048187682 -2.6151980012857656 
Pedestrian 800 0 -9999.0 -9999.0 -9999.0 -9999.0 1.8252365418957197 0.826570797592179 0.823773242023748 -3.454964458250439 -14.004947072302329 -0.024783067426257122 -1.2636388604282978 
Pedestrian 8 0 -9999.0 -9999.0 -9999.0 -9999.0 1.8043408497934996 0.9546006466454776 0.7334171808741091 6.790849339634497 -7.110740212452621 -0.24387310386415217 -0.6613222467778748 
Pedestrian 6 0 -9999.0 -9999.0 -9999.0 -9999.0 1.6942400895099394 0.8430975728940361 0.7105135749127721 6.612160546884494 -6.304769874462263 -0.27161177522720553 -0.6611122201653821 
Pedestrian 7 0 -9999.0 -9999.0 -9999.0 -9999.0 1.648885929593007 0.9831864636302605 0.8317138756545739 5.972953802909793 -6.345263366000477 -0.2818246577718282 -0.6611122201653821 
