Pedestrian 3 0 -9999.0 -9999.0 -9999.0 -9999.0 1.7332879200631797 0.867767672648839 1.0368724247718488 30.675606768229716 3.9947816836145593 -0.8265139787191381 2.6157062295463014 
Pedestrian 1 0 -9999.0 -9999.0 -9999.0 -9999.0 1.807182433933786 0.4986517067846294 0.7374421860488555 16.057151105912496 -6.057628289026892 -0.44773170458036593 1.048496042225187 
Pedestrian 9 0 -9999.0 -9999.0 -9999.0 -9999.0 1.7705975659206388 1.0135610373009363 0.9161041318094005 14.272991017414133 -1.052620938426505 -0.41344581220331017 -0.9669946106126268 
Pedestrian 10 0 -9999.0 -9999.0 -9999.0 -9999.0 1.5922854220823695 0.890969754732871 0.8850292117965785 26.34478695311259 2.7184489022640244 -0.8664738359934385 -3.134869747728647 
Pedestrian 222 0 -9999.0 -9999.0 -9999.0 -9999.0 1.8613035384871213 1.30969941297626 0.8797368924650919 14.804611185809595 4.537138978943436 0.8920194618908585 2.6559265148884883 
Pedestrian 777 0 -9999.0 -9999.0 -9999.0 -9999.0 1.7368967650018896 0.6107271385321869 0.6527395860954398 -4.155743762105726 -13.198240466000035 -0.017528456475009703 0.8986708659250731 
Pedestrian 900 0 -9999.0 -9999.0 -9999.0 -9999.0 2.005077958438257 1.07798098563525 0.7734172159753496 -6.18901708379399 -14.643921711923417 0.13787015898776855 -2.193814816173324 
Pedestrian 800 0 -9999.0 -9999.0 -9999.0 -9999.0 1.8252365418957197 0.826570797592179 0.823773242023748 -5.53353197943118 -14.180130562964619 0.03445336857525261 -2.2172381819326397 
Pedestrian 8 0 -9999.0 -9999.0 -9999.0 -9999.0 1.8043408497934996 0.9546006466454776 0.7334171808741091 11.353803389750896 -3.349006329709057 -0.29837526642696743 -0.6233740129470586 
Pedestrian 6 0 -9999.0 -9999.0 -9999.0 -9999.0 1.6942400895099394 0.8430975728940361 0.7105135749127721 11.050071820505423 -2.731346431486727 -0.34458977366842725 -0.623374058959989 
Pedestrian 7 0 -9999.0 -9999.0 -9999.0 -9999.0 1.648885929593007 0.9831864636302605 0.8317138756545739 10.318769031592469 -2.6018123886498277 -0.34103570700325614 -0.6233740129470586 
