Pedestrian 1 0 -9999.0 -9999.0 -9999.0 -9999.0 1.807182433933786 0.4986517067846294 0.7374421860488555 16.379857350664807 -6.134622100205629 -0.5232985129983844 -0.26740163188863697 
Pedestrian 9 0 -9999.0 -9999.0 -9999.0 -9999.0 1.7705975659206388 1.0135610373009363 0.9161041318094005 14.983198367072566 -9.27128951553265 -0.47835758386242494 -2.2190168469733464 
Pedestrian 1000 0 -9999.0 -9999.0 -9999.0 -9999.0 2.0069079709977586 1.0255484448811463 0.7682304340527041 -5.978302198238561 -15.091594493183543 0.11322178180199287 -2.1976387543467784 
Pedestrian 222 0 -9999.0 -9999.0 -9999.0 -9999.0 1.8613035384871213 1.30969941297626 0.8797368924650919 18.677104557281783 6.45574235260537 2.641602387943532 2.571401398503326 
Pedestrian 777 0 -9999.0 -9999.0 -9999.0 -9999.0 1.7368967650018896 0.6107271385321869 0.6527395860954398 -5.081532716850061 -13.812688339003634 -0.02336701168731653 -0.4963750316798219 
Pedestrian 900 0 -9999.0 -9999.0 -9999.0 -9999.0 2.005077958438257 1.07798098563525 0.7734172159753496 -4.052568088876628 -14.577859889755137 0.09565830165463775 -2.2011376785066368 
Pedestrian 800 0 -9999.0 -9999.0 -9999.0 -9999.0 1.8252365418957197 0.826570797592179 0.823773242023748 -3.5216682717463046 -13.674889291422273 0.006907384997860096 -0.540838457983126 
Pedestrian 8 0 -9999.0 -9999.0 -9999.0 -9999.0 1.8043408497934996 0.9546006466454776 0.7334171808741091 3.8706287459669513 -9.063203817683165 -0.20612181708416827 -0.6576796815095829 
Pedestrian 6 0 -9999.0 -9999.0 -9999.0 -9999.0 1.6942400895099394 0.8430975728940361 0.7105135749127721 3.9991663289764494 -8.406097134144217 -0.25717807136028664 -0.6611122201653821 
Pedestrian 7 0 -9999.0 -9999.0 -9999.0 -9999.0 1.648885929593007 0.9831864636302605 0.8317138756545739 3.288717325980452 -8.392981407051492 -0.25191344795940734 -0.6603408489858147 
