Pedestrian 3 0 -9999.0 -9999.0 -9999.0 -9999.0 1.7332879200631797 0.867767672648839 1.0368724247718488 30.98702227078412 4.03095620107371 -0.8081147938717365 2.6172153776565477 
Pedestrian 1 0 -9999.0 -9999.0 -9999.0 -9999.0 1.807182433933786 0.4986517067846294 0.7374421860488555 15.926958199472999 -6.13642915475377 -0.4532723848055139 1.042023210053137 
Pedestrian 9 0 -9999.0 -9999.0 -9999.0 -9999.0 1.7705975659206388 1.0135610373009363 0.9161041318094005 13.903515446650744 -1.4703828470664022 -0.4069996165933425 -0.9669946106126268 
Pedestrian 10 0 -9999.0 -9999.0 -9999.0 -9999.0 1.5922854220823695 0.890969754732871 0.8850292117965785 26.870777155098775 2.7225910260252983 -0.9036024670402827 3.119476882755631 
Pedestrian 222 0 -9999.0 -9999.0 -9999.0 -9999.0 1.8613035384871213 1.30969941297626 0.8797368924650919 14.96975512299093 4.574834975942551 0.9493030792573713 2.6559265148884883 
Pedestrian 777 0 -9999.0 -9999.0 -9999.0 -9999.0 1.7368967650018896 0.6107271385321869 0.6527395860954398 -4.023755808455813 -13.304286934964692 -0.06537563693246354 0.9079472217461468 
Pedestrian 900 0 -9999.0 -9999.0 -9999.0 -9999.0 2.005077958438257 1.07798098563525 0.7734172159753496 -6.197625446387293 -14.762564400371184 0.08881059596472893 -2.1900395205885985 
Pedestrian 800 0 -9999.0 -9999.0 -9999.0 -9999.0 1.8252365418957197 0.826570797592179 0.823773242023748 -5.346225851191968 -14.221905262183025 -0.011923354561088784 -2.5770379589308643 
Pedestrian 8 0 -9999.0 -9999.0 -9999.0 -9999.0 1.8043408497934996 0.9546006466454776 0.7334171808741091 10.980996554736073 -3.599261205390263 -0.2930901444545492 -0.6611122201653821 
Pedestrian 6 0 -9999.0 -9999.0 -9999.0 -9999.0 1.6942400895099394 0.8430975728940361 0.7105135749127721 10.72804404927642 -2.9671595740147856 -0.33867257796626904 -0.6611122201653821 
Pedestrian 7 0 -9999.0 -9999.0 -9999.0 -9999.0 1.648885929593007 0.9831864636302605 0.8317138756545739 10.026032135109608 -2.872473248692201 -0.3377506697710778 -0.6611122201653821 
