Pedestrian 1 0 -9999.0 -9999.0 -9999.0 -9999.0 1.807182433933786 0.4986517067846294 0.7374421860488555 16.364428276558534 -6.153757328927312 -0.5088547402245203 -0.2680999553155825 
Pedestrian 9 0 -9999.0 -9999.0 -9999.0 -9999.0 1.7705975659206388 1.0135610373009363 0.9161041318094005 14.688893050774881 -8.726960376712336 -0.5099829946318207 -2.21901683165275 
Pedestrian 1000 0 -9999.0 -9999.0 -9999.0 -9999.0 2.0069079709977586 1.0255484448811463 0.7682304340527041 -6.0700165212041215 -14.943434774408637 0.016579458974879918 -2.193814816173324 
Pedestrian 222 0 -9999.0 -9999.0 -9999.0 -9999.0 1.8613035384871213 1.30969941297626 0.8797368924650919 18.45417526831926 6.390193156912114 2.5308990374253635 2.5958641995756313 
Pedestrian 777 0 -9999.0 -9999.0 -9999.0 -9999.0 1.7368967650018896 0.6107271385321869 0.6527395860954398 -4.5485685960955795 -13.520665840578687 -0.09269759185899651 -0.21123413796553336 
Pedestrian 900 0 -9999.0 -9999.0 -9999.0 -9999.0 2.005077958438257 1.07798098563525 0.7734172159753496 -4.145629518452418 -14.654238334153781 0.04390111650473916 -2.1983482780742225 
Pedestrian 800 0 -9999.0 -9999.0 -9999.0 -9999.0 1.8252365418957197 0.826570797592179 0.823773242023748 -3.5066531039384334 -13.757907062606694 -0.08545721864940173 -0.5418023838697756 
Pedestrian 8 0 -9999.0 -9999.0 -9999.0 -9999.0 1.8043408497934996 0.9546006466454776 0.7334171808741091 4.411452420553714 -8.672136083723897 -0.21033573166306554 -0.661416256521079 
Pedestrian 6 0 -9999.0 -9999.0 -9999.0 -9999.0 1.6942400895099394 0.8430975728940361 0.7105135749127721 4.432904688947314 -8.057003669108868 -0.25063054234549065 -0.6611122201653821 
Pedestrian 7 0 -9999.0 -9999.0 -9999.0 -9999.0 1.648885929593007 0.9831864636302605 0.8317138756545739 3.91832967244548 -7.894486587685099 -0.25903572331805286 -0.6611122201653821 
