Pedestrian 1 0 -9999.0 -9999.0 -9999.0 -9999.0 1.807182433933786 0.4986517067846294 0.7374421860488555 15.934514592041007 -6.157837406924461 -0.4425323657399427 0.981809516176475 
Pedestrian 9 0 -9999.0 -9999.0 -9999.0 -9999.0 1.7705975659206388 1.0135610373009363 0.9161041318094005 13.770034651223845 -1.9120705899988575 -0.4136169290990893 -0.9669887171269309 
Pedestrian 10 0 -9999.0 -9999.0 -9999.0 -9999.0 1.5922854220823695 0.890969754732871 0.8850292117965785 27.415412054317546 2.7635669717511013 -0.8820184500600063 3.04409588345999 
Pedestrian 222 0 -9999.0 -9999.0 -9999.0 -9999.0 1.8613035384871213 1.30969941297626 0.8797368924650919 15.197145308636676 4.64066873637351 1.020002529140023 2.6559265148884883 
Pedestrian 777 0 -9999.0 -9999.0 -9999.0 -9999.0 1.7368967650018896 0.6107271385321869 0.6527395860954398 -4.03259346642979 -13.250974445772135 -0.07015933501749043 0.9170121703782588 
Pedestrian 900 0 -9999.0 -9999.0 -9999.0 -9999.0 2.005077958438257 1.07798098563525 0.7734172159753496 -5.917602296066194 -14.847341047060135 0.08094714644927894 -2.186183021796399 
Pedestrian 800 0 -9999.0 -9999.0 -9999.0 -9999.0 1.8252365418957197 0.826570797592179 0.823773242023748 -5.094030064869279 -14.161946409877109 -0.0008430250324843897 -3.0471651270049946 
Pedestrian 8 0 -9999.0 -9999.0 -9999.0 -9999.0 1.8043408497934996 0.9546006466454776 0.7334171808741091 10.551833542688874 -3.9267073889429884 -0.29467280509796834 -0.660530694534291 
Pedestrian 6 0 -9999.0 -9999.0 -9999.0 -9999.0 1.6942400895099394 0.8430975728940361 0.7105135749127721 10.274549115163795 -3.358836103268768 -0.336138862418583 -0.6611122201653821 
Pedestrian 7 0 -9999.0 -9999.0 -9999.0 -9999.0 1.648885929593007 0.9831864636302605 0.8317138756545739 9.623295917831284 -3.2314566965295795 -0.34041458959380544 -0.6604525374785766 
