Pedestrian 3 0 -9999.0 -9999.0 -9999.0 -9999.0 1.7332879200631797 0.867767672648839 1.0368724247718488 30.016609367496017 3.4224562221185875 -0.7700595148943354 2.7194712259840106 
Pedestrian 1 0 -9999.0 -9999.0 -9999.0 -9999.0 1.807182433933786 0.4986517067846294 0.7374421860488555 15.86562018822206 -6.013926958246003 -0.4344366946961929 1.0613237050466893 
Pedestrian 9 0 -9999.0 -9999.0 -9999.0 -9999.0 1.7705975659206388 1.0135610373009363 0.9161041318094005 14.929122810138555 -0.3376782997778699 -0.40571075781921 -0.6333143224700883 
Pedestrian 5 0 -9999.0 -9999.0 -9999.0 -9999.0 1.687681240450047 0.8003221792819292 0.7601840600327808 31.409861563674223 4.72801109721302 -0.8023418397270811 2.6130394676098128 
Pedestrian 2 0 -9999.0 -9999.0 -9999.0 -9999.0 1.6967671071288006 0.800254612783332 0.8625922522559041 31.691800122454243 3.98452886490235 -0.8075669248308679 2.613240787585841 
Pedestrian 10 0 -9999.0 -9999.0 -9999.0 -9999.0 1.5922854220823695 0.890969754732871 0.8850292117965785 25.105262915522957 2.765200063357078 -0.7743412627622953 3.1129597141729572 
Pedestrian 222 0 -9999.0 -9999.0 -9999.0 -9999.0 1.8613035384871213 1.30969941297626 0.8797368924650919 14.411986680339412 4.276707298740842 0.6312363965587797 2.6347788504757794 
Pedestrian 777 0 -9999.0 -9999.0 -9999.0 -9999.0 1.7368967650018896 0.6107271385321869 0.6527395860954398 -4.36889520288118 -13.112702062055263 0.1555276560261522 0.8968681067014064 
Pedestrian 900 0 -9999.0 -9999.0 -9999.0 -9999.0 2.005077958438257 1.07798098563525 0.7734172159753496 -6.036881038648262 -14.903934833556816 0.2954659703925482 -2.1935352210791628 
Pedestrian 800 0 -9999.0 -9999.0 -9999.0 -9999.0 1.8252365418957197 0.826570797592179 0.823773242023748 -5.607779923475177 -14.49614896277924 0.20895946367371201 -2.221779015162923 
Pedestrian 8 0 -9999.0 -9999.0 -9999.0 -9999.0 1.8043408497934996 0.9546006466454776 0.7334171808741091 12.307222958792293 -2.728408110020223 -0.306937426831964 -0.568685767068871 
Pedestrian 6 0 -9999.0 -9999.0 -9999.0 -9999.0 1.6942400895099394 0.8430975728940361 0.7105135749127721 12.012511399753816 -2.0914329349341516 -0.3457989217978451 -0.5671618933173761 
Pedestrian 7 0 -9999.0 -9999.0 -9999.0 -9999.0 1.648885929593007 0.9831864636302605 0.8317138756545739 11.355808206077104 -1.9831984336259738 -0.344029512738801 -0.5682792044493539 
