Pedestrian 3 0 -9999.0 -9999.0 -9999.0 -9999.0 1.7332879200631797 0.867767672648839 1.0368724247718488 30.14765129621316 3.5557429374059124 -0.7681330982675862 2.6790702183762 
Pedestrian 1 0 -9999.0 -9999.0 -9999.0 -9999.0 1.807182433933786 0.4986517067846294 0.7374421860488555 15.897305503686928 -6.051766512146051 -0.44159805502762406 1.047934619952665 
Pedestrian 9 0 -9999.0 -9999.0 -9999.0 -9999.0 1.7705975659206388 1.0135610373009363 0.9161041318094005 14.855023195305844 -0.4425833025157663 -0.41413361459813275 -0.7531616030195956 
Pedestrian 5 0 -9999.0 -9999.0 -9999.0 -9999.0 1.687681240450047 0.8003221792819292 0.7601840600327808 31.574943165729444 4.832495339484466 -0.7791245599342871 2.6118756260040925 
Pedestrian 2 0 -9999.0 -9999.0 -9999.0 -9999.0 1.6967671071288006 0.800254612783332 0.8625922522559041 31.872892408284688 4.095215711646903 -0.7870311887940734 2.613020562287936 
Pedestrian 10 0 -9999.0 -9999.0 -9999.0 -9999.0 1.5922854220823695 0.890969754732871 0.8850292117965785 25.36538149517387 2.758473743039733 -0.7961168915987797 3.117535701690004 
Pedestrian 222 0 -9999.0 -9999.0 -9999.0 -9999.0 1.8613035384871213 1.30969941297626 0.8797368924650919 14.431251206230982 4.291422302693302 0.6707023917767712 2.6403022879556097 
Pedestrian 777 0 -9999.0 -9999.0 -9999.0 -9999.0 1.7368967650018896 0.6107271385321869 0.6527395860954398 -4.385597831095926 -13.058332733435783 0.13524271489720904 0.8958323432581823 
Pedestrian 900 0 -9999.0 -9999.0 -9999.0 -9999.0 2.005077958438257 1.07798098563525 0.7734172159753496 -6.063771497860892 -14.852494990340922 0.3069610570142931 -2.193814816173324 
Pedestrian 800 0 -9999.0 -9999.0 -9999.0 -9999.0 1.8252365418957197 0.826570797592179 0.823773242023748 -5.657696027317328 -14.36759033472769 0.22042383856934292 -2.2297133793652346 
Pedestrian 8 0 -9999.0 -9999.0 -9999.0 -9999.0 1.8043408497934996 0.9546006466454776 0.7334171808741091 12.114371330060376 -2.858323906728096 -0.3084048930176415 -0.5682792044493539 
Pedestrian 6 0 -9999.0 -9999.0 -9999.0 -9999.0 1.6942400895099394 0.8430975728940361 0.7105135749127721 11.835765496368456 -2.1957786973955713 -0.34920567264159397 -0.5647082291624308 
Pedestrian 7 0 -9999.0 -9999.0 -9999.0 -9999.0 1.648885929593007 0.9831864636302605 0.8317138756545739 11.101671136940922 -2.1033394923503073 -0.34563499667707004 -0.5663883831743526 
