Pedestrian 1 0 -9999.0 -9999.0 -9999.0 -9999.0 1.807182433933786 0.4986517067846294 0.7374421860488555 16.4135108566211 -6.13852604445806 -0.5012703706005538 -0.26890974719045246 
Pedestrian 9 0 -9999.0 -9999.0 -9999.0 -9999.0 1.7705975659206388 1.0135610373009363 0.9161041318094005 14.236856744447316 -7.736349264326957 -0.497955278226172 -1.8016711892459547 
Pedestrian 10 0 -9999.0 -9999.0 -9999.0 -9999.0 1.5922854220823695 0.890969754732871 0.8850292117965785 33.522844356012946 5.669231456831442 -0.8883188339585527 2.6125481877666417 
Pedestrian 1000 0 -9999.0 -9999.0 -9999.0 -9999.0 2.0069079709977586 1.0255484448811463 0.7682304340527041 -5.903668299588384 -15.065935349272959 0.1588489773030361 -2.1922817463254596 
Pedestrian 222 0 -9999.0 -9999.0 -9999.0 -9999.0 1.8613035384871213 1.30969941297626 0.8797368924650919 18.037013243771856 6.2413405064036285 2.344918943800367 2.532746287828674 
Pedestrian 777 0 -9999.0 -9999.0 -9999.0 -9999.0 1.7368967650018896 0.6107271385321869 0.6527395860954398 -4.148199440194797 -13.259265140379732 0.03303443932591074 0.6033772205091585 
Pedestrian 900 0 -9999.0 -9999.0 -9999.0 -9999.0 2.005077958438257 1.07798098563525 0.7734172159753496 -4.361294725204209 -14.544877689537662 0.13321974775619114 -2.1980665741984478 
Pedestrian 800 0 -9999.0 -9999.0 -9999.0 -9999.0 1.8252365418957197 0.826570797592179 0.823773242023748 -3.34858023310404 -13.74673636436276 0.061593869098655246 -0.5392249858532523 
Pedestrian 8 0 -9999.0 -9999.0 -9999.0 -9999.0 1.8043408497934996 0.9546006466454776 0.7334171808741091 5.423066519939981 -7.976132459778042 -0.22552190616197412 -0.6611673725697429 
Pedestrian 6 0 -9999.0 -9999.0 -9999.0 -9999.0 1.6942400895099394 0.8430975728940361 0.7105135749127721 5.29520511424829 -7.351783748774164 -0.27179531060800977 -0.6611122201653821 
Pedestrian 7 0 -9999.0 -9999.0 -9999.0 -9999.0 1.648885929593007 0.9831864636302605 0.8317138756545739 4.852358928967474 -7.142845723107642 -0.28059470520070795 -0.6611122201653821 
