Pedestrian 3 0 -9999.0 -9999.0 -9999.0 -9999.0 1.7332879200631797 0.867767672648839 1.0368724247718488 28.1666005524023 2.8685373553906603 -0.8131740284174647 2.974644622748974 
Pedestrian 1 0 -9999.0 -9999.0 -9999.0 -9999.0 1.807182433933786 0.4986517067846294 0.7374421860488555 15.88710149348073 -6.048776644573603 -0.4151402673313337 1.159422222099833 
Pedestrian 600 0 -9999.0 -9999.0 -9999.0 -9999.0 1.7 0.6593086028985748 0.6863660936357051 -12.81308631156497 1.5935110520175766 0.2504890582474685 1.6900775882426338 
Pedestrian 555 0 -9999.0 -9999.0 -9999.0 -9999.0 1.7703999772207908 0.702090740104642 0.555502152537194 -9.909083586212255 11.224326494760001 0.3156793424012708 -0.5320549956364431 
Pedestrian 9 0 -9999.0 -9999.0 -9999.0 -9999.0 1.7705975659206388 1.0135610373009363 0.9161041318094005 17.008160287243953 0.957041229005256 -0.4379044357320684 -0.4900996057615643 
Pedestrian 5 0 -9999.0 -9999.0 -9999.0 -9999.0 1.687681240450047 0.8003221792819292 0.7601840600327808 30.124508546400378 3.6824313643225604 -0.8593267438964457 2.733698402479801 
Pedestrian 2 0 -9999.0 -9999.0 -9999.0 -9999.0 1.6967671071288006 0.800254612783332 0.8625922522559041 29.726153478137956 2.9811418306968647 -0.8658463552900448 2.7374424601734013 
Pedestrian 10 0 -9999.0 -9999.0 -9999.0 -9999.0 1.5922854220823695 0.890969754732871 0.8850292117965785 21.749875755514644 2.645559686350259 -0.7097994379108535 3.089391697737316 
Pedestrian 222 0 -9999.0 -9999.0 -9999.0 -9999.0 1.8613035384871213 1.30969941297626 0.8797368924650919 13.300121414276312 3.8897148313394054 -0.04106178656169068 2.69739406917223 
Pedestrian 777 0 -9999.0 -9999.0 -9999.0 -9999.0 1.7368967650018896 0.6107271385321869 0.6527395860954398 -4.190061016192466 -13.447310189405911 0.14744690222043919 0.903189604899973 
Pedestrian 900 0 -9999.0 -9999.0 -9999.0 -9999.0 2.005077958438257 1.07798098563525 0.7734172159753496 -6.051564640865205 -14.914855045962792 0.2824160203331348 -2.193849893870169 
Pedestrian 800 0 -9999.0 -9999.0 -9999.0 -9999.0 1.8252365418957197 0.826570797592179 0.823773242023748 -5.568295915523969 -14.611517137815374 0.18857688989862093 -2.2170128700158536 
Pedestrian 8 0 -9999.0 -9999.0 -9999.0 -9999.0 1.8043408497934996 0.9546006466454776 0.7334171808741091 14.649103172913506 -1.4792590436543187 -0.3464769450732269 -0.501191369962326 
Pedestrian 6 0 -9999.0 -9999.0 -9999.0 -9999.0 1.6942400895099394 0.8430975728940361 0.7105135749127721 13.998102824856844 -0.8171967506507034 -0.3665809078176848 -0.5007845624154221 
Pedestrian 7 0 -9999.0 -9999.0 -9999.0 -9999.0 1.648885929593007 0.9831864636302605 0.8317138756545739 13.300868866809633 -0.5454515399441683 -0.37097151456265287 -0.5008593019626009 
