Pedestrian 3 0 -9999.0 -9999.0 -9999.0 -9999.0 1.7332879200631797 0.867767672648839 1.0368724247718488 30.828224452119994 4.024079959278367 -0.8208868649473091 2.6150215443830724 
Pedestrian 1 0 -9999.0 -9999.0 -9999.0 -9999.0 1.807182433933786 0.4986517067846294 0.7374421860488555 15.97479739560396 -6.1006705742632015 -0.45278466831308256 1.0479346037397157 
Pedestrian 9 0 -9999.0 -9999.0 -9999.0 -9999.0 1.7705975659206388 1.0135610373009363 0.9161041318094005 14.026262189214103 -1.3506882245022669 -0.40876290597725917 -0.9669946106126268 
Pedestrian 10 0 -9999.0 -9999.0 -9999.0 -9999.0 1.5922854220823695 0.890969754732871 0.8850292117965785 26.60366277108999 2.7155008154730176 -0.8939993859905352 -3.14089265014662 
Pedestrian 222 0 -9999.0 -9999.0 -9999.0 -9999.0 1.8613035384871213 1.30969941297626 0.8797368924650919 14.887359137969463 4.562622312814575 0.9127476407348906 2.6564774579685473 
Pedestrian 777 0 -9999.0 -9999.0 -9999.0 -9999.0 1.7368967650018896 0.6107271385321869 0.6527395860954398 -4.060730587189305 -13.284210069513632 -0.05400301509291408 0.902456669219724 
Pedestrian 900 0 -9999.0 -9999.0 -9999.0 -9999.0 2.005077958438257 1.07798098563525 0.7734172159753496 -6.186295203594701 -14.754488567063378 0.09823455173430823 -2.1921863194589477 
Pedestrian 800 0 -9999.0 -9999.0 -9999.0 -9999.0 1.8252365418957197 0.826570797592179 0.823773242023748 -5.441928679979146 -14.22601462507984 0.0010811817188937436 -2.346939054429246 
Pedestrian 8 0 -9999.0 -9999.0 -9999.0 -9999.0 1.8043408497934996 0.9546006466454776 0.7334171808741091 11.174172350001147 -3.465272033980441 -0.29501581012182065 -0.647103543126855 
Pedestrian 6 0 -9999.0 -9999.0 -9999.0 -9999.0 1.6942400895099394 0.8430975728940361 0.7105135749127721 10.895660116432829 -2.8395342736748765 -0.3413453119997263 -0.6454307091170772 
Pedestrian 7 0 -9999.0 -9999.0 -9999.0 -9999.0 1.648885929593007 0.9831864636302605 0.8317138756545739 10.188094352146111 -2.7346639457446362 -0.33906421706812445 -0.6469835618479678 
