Pedestrian 1 0 -9999.0 -9999.0 -9999.0 -9999.0 1.807182433933786 0.4986517067846294 0.7374421860488555 16.381871065354872 -6.1608012663109974 -0.491947370201008 -0.2686587541997163 
Pedestrian 9 0 -9999.0 -9999.0 -9999.0 -9999.0 1.7705975659206388 1.0135610373009363 0.9161041318094005 14.448390617532482 -8.342715239415663 -0.4974265592142283 -2.10095419805986 
Pedestrian 10 0 -9999.0 -9999.0 -9999.0 -9999.0 1.5922854220823695 0.890969754732871 0.8850292117965785 33.63628890530631 5.798438577569549 -0.8679803913265097 2.6125481016594208 
Pedestrian 1000 0 -9999.0 -9999.0 -9999.0 -9999.0 2.0069079709977586 1.0255484448811463 0.7682304340527041 -6.109737967135634 -14.92181241301449 0.05594223366285061 -2.189377983833925 
Pedestrian 222 0 -9999.0 -9999.0 -9999.0 -9999.0 1.8613035384871213 1.30969941297626 0.8797368924650919 18.3061921311833 6.313661250481841 2.4658876663506897 2.621733239395496 
Pedestrian 777 0 -9999.0 -9999.0 -9999.0 -9999.0 1.7368967650018896 0.6107271385321869 0.6527395860954398 -4.344977437295507 -13.374964179288597 -0.04564694415341822 -0.17107152884061705 
Pedestrian 900 0 -9999.0 -9999.0 -9999.0 -9999.0 2.005077958438257 1.07798098563525 0.7734172159753496 -4.241196133485273 -14.66660308875408 0.06997294963252476 -2.1992543093200894 
Pedestrian 800 0 -9999.0 -9999.0 -9999.0 -9999.0 1.8252365418957197 0.826570797592179 0.823773242023748 -3.49027571670796 -13.794616585139746 -0.012275416395400425 -0.5421156011254222 
Pedestrian 8 0 -9999.0 -9999.0 -9999.0 -9999.0 1.8043408497934996 0.9546006466454776 0.7334171808741091 4.823931343676328 -8.368464867170342 -0.21763646282783514 -0.6613520883544091 
Pedestrian 6 0 -9999.0 -9999.0 -9999.0 -9999.0 1.6942400895099394 0.8430975728940361 0.7105135749127721 4.81430578759269 -7.758673053732148 -0.25042401693139277 -0.6611122201653821 
Pedestrian 7 0 -9999.0 -9999.0 -9999.0 -9999.0 1.648885929593007 0.9831864636302605 0.8317138756545739 4.2243067106853465 -7.644932042805198 -0.26087917690426005 -0.6610721559573953 
