Pedestrian 11 0 -9999.0 -9999.0 -9999.0 -9999.0 1.6916927201964427 0.6038848211313681 0.678453127707127 27.330948842741424 11.773004589432384 5.708025137365405 2.550190454545392 
Pedestrian 1 0 -9999.0 -9999.0 -9999.0 -9999.0 1.807182433933786 0.4986517067846294 0.7374421860488555 16.38455130591971 -6.169197133161312 -0.46575182351470246 -0.26604647200095144 
Pedestrian 9 0 -9999.0 -9999.0 -9999.0 -9999.0 1.7705975659206388 1.0135610373009363 0.9161041318094005 13.549248163652635 -5.454536696991579 -0.43936077174918536 -1.8019606483654904 
Pedestrian 10 0 -9999.0 -9999.0 -9999.0 -9999.0 1.5922854220823695 0.890969754732871 0.8850292117965785 31.145691602557484 4.0782110526967355 -0.9863155660400333 2.6125482761923458 
Pedestrian 1000 0 -9999.0 -9999.0 -9999.0 -9999.0 2.0069079709977586 1.0255484448811463 0.7682304340527041 -5.970664132869134 -15.08611749548741 0.19536893339902026 -2.1938092911299876 
Pedestrian 222 0 -9999.0 -9999.0 -9999.0 -9999.0 1.8613035384871213 1.30969941297626 0.8797368924650919 17.345881609595338 5.61065686297488 1.7140545522969075 2.439757300600018 
Pedestrian 777 0 -9999.0 -9999.0 -9999.0 -9999.0 1.7368967650018896 0.6107271385321869 0.6527395860954398 -4.000768702908583 -13.428224982417328 0.027684553356833345 0.9140760907722596 
Pedestrian 900 0 -9999.0 -9999.0 -9999.0 -9999.0 2.005077958438257 1.07798098563525 0.7734172159753496 -4.7737730089272885 -14.369011633157681 0.16507693566368395 -2.6484322685210593 
Pedestrian 800 0 -9999.0 -9999.0 -9999.0 -9999.0 1.8252365418957197 0.826570797592179 0.823773242023748 -3.410276361144078 -13.926170891995731 0.08670347939956777 -1.6019930106107445 
Pedestrian 8 0 -9999.0 -9999.0 -9999.0 -9999.0 1.8043408497934996 0.9546006466454776 0.7334171808741091 7.441018087260373 -6.50286088309802 -0.24746147338838057 -0.6611556389066742 
Pedestrian 6 0 -9999.0 -9999.0 -9999.0 -9999.0 1.6942400895099394 0.8430975728940361 0.7105135749127721 7.3382643486011565 -5.718223255524824 -0.2883456314554185 -0.6611122201653821 
Pedestrian 7 0 -9999.0 -9999.0 -9999.0 -9999.0 1.648885929593007 0.9831864636302605 0.8317138756545739 6.641137880058942 -5.857944873576608 -0.322047914018092 -0.6611122201653821 
