Pedestrian 3 0 -9999.0 -9999.0 -9999.0 -9999.0 1.7332879200631797 0.867767672648839 1.0368724247718488 27.115790210005986 3.159193169806409 -0.7500696794319128 -3.1346782718598636 
Pedestrian 1 0 -9999.0 -9999.0 -9999.0 -9999.0 1.807182433933786 0.4986517067846294 0.7374421860488555 15.885780341948056 -6.041104393322831 -0.3783294228243161 1.1595531243813468 
Pedestrian 600 0 -9999.0 -9999.0 -9999.0 -9999.0 1.7 0.6593086028985748 0.6863660936357051 -12.818621361073156 1.5487418056200537 0.32222000523820704 1.6900776209666608 
Pedestrian 555 0 -9999.0 -9999.0 -9999.0 -9999.0 1.7703999772207908 0.702090740104642 0.555502152537194 -9.673536313878763 11.472049079071203 0.3014616858466454 -0.5320549956364431 
Pedestrian 9 0 -9999.0 -9999.0 -9999.0 -9999.0 1.7705975659206388 1.0135610373009363 0.9161041318094005 18.319716584435056 1.3118734010428337 -0.47848877872142326 -0.48980911543921124 
Pedestrian 5 0 -9999.0 -9999.0 -9999.0 -9999.0 1.687681240450047 0.8003221792819292 0.7601840600327808 28.59449643547977 3.138667259217372 -0.8033295146086956 2.959997755724281 
Pedestrian 2 0 -9999.0 -9999.0 -9999.0 -9999.0 1.6967671071288006 0.800254612783332 0.8625922522559041 28.534160664080925 2.421279786332514 -0.7998761680977418 2.959928105341275 
Pedestrian 10 0 -9999.0 -9999.0 -9999.0 -9999.0 1.5922854220823695 0.890969754732871 0.8850292117965785 19.953317595207277 2.5395810535293797 -0.6276600595421143 3.0896107516386486 
Pedestrian 222 0 -9999.0 -9999.0 -9999.0 -9999.0 1.8613035384871213 1.30969941297626 0.8797368924650919 12.608130972498941 3.4791122030627974 -0.18557670931233258 2.7555987814301908 
Pedestrian 777 0 -9999.0 -9999.0 -9999.0 -9999.0 1.7368967650018896 0.6107271385321869 0.6527395860954398 -4.226974425346357 -13.382470711506828 0.1870566968858331 0.9019433137066404 
Pedestrian 900 0 -9999.0 -9999.0 -9999.0 -9999.0 2.005077958438257 1.07798098563525 0.7734172159753496 -6.074315366748952 -14.932006723228044 0.2344302899674257 -2.1937942413301066 
Pedestrian 800 0 -9999.0 -9999.0 -9999.0 -9999.0 1.8252365418957197 0.826570797592179 0.823773242023748 -5.521287620062752 -14.552094652582603 0.14384920765560588 -2.21707607966715 
Pedestrian 8 0 -9999.0 -9999.0 -9999.0 -9999.0 1.8043408497934996 0.9546006466454776 0.7334171808741091 15.46488304417621 -1.0171445349680797 -0.3870267455564822 -0.5002445248773633 
Pedestrian 6 0 -9999.0 -9999.0 -9999.0 -9999.0 1.6942400895099394 0.8430975728940361 0.7105135749127721 15.231950449436685 -0.28470809299519784 -0.4318014531003257 -0.5002445150413859 
Pedestrian 7 0 -9999.0 -9999.0 -9999.0 -9999.0 1.648885929593007 0.9831864636302605 0.8317138756545739 14.437987728487675 -0.013498929632357354 -0.3956736376127962 -0.5002424480667038 
