Pedestrian 3 0 -9999.0 -9999.0 -9999.0 -9999.0 1.7332879200631797 0.867767672648839 1.0368724247718488 29.233520910617575 2.9986902717302684 -0.8262384010653896 2.944672529805068 
Pedestrian 1 0 -9999.0 -9999.0 -9999.0 -9999.0 1.807182433933786 0.4986517067846294 0.7374421860488555 16.00871663837423 -5.998792984053988 -0.4299739099698558 1.1070623445400027 
Pedestrian 600 0 -9999.0 -9999.0 -9999.0 -9999.0 1.7 0.6593086028985748 0.6863660936357051 -12.802827411616185 1.6748922288848498 0.19119564901470476 1.6900775383968707 
Pedestrian 9 0 -9999.0 -9999.0 -9999.0 -9999.0 1.7705975659206388 1.0135610373009363 0.9161041318094005 15.788914246789505 0.3157476528859412 -0.4365903733501171 -0.4901035423719087 
Pedestrian 5 0 -9999.0 -9999.0 -9999.0 -9999.0 1.687681240450047 0.8003221792819292 0.7601840600327808 30.80090290972785 4.312930044360886 -0.8764159233445562 2.6101498246379897 
Pedestrian 2 0 -9999.0 -9999.0 -9999.0 -9999.0 1.6967671071288006 0.800254612783332 0.8625922522559041 30.843970648389448 3.555185514154517 -0.8803468039375121 2.613846714800747 
Pedestrian 10 0 -9999.0 -9999.0 -9999.0 -9999.0 1.5922854220823695 0.890969754732871 0.8850292117965785 23.635492845190793 2.6499114177140215 -0.6991989884260417 3.1041243994976746 
Pedestrian 222 0 -9999.0 -9999.0 -9999.0 -9999.0 1.8613035384871213 1.30969941297626 0.8797368924650919 13.821008031693356 4.088800392443987 0.3417177680376575 2.6104835659789583 
Pedestrian 777 0 -9999.0 -9999.0 -9999.0 -9999.0 1.7368967650018896 0.6107271385321869 0.6527395860954398 -4.184643645755896 -13.455141995215927 0.18217735442320807 0.9033319596422045 
Pedestrian 900 0 -9999.0 -9999.0 -9999.0 -9999.0 2.005077958438257 1.07798098563525 0.7734172159753496 -6.064565145323062 -15.01480812166192 0.34635879380949564 -2.193814816173324 
Pedestrian 800 0 -9999.0 -9999.0 -9999.0 -9999.0 1.8252365418957197 0.826570797592179 0.823773242023748 -5.405086595902125 -14.56863477825314 0.241088523340376 -2.2177666501919937 
Pedestrian 8 0 -9999.0 -9999.0 -9999.0 -9999.0 1.8043408497934996 0.9546006466454776 0.7334171808741091 13.394607817083767 -2.1421850702678307 -0.3034159385423219 -0.5447788837934695 
Pedestrian 6 0 -9999.0 -9999.0 -9999.0 -9999.0 1.6942400895099394 0.8430975728940361 0.7105135749127721 12.88324524688948 -1.574035561899696 -0.32928367135201125 -0.5339991076408293 
Pedestrian 7 0 -9999.0 -9999.0 -9999.0 -9999.0 1.648885929593007 0.9831864636302605 0.8317138756545739 12.202150750674429 -1.3434998401559515 -0.3385953303324046 -0.5371942472741651 
