Pedestrian 3 0 -9999.0 -9999.0 -9999.0 -9999.0 1.7332879200631797 0.867767672648839 1.0368724247718488 28.691798790615024 2.9787140774628926 -0.8453549126320142 2.9769450202778316 
Pedestrian 1 0 -9999.0 -9999.0 -9999.0 -9999.0 1.807182433933786 0.4986517067846294 0.7374421860488555 15.936417273920899 -6.184368287076282 -0.4114639881671885 1.1070623445400027 
Pedestrian 600 0 -9999.0 -9999.0 -9999.0 -9999.0 1.7 0.6593086028985748 0.6863660936357051 -12.808250695745333 1.6319245718118986 0.22005597226105442 1.6900775643828938 
Pedestrian 9 0 -9999.0 -9999.0 -9999.0 -9999.0 1.7705975659206388 1.0135610373009363 0.9161041318094005 16.43020741987981 0.6045527535238157 -0.43849723103217486 -0.4901035423719087 
Pedestrian 5 0 -9999.0 -9999.0 -9999.0 -9999.0 1.687681240450047 0.8003221792819292 0.7601840600327808 30.554670104410423 4.07475176055547 -0.8757378305891836 2.636698354538755 
Pedestrian 2 0 -9999.0 -9999.0 -9999.0 -9999.0 1.6967671071288006 0.800254612783332 0.8625922522559041 30.337157464122487 3.3330516919100632 -0.8845971464079984 2.644900890663914 
Pedestrian 10 0 -9999.0 -9999.0 -9999.0 -9999.0 1.5922854220823695 0.890969754732871 0.8850292117965785 22.69494932925351 2.6220530126501296 -0.7166557123349732 3.0904776020960654 
Pedestrian 222 0 -9999.0 -9999.0 -9999.0 -9999.0 1.8613035384871213 1.30969941297626 0.8797368924650919 13.574384702970614 4.006664781776944 0.23713529496318947 2.6960466220014823 
Pedestrian 777 0 -9999.0 -9999.0 -9999.0 -9999.0 1.7368967650018896 0.6107271385321869 0.6527395860954398 -4.162192896895871 -13.4943109540877 0.16454164373006538 0.9040740115396169 
Pedestrian 900 0 -9999.0 -9999.0 -9999.0 -9999.0 2.005077958438257 1.07798098563525 0.7734172159753496 -6.063564916013316 -14.977151363958798 0.23493133550888612 -2.193944011594903 
Pedestrian 800 0 -9999.0 -9999.0 -9999.0 -9999.0 1.8252365418957197 0.826570797592179 0.823773242023748 -5.502165363067285 -14.638311245786706 0.11037960662737134 -2.216846541923255 
Pedestrian 8 0 -9999.0 -9999.0 -9999.0 -9999.0 1.8043408497934996 0.9546006466454776 0.7334171808741091 14.083339605963621 -1.8278125803230167 -0.31774538992587936 -0.5001895470059239 
Pedestrian 6 0 -9999.0 -9999.0 -9999.0 -9999.0 1.6942400895099394 0.8430975728940361 0.7105135749127721 13.41986262053231 -1.2100209509916688 -0.34194384612098355 -0.49553989850113034 
Pedestrian 7 0 -9999.0 -9999.0 -9999.0 -9999.0 1.648885929593007 0.9831864636302605 0.8317138756545739 12.871560403941556 -0.9202969023373286 -0.34893794361546304 -0.4949537471963339 
