Pedestrian 3 0 -9999.0 -9999.0 -9999.0 -9999.0 1.7332879200631797 0.867767672648839 1.0368724247718488 27.767304432161335 2.949479090457203 -0.8077219333514943 2.986381618991995 
Pedestrian 1 0 -9999.0 -9999.0 -9999.0 -9999.0 1.807182433933786 0.4986517067846294 0.7374421860488555 15.883721644630702 -6.090392845454976 -0.39942149720710934 1.159422222099833 
Pedestrian 600 0 -9999.0 -9999.0 -9999.0 -9999.0 1.7 0.6593086028985748 0.6863660936357051 -12.815686276352698 1.5727375995924302 0.2723741407848948 1.6900776018814723 
Pedestrian 555 0 -9999.0 -9999.0 -9999.0 -9999.0 1.7703999772207908 0.702090740104642 0.555502152537194 -9.843913212890696 11.262242856819471 0.3179681353403476 -0.5320549956364431 
Pedestrian 9 0 -9999.0 -9999.0 -9999.0 -9999.0 1.7705975659206388 1.0135610373009363 0.9161041318094005 17.3989319838137 1.0264940432624994 -0.46737389717739697 -0.4901035423719087 
Pedestrian 5 0 -9999.0 -9999.0 -9999.0 -9999.0 1.687681240450047 0.8003221792819292 0.7601840600327808 29.693892528290636 3.427861135969469 -0.8446793357829859 2.812567720859878 
Pedestrian 2 0 -9999.0 -9999.0 -9999.0 -9999.0 1.6967671071288006 0.800254612783332 0.8625922522559041 29.30098642491153 2.7722132935191515 -0.8546579946624754 2.8125676910776907 
Pedestrian 10 0 -9999.0 -9999.0 -9999.0 -9999.0 1.5922854220823695 0.890969754732871 0.8850292117965785 21.195336520709812 2.654843628184072 -0.678112704719128 3.090437166317038 
Pedestrian 222 0 -9999.0 -9999.0 -9999.0 -9999.0 1.8613035384871213 1.30969941297626 0.8797368924650919 13.090904253510391 3.77339183757831 -0.1855416580169153 2.6886156472096907 
Pedestrian 777 0 -9999.0 -9999.0 -9999.0 -9999.0 1.7368967650018896 0.6107271385321869 0.6527395860954398 -4.212656325139092 -13.408638577764396 0.14689008749814517 0.902456669219724 
Pedestrian 900 0 -9999.0 -9999.0 -9999.0 -9999.0 2.005077958438257 1.07798098563525 0.7734172159753496 -6.083964756831104 -14.845507161706731 0.2740281911317907 -2.193792121472246 
Pedestrian 800 0 -9999.0 -9999.0 -9999.0 -9999.0 1.8252365418957197 0.826570797592179 0.823773242023748 -5.528769462245621 -14.614996797508885 0.18280940871518703 -2.2172381819326397 
Pedestrian 8 0 -9999.0 -9999.0 -9999.0 -9999.0 1.8043408497934996 0.9546006466454776 0.7334171808741091 14.967560573406708 -1.3213957511525352 -0.37321638193363593 -0.5002445248773633 
Pedestrian 6 0 -9999.0 -9999.0 -9999.0 -9999.0 1.6942400895099394 0.8430975728940361 0.7105135749127721 14.426735198981326 -0.5637883423184132 -0.39817597289239065 -0.5001895470059239 
Pedestrian 7 0 -9999.0 -9999.0 -9999.0 -9999.0 1.648885929593007 0.9831864636302605 0.8317138756545739 13.611903058468227 -0.26256979784160567 -0.38191656346799024 -0.5001895470059239 
