Pedestrian 3 0 -9999.0 -9999.0 -9999.0 -9999.0 1.7332879200631797 0.867767672648839 1.0368724247718488 30.27282839169091 3.69630361264493 -0.7828376062453152 2.6505123610155934 
Pedestrian 1 0 -9999.0 -9999.0 -9999.0 -9999.0 1.807182433933786 0.4986517067846294 0.7374421860488555 15.936035560862976 -6.097718843568784 -0.4454302874362935 1.0460250223923193 
Pedestrian 9 0 -9999.0 -9999.0 -9999.0 -9999.0 1.7705975659206388 1.0135610373009363 0.9161041318094005 14.693458023501739 -0.6251449554958735 -0.418422995812539 -0.9669945311532793 
Pedestrian 10 0 -9999.0 -9999.0 -9999.0 -9999.0 1.5922854220823695 0.890969754732871 0.8850292117965785 25.603995726609945 2.7506847589232097 -0.814075217800075 3.1245266496308677 
Pedestrian 222 0 -9999.0 -9999.0 -9999.0 -9999.0 1.8613035384871213 1.30969941297626 0.8797368924650919 14.430982950418587 4.303086208834918 0.7315505530618088 2.6449332468325863 
Pedestrian 777 0 -9999.0 -9999.0 -9999.0 -9999.0 1.7368967650018896 0.6107271385321869 0.6527395860954398 -4.379048643620284 -13.030968714430522 0.10828158185274754 0.8952991746812211 
Pedestrian 900 0 -9999.0 -9999.0 -9999.0 -9999.0 2.005077958438257 1.07798098563525 0.7734172159753496 -6.2203800453239975 -14.641525166230908 0.2634006421163033 -2.1942532848148666 
Pedestrian 800 0 -9999.0 -9999.0 -9999.0 -9999.0 1.8252365418957197 0.826570797592179 0.823773242023748 -5.682050510444832 -14.223846455975075 0.19616223747907177 -2.2348974116976876 
Pedestrian 8 0 -9999.0 -9999.0 -9999.0 -9999.0 1.8043408497934996 0.9546006466454776 0.7334171808741091 11.923054572637295 -2.9865193663609477 -0.3082875130006698 -0.5682792044493539 
Pedestrian 6 0 -9999.0 -9999.0 -9999.0 -9999.0 1.6942400895099394 0.8430975728940361 0.7105135749127721 11.645633157915388 -2.316172238594968 -0.35084880149149245 -0.5682792044493539 
Pedestrian 7 0 -9999.0 -9999.0 -9999.0 -9999.0 1.648885929593007 0.9831864636302605 0.8317138756545739 10.82722415282503 -2.220978128138723 -0.34611944896294145 -0.5682792044493539 
