Pedestrian 3 0 -9999.0 -9999.0 -9999.0 -9999.0 1.7332879200631797 0.867767672648839 1.0368724247718488 26.658737170449115 3.341976325864049 -0.7269091951074254 -2.6970984358468932 
Pedestrian 1 0 -9999.0 -9999.0 -9999.0 -9999.0 1.807182433933786 0.4986517067846294 0.7374421860488555 15.860059867001205 -6.013692344180879 -0.38860721684316785 1.1594222220998338 
Pedestrian 600 0 -9999.0 -9999.0 -9999.0 -9999.0 1.7 0.6593086028985748 0.6863660936357051 -12.81813944701676 1.5515394226465509 0.3593398387662363 1.6900776255668832 
Pedestrian 555 0 -9999.0 -9999.0 -9999.0 -9999.0 1.7703999772207908 0.702090740104642 0.555502152537194 -9.505769261597617 11.591980526132954 0.22760911622790908 -0.5320549956364431 
Pedestrian 9 0 -9999.0 -9999.0 -9999.0 -9999.0 1.7705975659206388 1.0135610373009363 0.9161041318094005 18.9144053707498 1.6256150741620576 -0.49893053382042063 -0.4900420325487751 
Pedestrian 5 0 -9999.0 -9999.0 -9999.0 -9999.0 1.687681240450047 0.8003221792819292 0.7601840600327808 27.903032360441436 2.996684771446241 -0.7470530674885071 3.115608107503263 
Pedestrian 2 0 -9999.0 -9999.0 -9999.0 -9999.0 1.6967671071288006 0.800254612783332 0.8625922522559041 27.8539486877183 2.2782071457195525 -0.7553907856185826 3.1143066191527566 
Pedestrian 10 0 -9999.0 -9999.0 -9999.0 -9999.0 1.5922854220823695 0.890969754732871 0.8850292117965785 19.13021821997068 2.4259599116173822 -0.5987392309859019 2.8911828876707126 
Pedestrian 222 0 -9999.0 -9999.0 -9999.0 -9999.0 1.8613035384871213 1.30969941297626 0.8797368924650919 11.94171852792546 3.2590640368424166 -0.16366665900922636 2.7839382656532106 
Pedestrian 777 0 -9999.0 -9999.0 -9999.0 -9999.0 1.7368967650018896 0.6107271385321869 0.6527395860954398 -4.219318401528004 -13.393551812109145 0.2422716704849101 0.9021454989037236 
Pedestrian 900 0 -9999.0 -9999.0 -9999.0 -9999.0 2.005077958438257 1.07798098563525 0.7734172159753496 -6.061588938259916 -14.998425386945023 0.27796727567240465 -2.1938213988577253 
Pedestrian 800 0 -9999.0 -9999.0 -9999.0 -9999.0 1.8252365418957197 0.826570797592179 0.823773242023748 -5.5550864182210535 -14.46605368284111 0.19351965053535664 -2.2183063169464923 
Pedestrian 8 0 -9999.0 -9999.0 -9999.0 -9999.0 1.8043408497934996 0.9546006466454776 0.7334171808741091 16.038255433644988 -0.788529957041198 -0.37478386298195276 -0.500387960245332 
Pedestrian 6 0 -9999.0 -9999.0 -9999.0 -9999.0 1.6942400895099394 0.8430975728940361 0.7105135749127721 15.811381072121257 -0.141257278574087 -0.41527788084285966 -0.5001519085032591 
Pedestrian 7 0 -9999.0 -9999.0 -9999.0 -9999.0 1.648885929593007 0.9831864636302605 0.8317138756545739 15.045228796081776 0.08741283755336665 -0.3990696734649467 -0.5001536849587787 
