Pedestrian 3 0 -9999.0 -9999.0 -9999.0 -9999.0 1.7332879200631797 0.867767672648839 1.0368724247718488 31.14797016979126 4.026691598403825 -0.7918783327914757 2.6208218349785 
Pedestrian 1 0 -9999.0 -9999.0 -9999.0 -9999.0 1.807182433933786 0.4986517067846294 0.7374421860488555 15.918803190462963 -6.1554883210462314 -0.4493289708904867 1.0229009122394457 
Pedestrian 9 0 -9999.0 -9999.0 -9999.0 -9999.0 1.7705975659206388 1.0135610373009363 0.9161041318094005 13.963535692872032 -1.6717662674241078 -0.40090031428276257 -0.9669915627881824 
Pedestrian 10 0 -9999.0 -9999.0 -9999.0 -9999.0 1.5922854220823695 0.890969754732871 0.8850292117965785 27.14208863492501 2.739108629141936 -0.8973578780947102 3.084495082732703 
Pedestrian 222 0 -9999.0 -9999.0 -9999.0 -9999.0 1.8613035384871213 1.30969941297626 0.8797368924650919 15.106395800670272 4.616703636999242 1.006240812236284 2.6559265148884883 
Pedestrian 777 0 -9999.0 -9999.0 -9999.0 -9999.0 1.7368967650018896 0.6107271385321869 0.6527395860954398 -4.024436848117585 -13.28164347989797 -0.06528409993792014 0.913374779518862 
Pedestrian 900 0 -9999.0 -9999.0 -9999.0 -9999.0 2.005077958438257 1.07798098563525 0.7734172159753496 -6.1082802385804085 -14.655585857835094 0.07936462548415324 -2.187879820198175 
Pedestrian 800 0 -9999.0 -9999.0 -9999.0 -9999.0 1.8252365418957197 0.826570797592179 0.823773242023748 -5.234500083555073 -14.192487096757487 -0.010563741412212564 -2.833831942404281 
Pedestrian 8 0 -9999.0 -9999.0 -9999.0 -9999.0 1.8043408497934996 0.9546006466454776 0.7334171808741091 10.764065123019062 -3.761249423500542 -0.2931135858795269 -0.6611673725697429 
Pedestrian 6 0 -9999.0 -9999.0 -9999.0 -9999.0 1.6942400895099394 0.8430975728940361 0.7105135749127721 10.511091141747798 -3.149604822917601 -0.3369859876507035 -0.6611122201653821 
Pedestrian 7 0 -9999.0 -9999.0 -9999.0 -9999.0 1.648885929593007 0.9831864636302605 0.8317138756545739 9.821267860423925 -3.0278094010616647 -0.3378081253182904 -0.6611122201653821 
