Pedestrian 3 0 -9999.0 -9999.0 -9999.0 -9999.0 1.7332879200631797 0.867767672648839 1.0368724247718488 25.625452213921314 4.9809181382522825 -0.6981737985293917 -2.0594919016454902 
Pedestrian 1 0 -9999.0 -9999.0 -9999.0 -9999.0 1.807182433933786 0.4986517067846294 0.7374421860488555 15.88283159555776 -6.039980742270058 -0.36190986545992737 1.3657997266994544 
Pedestrian 400 0 -9999.0 -9999.0 -9999.0 -9999.0 1.6576667398803693 0.641454641174015 0.7418146557156398 -8.500290152982384 -10.316554778270008 5.999719283645854 -0.5497066624680489 
Pedestrian 600 0 -9999.0 -9999.0 -9999.0 -9999.0 1.7 0.6593086028985748 0.6863660936357051 -12.805722389734965 1.635529177500967 0.19259561168420417 1.6900775499323553 
Pedestrian 555 0 -9999.0 -9999.0 -9999.0 -9999.0 1.7703999772207908 0.702090740104642 0.555502152537194 -8.802772714802378 12.038954971055153 0.15195673243103977 -0.5320549956364431 
Pedestrian 5 0 -9999.0 -9999.0 -9999.0 -9999.0 1.687681240450047 0.8003221792819292 0.7601840600327808 25.268826203593157 3.391065371788814 -0.7286738308667596 -3.062929943683196 
Pedestrian 2 0 -9999.0 -9999.0 -9999.0 -9999.0 1.6967671071288006 0.800254612783332 0.8625922522559041 25.193013538169204 2.5713334444220184 -0.7547837362959218 -3.0626466919755533 
Pedestrian 10 0 -9999.0 -9999.0 -9999.0 -9999.0 1.5922854220823695 0.890969754732871 0.8850292117965785 16.419832478472877 1.2367920910806038 -0.5239120307897427 2.5893956788673265 
Pedestrian 222 0 -9999.0 -9999.0 -9999.0 -9999.0 1.8613035384871213 1.30969941297626 0.8797368924650919 9.311561143942653 3.1170457025923644 -0.10698007138042417 -2.8803387672223923 
Pedestrian 777 0 -9999.0 -9999.0 -9999.0 -9999.0 1.7368967650018896 0.6107271385321869 0.6527395860954398 -4.206844351755598 -13.409348112354367 0.3906045587804673 0.9024990519269522 
Pedestrian 900 0 -9999.0 -9999.0 -9999.0 -9999.0 2.005077958438257 1.07798098563525 0.7734172159753496 -6.011578263669859 -14.940882521649705 0.51501510605454 -2.193813907799111 
Pedestrian 800 0 -9999.0 -9999.0 -9999.0 -9999.0 1.8252365418957197 0.826570797592179 0.823773242023748 -5.549593556116444 -14.665013966739401 0.4229762311533084 -2.225058361240338 
Pedestrian 8 0 -9999.0 -9999.0 -9999.0 -9999.0 1.8043408497934996 0.9546006466454776 0.7334171808741091 18.17635007442119 0.1451680658278821 -0.4796442832458043 -0.5001956271664891 
Pedestrian 6 0 -9999.0 -9999.0 -9999.0 -9999.0 1.6942400895099394 0.8430975728940361 0.7105135749127721 17.88205685320433 0.6910638758919296 -0.5114602762428115 -0.5001881598766964 
Pedestrian 7 0 -9999.0 -9999.0 -9999.0 -9999.0 1.648885929593007 0.9831864636302605 0.8317138756545739 17.347992320398962 0.9244585211385836 -0.5206764167581466 -0.5001881784218725 
