Pedestrian 3 0 -9999.0 -9999.0 -9999.0 -9999.0 1.7332879200631797 0.867767672648839 1.0368724247718488 30.398050340354 3.8267939015851438 -0.8039317431291861 2.631800934458205 
Pedestrian 1 0 -9999.0 -9999.0 -9999.0 -9999.0 1.807182433933786 0.4986517067846294 0.7374421860488555 16.00200141546623 -6.1029812915379695 -0.4454997622701787 1.0479346037397148 
Pedestrian 9 0 -9999.0 -9999.0 -9999.0 -9999.0 1.7705975659206388 1.0135610373009363 0.9161041318094005 14.48935985012164 -0.8625530346555501 -0.40716965125256127 -0.9669946106126268 
Pedestrian 10 0 -9999.0 -9999.0 -9999.0 -9999.0 1.5922854220823695 0.890969754732871 0.8850292117965785 25.843348242080207 2.7399292369942274 -0.8237575225586319 3.133779053507469 
Pedestrian 222 0 -9999.0 -9999.0 -9999.0 -9999.0 1.8613035384871213 1.30969941297626 0.8797368924650919 14.48394690199665 4.347044923979787 0.7995109177592334 2.6492043955673665 
Pedestrian 777 0 -9999.0 -9999.0 -9999.0 -9999.0 1.7368967650018896 0.6107271385321869 0.6527395860954398 -4.342060992526898 -13.040375360591918 0.0739573565668235 0.8954512287403658 
Pedestrian 900 0 -9999.0 -9999.0 -9999.0 -9999.0 2.005077958438257 1.07798098563525 0.7734172159753496 -6.3000769135622985 -14.551732985005007 0.21340701910481522 -2.194606114194544 
Pedestrian 800 0 -9999.0 -9999.0 -9999.0 -9999.0 1.8252365418957197 0.826570797592179 0.823773242023748 -5.673213939665794 -14.116908784474576 0.14864858622774701 -2.2324230465058523 
Pedestrian 8 0 -9999.0 -9999.0 -9999.0 -9999.0 1.8043408497934996 0.9546006466454776 0.7334171808741091 11.731585153719942 -3.1105191421278207 -0.30606778137282525 -0.5786496037326003 
Pedestrian 6 0 -9999.0 -9999.0 -9999.0 -9999.0 1.6942400895099394 0.8430975728940361 0.7105135749127721 11.441071793594727 -2.45523066908574 -0.35020997530299247 -0.5808243999432943 
Pedestrian 7 0 -9999.0 -9999.0 -9999.0 -9999.0 1.648885929593007 0.9831864636302605 0.8317138756545739 10.612708720595707 -2.3427129013649646 -0.34519793037705654 -0.5796968094169355 
