Pedestrian 1 0 -9999.0 -9999.0 -9999.0 -9999.0 1.807182433933786 0.4986517067846294 0.7374421860488555 16.330844428854995 -6.161332807175877 -0.5319913453567724 -0.2672620195984887 
Pedestrian 9 0 -9999.0 -9999.0 -9999.0 -9999.0 1.7705975659206388 1.0135610373009363 0.9161041318094005 15.236215340419017 -9.615382650083502 -0.5182773741424481 -2.2188448191447154 
Pedestrian 1000 0 -9999.0 -9999.0 -9999.0 -9999.0 2.0069079709977586 1.0255484448811463 0.7682304340527041 -5.946447013294428 -15.141167844647924 0.06149224136696229 -2.1980063028544095 
Pedestrian 222 0 -9999.0 -9999.0 -9999.0 -9999.0 1.8613035384871213 1.30969941297626 0.8797368924650919 18.763779042080078 6.578655751340069 2.7472389330958547 2.629670346259264 
Pedestrian 777 0 -9999.0 -9999.0 -9999.0 -9999.0 1.7368967650018896 0.6107271385321869 0.6527395860954398 -5.367509403342878 -14.06656143822048 -0.05405904466200264 -0.4363323129985819 
Pedestrian 900 0 -9999.0 -9999.0 -9999.0 -9999.0 2.005077958438257 1.07798098563525 0.7734172159753496 -4.0821059768493155 -14.581550576717776 0.09501715565370374 -2.2040107793954213 
Pedestrian 800 0 -9999.0 -9999.0 -9999.0 -9999.0 1.8252365418957197 0.826570797592179 0.823773242023748 -3.5511725151212463 -13.638256800826232 0.006476535553297663 -0.5408854752221295 
Pedestrian 8 0 -9999.0 -9999.0 -9999.0 -9999.0 1.8043408497934996 0.9546006466454776 0.7334171808741091 3.5224580860998445 -9.293927694374977 -0.19613370435575092 -0.6556156547520757 
Pedestrian 6 0 -9999.0 -9999.0 -9999.0 -9999.0 1.6942400895099394 0.8430975728940361 0.7105135749127721 3.6692587888585217 -8.685725834537656 -0.2661059189481478 -0.6611122201653821 
Pedestrian 7 0 -9999.0 -9999.0 -9999.0 -9999.0 1.648885929593007 0.9831864636302605 0.8317138756545739 2.921984701372942 -8.683213892232672 -0.26400761761303415 -0.6611122201653821 
