0 1 Pedestrian 0 0 -1 -9999.0 -9999.0 -9999.0 -9999.0 1.7137575058002885 0.6316703075843266 0.7089807417932451 3.0669288670218364 -7.495289985015955 0.21714580406734485 -2.382911280221961  
0 2 Pedestrian 0 0 -1 -9999.0 -9999.0 -9999.0 -9999.0 1.7693083349977314 0.6973501939707665 0.7236152114545155 5.954930071478948 -20.823168382327236 0.9333607307819531 -1.9433840691594284  
0 5 Pedestrian 0 0 -1 -9999.0 -9999.0 -9999.0 -9999.0 1.7708351413111814 0.5926468999786946 0.6873376257887713 5.174683575551313 -12.626871900480566 0.509579489118366 0.7313074428184159  
0 4 Pedestrian 0 0 -1 -9999.0 -9999.0 -9999.0 -9999.0 1.7678836800061748 0.699827223863162 0.8583515515104435 -0.5466740882754273 -1.0052111510500694 -0.0417244762634994 0.25245349872056977  
1 1 Pedestrian 0 0 -1 -9999.0 -9999.0 -9999.0 -9999.0 1.7137575058002885 0.6316703075843266 0.7089807417932451 3.1204056322412796 -7.392905461252125 0.2207123985945274 -2.4866046296882534  
1 2 Pedestrian 0 0 -1 -9999.0 -9999.0 -9999.0 -9999.0 1.7693083349977314 0.6973501939707665 0.7236152114545155 5.945123748618574 -20.755901288412815 0.9261120512867079 -2.0855570683806395  
1 5 Pedestrian 0 0 -1 -9999.0 -9999.0 -9999.0 -9999.0 1.7708351413111814 0.5926468999786946 0.6873376257887713 5.094591120770115 -12.432687520135655 0.498906428303858 0.7318150711471247  
1 4 Pedestrian 0 0 -1 -9999.0 -9999.0 -9999.0 -9999.0 1.7678836800061748 0.699827223863162 0.8583515515104435 -0.6022875772656882 -0.8659558570402517 -0.04767668229860411 0.2523282084224032  
2 1 Pedestrian 0 0 -1 -9999.0 -9999.0 -9999.0 -9999.0 1.7137575058002885 0.6316703075843266 0.7089807417932451 3.1752731541844277 -7.2934502947262505 0.21689546572394613 -2.590933346248246  
2 2 Pedestrian 0 0 -1 -9999.0 -9999.0 -9999.0 -9999.0 1.7693083349977314 0.6973501939707665 0.7236152114545155 5.940861955861532 -20.689962652671962 0.9116551743932305 -2.223173457697662  
2 5 Pedestrian 0 0 -1 -9999.0 -9999.0 -9999.0 -9999.0 1.7708351413111814 0.5926468999786946 0.6873376257887713 5.015349722966562 -12.241421468379542 0.48082965593879323 0.7323101554276024  
2 4 Pedestrian 0 0 -1 -9999.0 -9999.0 -9999.0 -9999.0 1.7678836800061748 0.699827223863162 0.8583515515104435 -0.6573992069962635 -0.7290767576912245 -0.06102112080734523 0.2522141018488009  
3 1 Pedestrian 0 0 -1 -9999.0 -9999.0 -9999.0 -9999.0 1.7137575058002885 0.6316703075843266 0.7089807417932451 3.2466079923083164 -7.22397839069586 0.2191291676374052 -2.6952700615546963  
3 2 Pedestrian 0 0 -1 -9999.0 -9999.0 -9999.0 -9999.0 1.7693083349977314 0.6973501939707665 0.7236152114545155 5.962184203598039 -20.650362423333583 0.9037333466297292 -2.3498992394325047  
3 5 Pedestrian 0 0 -1 -9999.0 -9999.0 -9999.0 -9999.0 1.7708351413111814 0.5926468999786946 0.6873376257887713 4.9531253787842395 -12.081238382887301 0.46895433130722597 0.7327738370681338  
3 4 Pedestrian 0 0 -1 -9999.0 -9999.0 -9999.0 -9999.0 1.7678836800061748 0.699827223863162 0.8583515515104435 -0.696494729675365 -0.6215208157816043 -0.06821599749915208 0.2521239898847343  
4 1 Pedestrian 0 0 -1 -9999.0 -9999.0 -9999.0 -9999.0 1.7137575058002885 0.6316703075843266 0.7089807417932451 3.311248075599039 -7.131244584375313 0.2238202443464401 -2.7996358389732823  
4 2 Pedestrian 0 0 -1 -9999.0 -9999.0 -9999.0 -9999.0 1.7693083349977314 0.6973501939707665 0.7236152114545155 5.990500430330631 -20.582029164861982 0.8989950154060495 -2.4602837494448444  
4 5 Pedestrian 0 0 -1 -9999.0 -9999.0 -9999.0 -9999.0 1.7708351413111814 0.5926468999786946 0.6873376257887713 4.885009895032031 -11.899432583294962 0.4597224828561288 0.7331904153466153  
4 4 Pedestrian 0 0 -1 -9999.0 -9999.0 -9999.0 -9999.0 1.7678836800061748 0.699827223863162 0.8583515515104435 -0.742980941020658 -0.48970501271687183 -0.07280641238881591 0.25206991253642386  
5 1 Pedestrian 0 0 -1 -9999.0 -9999.0 -9999.0 -9999.0 1.7137575058002885 0.6316703075843266 0.7089807417932451 3.380822225340978 -7.047332661986259 0.23426239547855188 -2.904035877689198  
5 2 Pedestrian 0 0 -1 -9999.0 -9999.0 -9999.0 -9999.0 1.7693083349977314 0.6973501939707665 0.7236152114545155 6.036412167807111 -20.517415222379793 0.9024869585170713 -2.5508165403473892  
5 5 Pedestrian 0 0 -1 -9999.0 -9999.0 -9999.0 -9999.0 1.7708351413111814 0.5926468999786946 0.6873376257887713 4.8229075541064255 -11.728640658156992 0.45650653424887055 0.7335440768805395  
5 4 Pedestrian 0 0 -1 -9999.0 -9999.0 -9999.0 -9999.0 1.7678836800061748 0.699827223863162 0.8583515515104435 -0.7854575474631815 -0.3653801902234797 -0.07144893864904 0.25206395569744267  
6 1 Pedestrian 0 0 -1 -9999.0 -9999.0 -9999.0 -9999.0 1.7137575058002885 0.6316703075843266 0.7089807417932451 3.434911930016437 -6.956989756669545 0.2484437963550299 -3.0083128690220917  
6 2 Pedestrian 0 0 -1 -9999.0 -9999.0 -9999.0 -9999.0 1.7693083349977314 0.6973501939707665 0.7236152114545155 6.061242584832215 -20.446889892530177 0.91726161336586 -2.6257693401026145  
6 5 Pedestrian 0 0 -1 -9999.0 -9999.0 -9999.0 -9999.0 1.7708351413111814 0.5926468999786946 0.6873376257887713 4.746877475739737 -11.55429310579117 0.4573822437384536 0.7338186063703782  
6 4 Pedestrian 0 0 -1 -9999.0 -9999.0 -9999.0 -9999.0 1.7678836800061748 0.699827223863162 0.8583515515104435 -0.8443950787881107 -0.2330265492875867 -0.06609200363893142 0.2521181010937745  
7 2 Pedestrian 0 0 -1 -9999.0 -9999.0 -9999.0 -9999.0 1.7693083349977314 0.6973501939707665 0.7236152114545155 6.075486126565782 -20.368681517418217 0.9318272185666233 -2.6912738365234468  
7 5 Pedestrian 0 0 -1 -9999.0 -9999.0 -9999.0 -9999.0 1.7708351413111814 0.5926468999786946 0.6873376257887713 4.6711425912503906 -11.381759791198098 0.45531107701009366 0.7339980499994709  
7 4 Pedestrian 0 0 -1 -9999.0 -9999.0 -9999.0 -9999.0 1.7678836800061748 0.699827223863162 0.8583515515104435 -0.9061130329145826 -0.09701100821229147 -0.06380862133528042 0.25224346288609034  
8 2 Pedestrian 0 0 -1 -9999.0 -9999.0 -9999.0 -9999.0 1.7693083349977314 0.6973501939707665 0.7236152114545155 6.090343595044626 -20.262385674871574 0.9285095758964892 -2.7543780656652483  
8 5 Pedestrian 0 0 -1 -9999.0 -9999.0 -9999.0 -9999.0 1.7708351413111814 0.5926468999786946 0.6873376257887713 4.604135773228137 -11.19989808257451 0.4394994959009626 0.734068623981976  
8 4 Pedestrian 0 0 -1 -9999.0 -9999.0 -9999.0 -9999.0 1.7678836800061748 0.699827223863162 0.8583515515104435 -0.962525296444781 0.05428699035211082 -0.07536103952580553 0.25245349872056977  
9 2 Pedestrian 0 0 -1 -9999.0 -9999.0 -9999.0 -9999.0 1.7693083349977314 0.6973501939707665 0.7236152114545155 6.1133186056450235 -20.152105950050686 0.9190856291849663 -2.8205495122932227  
9 5 Pedestrian 0 0 -1 -9999.0 -9999.0 -9999.0 -9999.0 1.7708351413111814 0.5926468999786946 0.6873376257887713 4.552633825492489 -11.043957580028524 0.4288813975745618 0.7340140329293572  
9 4 Pedestrian 0 0 -1 -9999.0 -9999.0 -9999.0 -9999.0 1.7678836800061748 0.699827223863162 0.8583515515104435 -1.007400553700549 0.18676193752384052 -0.08192341970231443 0.2527480869380101  
10 2 Pedestrian 0 0 -1 -9999.0 -9999.0 -9999.0 -9999.0 1.7693083349977314 0.6973501939707665 0.7236152114545155 6.129046765686649 -20.00123539699086 0.8925422511226847 -2.8951621306479574  
10 5 Pedestrian 0 0 -1 -9999.0 -9999.0 -9999.0 -9999.0 1.7708351413111814 0.5926468999786946 0.6873376257887713 4.49844463367328 -10.88161867961202 0.4161792917743772 0.7338178724979318  
10 4 Pedestrian 0 0 -1 -9999.0 -9999.0 -9999.0 -9999.0 1.7678836800061748 0.699827223863162 0.8583515515104435 -1.0589336697037233 0.33274195354144 -0.09092249311943368 0.2530965337534514  
11 2 Pedestrian 0 0 -1 -9999.0 -9999.0 -9999.0 -9999.0 1.7693083349977314 0.6973501939707665 0.7236152114545155 6.148300079907642 -19.857203966212143 0.8609313099246424 -2.974951713255141  
11 5 Pedestrian 0 0 -1 -9999.0 -9999.0 -9999.0 -9999.0 1.7708351413111814 0.5926468999786946 0.6873376257887713 4.450840900031398 -10.744159372049548 0.4040577421382625 0.7334640997466284  
11 4 Pedestrian 0 0 -1 -9999.0 -9999.0 -9999.0 -9999.0 1.7678836800061748 0.699827223863162 0.8583515515104435 -1.1079234638544477 0.46134810423043504 -0.09996404345403076 0.2534529550104203  
12 2 Pedestrian 0 0 -1 -9999.0 -9999.0 -9999.0 -9999.0 1.7693083349977314 0.6973501939707665 0.7236152114545155 6.170066693170096 -19.69360898701206 0.8449655987454215 -3.054584335081479  
12 5 Pedestrian 0 0 -1 -9999.0 -9999.0 -9999.0 -9999.0 1.7708351413111814 0.5926468999786946 0.6873376257887713 4.407287395399596 -10.583246114779461 0.4004149952324445 0.7329414896718625  
12 4 Pedestrian 0 0 -1 -9999.0 -9999.0 -9999.0 -9999.0 1.7678836800061748 0.699827223863162 0.8583515515104435 -1.1568646982273023 0.6211222308181306 -0.10140786224007914 0.2537707141218828  
13 2 Pedestrian 0 0 -1 -9999.0 -9999.0 -9999.0 -9999.0 1.7693083349977314 0.6973501939707665 0.7236152114545155 6.192845633038786 -19.576415561926197 0.8532031889560003 -3.130491245464521  
13 5 Pedestrian 0 0 -1 -9999.0 -9999.0 -9999.0 -9999.0 1.7708351413111814 0.5926468999786946 0.6873376257887713 4.363336876478719 -10.443049988801896 0.4013022150656218 0.7322271329103867  
13 4 Pedestrian 0 0 -1 -9999.0 -9999.0 -9999.0 -9999.0 1.7678836800061748 0.699827223863162 0.8583515515104435 -1.2102889077645855 0.7680884116201803 -0.09941308927476222 0.25401025349029815  
14 2 Pedestrian 0 0 -1 -9999.0 -9999.0 -9999.0 -9999.0 1.7693083349977314 0.6973501939707665 0.7236152114545155 6.218356515546059 -19.502052375271823 0.8837500716089671 3.085038980975952  
14 5 Pedestrian 0 0 -1 -9999.0 -9999.0 -9999.0 -9999.0 1.7708351413111814 0.5926468999786946 0.6873376257887713 4.321271843161838 -10.312342930883942 0.40264288576123164 0.7313074428184159  
14 4 Pedestrian 0 0 -1 -9999.0 -9999.0 -9999.0 -9999.0 1.7678836800061748 0.699827223863162 0.8583515515104435 -1.265914067628593 0.9137418378428279 -0.09831846742520023 0.2541249629347391  
15 2 Pedestrian 0 0 -1 -9999.0 -9999.0 -9999.0 -9999.0 1.7693083349977314 0.6973501939707665 0.7236152114545155 6.239276539695972 -19.431428293741455 0.895263817696318 3.0269907469235395  
15 5 Pedestrian 0 0 -1 -9999.0 -9999.0 -9999.0 -9999.0 1.7708351413111814 0.5926468999786946 0.6873376257887713 4.281077100489814 -10.191634245342003 0.39505758166653226 0.7302172072593436  
15 4 Pedestrian 0 0 -1 -9999.0 -9999.0 -9999.0 -9999.0 1.7678836800061748 0.699827223863162 0.8583515515104435 -1.323358949666229 1.0569454252721329 -0.10766108340155034 0.2540702676076272  
16 2 Pedestrian 0 0 -1 -9999.0 -9999.0 -9999.0 -9999.0 1.7693083349977314 0.6973501939707665 0.7236152114545155 6.257463172388906 -19.329735432455 0.8910405767017417 2.9794073894183093  
16 5 Pedestrian 0 0 -1 -9999.0 -9999.0 -9999.0 -9999.0 1.7708351413111814 0.5926468999786946 0.6873376257887713 4.247338754185627 -10.05802873414663 0.3886873239817277 0.7291951647041071  
16 4 Pedestrian 0 0 -1 -9999.0 -9999.0 -9999.0 -9999.0 1.7678836800061748 0.699827223863162 0.8583515515104435 -1.3759410739504965 1.2164557578458712 -0.11708514346683452 0.2538045396772457  
17 2 Pedestrian 0 0 -1 -9999.0 -9999.0 -9999.0 -9999.0 1.7693083349977314 0.6973501939707665 0.7236152114545155 6.263123055413299 -19.2116385631756 0.8824927249747808 2.9422208169150714  
17 5 Pedestrian 0 0 -1 -9999.0 -9999.0 -9999.0 -9999.0 1.7708351413111814 0.5926468999786946 0.6873376257887713 4.210217226916178 -9.926966336465947 0.3928709338862606 0.728508107315391  
17 4 Pedestrian 0 0 -1 -9999.0 -9999.0 -9999.0 -9999.0 1.7678836800061748 0.699827223863162 0.8583515515104435 -1.4314060671144446 1.3724175106906813 -0.1170186250197025 0.25328012109361  
18 2 Pedestrian 0 0 -1 -9999.0 -9999.0 -9999.0 -9999.0 1.7693083349977314 0.6973501939707665 0.7236152114545155 6.263046753132155 -19.08097702776887 0.8439708383851507 2.916369502993966  
18 5 Pedestrian 0 0 -1 -9999.0 -9999.0 -9999.0 -9999.0 1.7708351413111814 0.5926468999786946 0.6873376257887713 4.177546194099769 -9.803789228148322 0.37998397859182864 0.728445803659592  
18 4 Pedestrian 0 0 -1 -9999.0 -9999.0 -9999.0 -9999.0 1.7678836800061748 0.699827223863162 0.8583515515104435 -1.479435702974076 1.514529729210178 -0.1347945776776316 0.25245349872056977  
19 2 Pedestrian 0 0 -1 -9999.0 -9999.0 -9999.0 -9999.0 1.7693083349977314 0.6973501939707665 0.7236152114545155 6.239416431442194 -18.90554924421062 0.7988818606564557 2.901979202186059  
19 5 Pedestrian 0 0 -1 -9999.0 -9999.0 -9999.0 -9999.0 1.7708351413111814 0.5926468999786946 0.6873376257887713 4.130241517562496 -9.654880689244605 0.36987291489139307 0.7292811750316996  
19 4 Pedestrian 0 0 -1 -9999.0 -9999.0 -9999.0 -9999.0 1.7678836800061748 0.699827223863162 0.8583515515104435 -1.536726079192622 1.6715774872361848 -0.15017276814933767 0.2513239177619635  
20 2 Pedestrian 0 0 -1 -9999.0 -9999.0 -9999.0 -9999.0 1.7693083349977314 0.6973501939707665 0.7236152114545155 6.218914883483087 -18.722439324390194 0.7622066126947545 2.896764845873312  
20 5 Pedestrian 0 0 -1 -9999.0 -9999.0 -9999.0 -9999.0 1.7708351413111814 0.5926468999786946 0.6873376257887713 4.084872876005054 -9.506952283366658 0.3697986626999852 0.7313074428184159  
20 4 Pedestrian 0 0 -1 -9999.0 -9999.0 -9999.0 -9999.0 1.7678836800061748 0.699827223863162 0.8583515515104435 -1.5846330926184358 1.8120867934521847 -0.15529735852422832 0.25000342114196883  
21 2 Pedestrian 0 0 -1 -9999.0 -9999.0 -9999.0 -9999.0 1.7693083349977314 0.6973501939707665 0.7236152114545155 6.203277371428921 -18.51143884867185 0.7291841969838769 2.8982387278818464  
21 3 Pedestrian 0 0 -1 -9999.0 -9999.0 -9999.0 -9999.0 1.6125226286976613 0.7883294535528993 0.8637922424478344 7.227927474679181 -17.97821576042802 0.6493385010913519 -0.6309376111919001  
21 5 Pedestrian 0 0 -1 -9999.0 -9999.0 -9999.0 -9999.0 1.7708351413111814 0.5926468999786946 0.6873376257887713 4.03193774257943 -9.327619456613059 0.365374998446909 0.7346597552030687  
21 4 Pedestrian 0 0 -1 -9999.0 -9999.0 -9999.0 -9999.0 1.7678836800061748 0.699827223863162 0.8583515515104435 -1.6309075518645422 1.964567311767322 -0.16387771711774857 0.24866223325219217  
22 2 Pedestrian 0 0 -1 -9999.0 -9999.0 -9999.0 -9999.0 1.7693083349977314 0.6973501939707665 0.7236152114545155 6.199893121216753 -18.301051110039058 0.7131032551841427 2.9037061791481857  
22 3 Pedestrian 0 0 -1 -9999.0 -9999.0 -9999.0 -9999.0 1.6125226286976613 0.7883294535528993 0.8637922424478344 7.1456753259774075 -18.079526857225375 0.6586192388050945 -0.7851562354827646  
22 5 Pedestrian 0 0 -1 -9999.0 -9999.0 -9999.0 -9999.0 1.7708351413111814 0.5926468999786946 0.6873376257887713 3.9702925706507095 -9.137892599642413 0.3608727910002223 0.7388378117580503  
22 4 Pedestrian 0 0 -1 -9999.0 -9999.0 -9999.0 -9999.0 1.7678836800061748 0.699827223863162 0.8583515515104435 -1.6774291289717098 2.109491960751445 -0.17142420862203944 0.2474754923253597  
23 2 Pedestrian 0 0 -1 -9999.0 -9999.0 -9999.0 -9999.0 1.7693083349977314 0.6973501939707665 0.7236152114545155 6.217886536116218 -18.0887038817732 0.7222981346869498 2.9106386560684623  
23 3 Pedestrian 0 0 -1 -9999.0 -9999.0 -9999.0 -9999.0 1.6125226286976613 0.7883294535528993 0.8637922424478344 7.0609492743149005 -18.178257375323863 0.66766856023811 -0.9476823035083211  
23 5 Pedestrian 0 0 -1 -9999.0 -9999.0 -9999.0 -9999.0 1.7708351413111814 0.5926468999786946 0.6873376257887713 3.8995128237426755 -8.929470389619127 0.3560590477538379 0.7433108298166768  
23 4 Pedestrian 0 0 -1 -9999.0 -9999.0 -9999.0 -9999.0 1.7678836800061748 0.699827223863162 0.8583515515104435 -1.7254850908674655 2.256578612810209 -0.1781457288779047 0.2465854150645148  
24 2 Pedestrian 0 0 -1 -9999.0 -9999.0 -9999.0 -9999.0 1.7693083349977314 0.6973501939707665 0.7236152114545155 6.269405621794107 -17.879103037575696 0.7386795642922599 2.9163694327929885  
24 3 Pedestrian 0 0 -1 -9999.0 -9999.0 -9999.0 -9999.0 1.6125226286976613 0.7883294535528993 0.8637922424478344 6.9775958783255625 -18.26759012833985 0.6603114845654423 -1.1210755024368027  
24 5 Pedestrian 0 0 -1 -9999.0 -9999.0 -9999.0 -9999.0 1.7708351413111814 0.5926468999786946 0.6873376257887713 3.8235130438329747 -8.700699418503913 0.3360828467056076 0.7474411664296587  
24 4 Pedestrian 0 0 -1 -9999.0 -9999.0 -9999.0 -9999.0 1.7678836800061748 0.699827223863162 0.8583515515104435 -1.7723740243115955 2.4099640126298922 -0.19878497005833728 0.24616653916245035  
25 2 Pedestrian 0 0 -1 -9999.0 -9999.0 -9999.0 -9999.0 1.7693083349977314 0.6973501939707665 0.7236152114545155 6.362906738426741 -17.707385379063535 0.7409490562546001 2.918917540758546  
25 3 Pedestrian 0 0 -1 -9999.0 -9999.0 -9999.0 -9999.0 1.6125226286976613 0.7883294535528993 0.8637922424478344 6.902367650649278 -18.37516945692807 0.6549843593107666 -1.2959901718201436  
25 5 Pedestrian 0 0 -1 -9999.0 -9999.0 -9999.0 -9999.0 1.7708351413111814 0.5926468999786946 0.6873376257887713 3.7482159628274125 -8.483323037638836 0.31911777669802666 0.7506227543074449  
25 4 Pedestrian 0 0 -1 -9999.0 -9999.0 -9999.0 -9999.0 1.7678836800061748 0.699827223863162 0.8583515515104435 -1.8133041307311792 2.540113219325036 -0.21509032350903623 0.24638249617796948  
26 2 Pedestrian 0 0 -1 -9999.0 -9999.0 -9999.0 -9999.0 1.7693083349977314 0.6973501939707665 0.7236152114545155 6.474020748845017 -17.557740182794873 0.7223185067352227 2.918917818825891  
26 3 Pedestrian 0 0 -1 -9999.0 -9999.0 -9999.0 -9999.0 1.6125226286976613 0.7883294535528993 0.8637922424478344 6.83442047241844 -18.487062369941608 0.6453350854025284 -1.4590797916948528  
26 5 Pedestrian 0 0 -1 -9999.0 -9999.0 -9999.0 -9999.0 1.7708351413111814 0.5926468999786946 0.6873376257887713 3.6717469020461024 -8.269384409287929 0.2982340716884313 0.7522487205097921  
26 4 Pedestrian 0 0 -1 -9999.0 -9999.0 -9999.0 -9999.0 1.7678836800061748 0.699827223863162 0.8583515515104435 -1.8514781602253656 2.657686702410974 -0.23392856114669147 0.24738880025661558  
27 2 Pedestrian 0 0 -1 -9999.0 -9999.0 -9999.0 -9999.0 1.7693083349977314 0.6973501939707665 0.7236152114545155 6.569455153727649 -17.386598751235248 0.7079302123716259 2.9176397800010054  
27 3 Pedestrian 0 0 -1 -9999.0 -9999.0 -9999.0 -9999.0 1.6125226286976613 0.7883294535528993 0.8637922424478344 6.76660081223071 -18.569109283156056 0.6461770383556582 -1.5999651636541792  
27 5 Pedestrian 0 0 -1 -9999.0 -9999.0 -9999.0 -9999.0 1.7708351413111814 0.5926468999786946 0.6873376257887713 3.585693844992665 -8.024550269650131 0.28745754830620385 0.7517299171010539  
27 4 Pedestrian 0 0 -1 -9999.0 -9999.0 -9999.0 -9999.0 1.7678836800061748 0.699827223863162 0.8583515515104435 -1.8958847657718216 2.797835251070996 -0.24116142695261944 0.24936632347461796  
28 2 Pedestrian 0 0 -1 -9999.0 -9999.0 -9999.0 -9999.0 1.7693083349977314 0.6973501939707665 0.7236152114545155 6.635380365316557 -17.225292758360357 0.7037432903908476 2.9163694327929885  
28 3 Pedestrian 0 0 -1 -9999.0 -9999.0 -9999.0 -9999.0 1.6125226286976613 0.7883294535528993 0.8637922424478344 6.715901111041621 -18.65491082216672 0.6603850742315442 -1.7040925177195074  
28 5 Pedestrian 0 0 -1 -9999.0 -9999.0 -9999.0 -9999.0 1.7708351413111814 0.5926468999786946 0.6873376257887713 3.5061714605313945 -7.791290514754094 0.2891937771638926 0.7484646345774415  
28 4 Pedestrian 0 0 -1 -9999.0 -9999.0 -9999.0 -9999.0 1.7678836800061748 0.699827223863162 0.8583515515104435 -1.9320950114305582 2.9216968717174154 -0.2343497462246169 0.25245349872056977  
29 2 Pedestrian 0 0 -1 -9999.0 -9999.0 -9999.0 -9999.0 1.7693083349977314 0.6973501939707665 0.7236152114545155 6.659746773747962 -17.056347813049484 0.6791146325917252 2.91605233210106  
29 3 Pedestrian 0 0 -1 -9999.0 -9999.0 -9999.0 -9999.0 1.6125226286976613 0.7883294535528993 0.8637922424478344 6.687289185285511 -18.733994060644342 0.6568577653921321 -1.764298245716212  
29 5 Pedestrian 0 0 -1 -9999.0 -9999.0 -9999.0 -9999.0 1.7708351413111814 0.5926468999786946 0.6873376257887713 3.437565472989391 -7.559562445202472 0.27145468522650096 0.7418242184146013  
29 4 Pedestrian 0 0 -1 -9999.0 -9999.0 -9999.0 -9999.0 1.7678836800061748 0.699827223863162 0.8583515515104435 -1.9564591172834689 3.0409682253437005 -0.24547787024638223 0.2567117317306904  
29 7 Pedestrian 0 0 -1 -9999.0 -9999.0 -9999.0 -9999.0 1.7315617274061879 0.7883294535528993 0.8637922424478344 14.790659318343764 -47.53356758732983 1.949664519657214 -1.8948152377746261  
30 2 Pedestrian 0 0 -1 -9999.0 -9999.0 -9999.0 -9999.0 1.7693083349977314 0.6973501939707665 0.7236152114545155 6.647989507455957 -16.888979686609947 0.6645862039910089 2.9163694327929885  
30 3 Pedestrian 0 0 -1 -9999.0 -9999.0 -9999.0 -9999.0 1.6125226286976613 0.7883294535528993 0.8637922424478344 6.66389890531941 -18.811959794724203 0.6667900180526374 -1.7887399467653537  
30 5 Pedestrian 0 0 -1 -9999.0 -9999.0 -9999.0 -9999.0 1.7708351413111814 0.5926468999786946 0.6873376257887713 3.3662659331144837 -7.339255850843134 0.26433191778000875 0.7313074428184159  
30 4 Pedestrian 0 0 -1 -9999.0 -9999.0 -9999.0 -9999.0 1.7678836800061748 0.699827223863162 0.8583515515104435 -1.984400110050995 3.1518809925824094 -0.24505411882769912 0.2616095970091763  
30 7 Pedestrian 0 0 -1 -9999.0 -9999.0 -9999.0 -9999.0 1.7315617274061879 0.7883294535528993 0.8637922424478344 14.756800594364414 -47.4130346417589 1.949136264022461 -1.8898679047345937  
31 2 Pedestrian 0 0 -1 -9999.0 -9999.0 -9999.0 -9999.0 1.7693083349977314 0.6973501939707665 0.7236152114545155 6.6222774852899065 -16.706668057268264 0.6340888357967364 2.9166873511868534  
31 3 Pedestrian 0 0 -1 -9999.0 -9999.0 -9999.0 -9999.0 1.6125226286976613 0.7883294535528993 0.8637922424478344 6.6347309572110476 -18.874016391796545 0.6657981097847072 -1.79070832790757  
31 5 Pedestrian 0 0 -1 -9999.0 -9999.0 -9999.0 -9999.0 1.7708351413111814 0.5926468999786946 0.6873376257887713 3.2838266940935874 -7.1105050159604435 0.24172118983436852 0.7162944979278745  
31 4 Pedestrian 0 0 -1 -9999.0 -9999.0 -9999.0 -9999.0 1.7678836800061748 0.699827223863162 0.8583515515104435 -2.0248097080870764 3.277488816979531 -0.2596684252197441 0.2666147024030643  
31 7 Pedestrian 0 0 -1 -9999.0 -9999.0 -9999.0 -9999.0 1.7315617274061879 0.7883294535528993 0.8637922424478344 14.708690478466902 -47.27781235914288 1.9327468019598788 -1.8849153349153713  
32 3 Pedestrian 0 0 -1 -9999.0 -9999.0 -9999.0 -9999.0 1.6125226286976613 0.7883294535528993 0.8637922424478344 6.632647784255628 -18.94986334602514 0.670391080353387 -1.7829517225045102  
32 5 Pedestrian 0 0 -1 -9999.0 -9999.0 -9999.0 -9999.0 1.7708351413111814 0.5926468999786946 0.6873376257887713 3.2262626738847224 -6.904947270668142 0.21886721084425398 0.6971285214731031  
32 4 Pedestrian 0 0 -1 -9999.0 -9999.0 -9999.0 -9999.0 1.7678836800061748 0.699827223863162 0.8583515515104435 -2.042503134221434 3.39056497357096 -0.2746492897023811 0.27104958868905094  
32 7 Pedestrian 0 0 -1 -9999.0 -9999.0 -9999.0 -9999.0 1.7315617274061879 0.7883294535528993 0.8637922424478344 14.681710568871448 -47.15790293013407 1.9156066272319667 -1.8800647107847777  
33 3 Pedestrian 0 0 -1 -9999.0 -9999.0 -9999.0 -9999.0 1.6125226286976613 0.7883294535528993 0.8637922424478344 6.63247184860608 -19.020895424414878 0.6978339283464943 -1.7760183344851743  
33 5 Pedestrian 0 0 -1 -9999.0 -9999.0 -9999.0 -9999.0 1.7708351413111814 0.5926468999786946 0.6873376257887713 3.1692037004162543 -6.697600224049593 0.21176404454316522 0.6738009961057747  
33 4 Pedestrian 0 0 -1 -9999.0 -9999.0 -9999.0 -9999.0 1.7678836800061748 0.699827223863162 0.8583515515104435 -2.061249106084592 3.5171474890043832 -0.27431116591360727 0.27437023535120275  
33 7 Pedestrian 0 0 -1 -9999.0 -9999.0 -9999.0 -9999.0 1.7315617274061879 0.7883294535528993 0.8637922424478344 14.65204236199287 -47.02982469630942 1.9137871219250875 -1.8752793777737171  
34 3 Pedestrian 0 0 -1 -9999.0 -9999.0 -9999.0 -9999.0 1.6125226286976613 0.7883294535528993 0.8637922424478344 6.638084772919029 -19.095425802269503 0.7250103138302445 -1.7716499975851203  
34 5 Pedestrian 0 0 -1 -9999.0 -9999.0 -9999.0 -9999.0 1.7708351413111814 0.5926468999786946 0.6873376257887713 3.1163667119620087 -6.499027807816692 0.19962378430808814 0.6467087130563005  
34 4 Pedestrian 0 0 -1 -9999.0 -9999.0 -9999.0 -9999.0 1.7678836800061748 0.699827223863162 0.8583515515104435 -2.0776031431371287 3.649786430746275 -0.2799244467764339 0.275931011168268  
34 7 Pedestrian 0 0 -1 -9999.0 -9999.0 -9999.0 -9999.0 1.7315617274061879 0.7883294535528993 0.8637922424478344 14.622965634919296 -46.90350296816703 1.9064517865575512 -1.8706286962837506  
35 3 Pedestrian 0 0 -1 -9999.0 -9999.0 -9999.0 -9999.0 1.6125226286976613 0.7883294535528993 0.8637922424478344 6.644329378730458 -19.162560940847857 0.7570560419324431 -1.769293350896639  
35 5 Pedestrian 0 0 -1 -9999.0 -9999.0 -9999.0 -9999.0 1.7708351413111814 0.5926468999786946 0.6873376257887713 3.0614444991823753 -6.298950582145377 0.19046054320074868 0.61610239383673  
35 4 Pedestrian 0 0 -1 -9999.0 -9999.0 -9999.0 -9999.0 1.7678836800061748 0.699827223863162 0.8583515515104435 -2.09782346436333 3.8011248134342175 -0.2838951785973183 0.27512157542798477  
35 7 Pedestrian 0 0 -1 -9999.0 -9999.0 -9999.0 -9999.0 1.7315617274061879 0.7883294535528993 0.8637922424478344 14.588866346533194 -46.76942855356696 1.9016124989068937 -1.8661432256506725  
36 3 Pedestrian 0 0 -1 -9999.0 -9999.0 -9999.0 -9999.0 1.6125226286976613 0.7883294535528993 0.8637922424478344 6.6632201259978245 -19.23641150319063 0.7804870978325814 -1.7684016263039712  
36 5 Pedestrian 0 0 -1 -9999.0 -9999.0 -9999.0 -9999.0 1.7708351413111814 0.5926468999786946 0.6873376257887713 3.015799737905674 -6.114044495323407 0.1739607198656936 0.5824911823015473  
36 4 Pedestrian 0 0 -1 -9999.0 -9999.0 -9999.0 -9999.0 1.7678836800061748 0.699827223863162 0.8583515515104435 -2.1107443489588356 3.957036132417464 -0.29697929801252987 0.2713660504326727  
36 7 Pedestrian 0 0 -1 -9999.0 -9999.0 -9999.0 -9999.0 1.7315617274061879 0.7883294535528993 0.8637922424478344 14.56084995244274 -46.64393992563711 1.8889251727925838 -1.8618854458394356  
37 3 Pedestrian 0 0 -1 -9999.0 -9999.0 -9999.0 -9999.0 1.6125226286976613 0.7883294535528993 0.8637922424478344 6.687900755695388 -19.309457175523228 0.8141053873045555 -1.7684152437181808  
37 5 Pedestrian 0 0 -1 -9999.0 -9999.0 -9999.0 -9999.0 1.7708351413111814 0.5926468999786946 0.6873376257887713 2.9706134230934573 -5.934135735880268 0.17128278060116164 0.545695836786197  
37 4 Pedestrian 0 0 -1 -9999.0 -9999.0 -9999.0 -9999.0 1.7678836800061748 0.699827223863162 0.8583515515104435 -2.1247243515722616 4.129697590099974 -0.29839458259586626 0.26400723175691176  
37 7 Pedestrian 0 0 -1 -9999.0 -9999.0 -9999.0 -9999.0 1.7315617274061879 0.7883294535528993 0.8637922424478344 14.530709421935683 -46.51798397806359 1.8895937217941055 -1.8578321162306874  
38 3 Pedestrian 0 0 -1 -9999.0 -9999.0 -9999.0 -9999.0 1.6125226286976613 0.7883294535528993 0.8637922424478344 6.71776361873825 -19.3803275242493 0.8432875512843553 -1.7687936329910663  
38 5 Pedestrian 0 0 -1 -9999.0 -9999.0 -9999.0 -9999.0 1.7708351413111814 0.5926468999786946 0.6873376257887713 2.924604254755831 -5.76044858322952 0.1709830266574739 0.5062094389673524  
38 4 Pedestrian 0 0 -1 -9999.0 -9999.0 -9999.0 -9999.0 1.7678836800061748 0.699827223863162 0.8583515515104435 -2.1412496979374893 4.320534086913174 -0.30003636111956355 0.25245349872056977  
38 7 Pedestrian 0 0 -1 -9999.0 -9999.0 -9999.0 -9999.0 1.7315617274061879 0.7883294535528993 0.8637922424478344 14.496635246519752 -46.392494876132446 1.8921416377712843 -1.8540466721149045  
39 3 Pedestrian 0 0 -1 -9999.0 -9999.0 -9999.0 -9999.0 1.6125226286976613 0.7883294535528993 0.8637922424478344 6.759133634660692 -19.444738638410648 0.851824402769691 -1.7690841159966801  
39 5 Pedestrian 0 0 -1 -9999.0 -9999.0 -9999.0 -9999.0 1.7708351413111814 0.5926468999786946 0.6873376257887713 2.883579969201694 -5.588904186353599 0.15895646572264166 0.46426248031209205  
39 4 Pedestrian 0 0 -1 -9999.0 -9999.0 -9999.0 -9999.0 1.7678836800061748 0.699827223863162 0.8583515515104435 -2.1569623780555105 4.52983990335651 -0.3149592391989364 0.24565739236123463  
39 20 Pedestrian 0 0 -1 -9999.0 -9999.0 -9999.0 -9999.0 1.7315617274061879 0.7883294535528993 0.8637922424478344 14.464932062379756 -46.26377565236457 1.882461234228177 -0.3126015590015747  
39 7 Pedestrian 0 0 -1 -9999.0 -9999.0 -9999.0 -9999.0 1.7315617274061879 0.7883294535528993 0.8637922424478344 14.464932062379756 -46.26377565236457 1.882461234228177 -1.850559112288904  
40 3 Pedestrian 0 0 -1 -9999.0 -9999.0 -9999.0 -9999.0 1.6125226286976613 0.7883294535528993 0.8637922424478344 6.80733928735151 -19.4938817496787 0.8464651504058898 -1.7692218938539082  
40 5 Pedestrian 0 0 -1 -9999.0 -9999.0 -9999.0 -9999.0 1.7708351413111814 0.5926468999786946 0.6873376257887713 2.8457449537004713 -5.411410572549098 0.14106869515544074 0.42034549280801947  
40 4 Pedestrian 0 0 -1 -9999.0 -9999.0 -9999.0 -9999.0 1.7678836800061748 0.699827223863162 0.8583515515104435 -2.1861290268633375 4.736966085406737 -0.33038638074704507 0.2902564821316451  
40 20 Pedestrian 0 0 -1 -9999.0 -9999.0 -9999.0 -9999.0 1.7315617274061879 0.7883294535528993 0.8637922424478344 14.43360617298903 -46.123701608077226 1.8664108288455243 -0.3100827620695412  
40 7 Pedestrian 0 0 -1 -9999.0 -9999.0 -9999.0 -9999.0 1.7315617274061879 0.7883294535528993 0.8637922424478344 14.43360617298903 -46.123701608077226 1.8664108288455243 -1.847425798573651  
41 3 Pedestrian 0 0 -1 -9999.0 -9999.0 -9999.0 -9999.0 1.6125226286976613 0.7883294535528993 0.8637922424478344 6.8618623494094635 -19.56072083313212 0.8450291191265997 -1.7692418851184506  
41 5 Pedestrian 0 0 -1 -9999.0 -9999.0 -9999.0 -9999.0 1.7708351413111814 0.5926468999786946 0.6873376257887713 2.8122022431703684 -5.256307271252078 0.1331900993668269 0.37351032639361215  
41 4 Pedestrian 0 0 -1 -9999.0 -9999.0 -9999.0 -9999.0 1.7678836800061748 0.699827223863162 0.8583515515104435 -2.23063598873458 4.906451312383643 -0.3376715451171677 0.4083491625009863  
41 20 Pedestrian 0 0 -1 -9999.0 -9999.0 -9999.0 -9999.0 1.7315617274061879 0.7883294535528993 0.8637922424478344 14.40409080536374 -46.001427014128204 1.8599360648274277 -0.3085585095721015  
41 7 Pedestrian 0 0 -1 -9999.0 -9999.0 -9999.0 -9999.0 1.7315617274061879 0.7883294535528993 0.8637922424478344 14.40409080536374 -46.001427014128204 1.8599360648274277 -1.844634645147929  
42 3 Pedestrian 0 0 -1 -9999.0 -9999.0 -9999.0 -9999.0 1.6125226286976613 0.7883294535528993 0.8637922424478344 6.913943039801644 -19.61685228161298 0.8335327991949221 -1.769175728374286  
42 5 Pedestrian 0 0 -1 -9999.0 -9999.0 -9999.0 -9999.0 1.7708351413111814 0.5926468999786946 0.6873376257887713 2.7776917557761607 -5.095509645673895 0.11966417953814257 0.3236358656897007  
42 4 Pedestrian 0 0 -1 -9999.0 -9999.0 -9999.0 -9999.0 1.7678836800061748 0.699827223863162 0.8583515515104435 -2.2647134239848903 5.137525774356652 -0.378765839693459 0.4787850839810144  
42 20 Pedestrian 0 0 -1 -9999.0 -9999.0 -9999.0 -9999.0 1.7315617274061879 0.7883294535528993 0.8637922424478344 14.371179014046461 -45.86883954887693 1.8474252574710537 -0.3090712989401361  
42 7 Pedestrian 0 0 -1 -9999.0 -9999.0 -9999.0 -9999.0 1.7315617274061879 0.7883294535528993 0.8637922424478344 14.371179014046461 -45.86883954887693 1.8474252574710537 -1.8422431875613778  
43 3 Pedestrian 0 0 -1 -9999.0 -9999.0 -9999.0 -9999.0 1.6125226286976613 0.7883294535528993 0.8637922424478344 6.95860635331821 -19.66186760058127 0.834720897772425 -1.769057699405293  
43 5 Pedestrian 0 0 -1 -9999.0 -9999.0 -9999.0 -9999.0 1.7708351413111814 0.5926468999786946 0.6873376257887713 2.7407758396463002 -4.928986306253128 0.12143279795763307 0.27074028660783256  
43 4 Pedestrian 0 0 -1 -9999.0 -9999.0 -9999.0 -9999.0 1.7678836800061748 0.699827223863162 0.8583515515104435 -2.2993646316703362 5.407569864755121 -0.3581298426789703 0.4901881772045886  
43 20 Pedestrian 0 0 -1 -9999.0 -9999.0 -9999.0 -9999.0 1.7315617274061879 0.7883294535528993 0.8637922424478344 14.333557634966596 -45.72599165526505 1.8498757580866765 -0.3126015590015747  
43 7 Pedestrian 0 0 -1 -9999.0 -9999.0 -9999.0 -9999.0 1.7315617274061879 0.7883294535528993 0.8637922424478344 14.333557634966596 -45.72599165526505 1.8498757580866765 -1.8402992402468357  
44 3 Pedestrian 0 0 -1 -9999.0 -9999.0 -9999.0 -9999.0 1.6125226286976613 0.7883294535528993 0.8637922424478344 7.000390227970154 -19.707306055299956 0.8350716988216811 -1.768919067086328  
44 5 Pedestrian 0 0 -1 -9999.0 -9999.0 -9999.0 -9999.0 1.7708351413111814 0.5926468999786946 0.6873376257887713 2.707636549138954 -4.763776595127423 0.1231993614190019 0.2136143230052543  
44 4 Pedestrian 0 0 -1 -9999.0 -9999.0 -9999.0 -9999.0 1.7678836800061748 0.699827223863162 0.8583515515104435 -2.349052236489971 5.6619623405556965 -0.3612362999422958 0.8340786839092669  
44 20 Pedestrian 0 0 -1 -9999.0 -9999.0 -9999.0 -9999.0 1.7315617274061879 0.7883294535528993 0.8637922424478344 14.297511859401258 -45.58054417329841 1.8520612792012168 -0.31919395645268267  
44 7 Pedestrian 0 0 -1 -9999.0 -9999.0 -9999.0 -9999.0 1.7315617274061879 0.7883294535528993 0.8637922424478344 14.297511859401258 -45.58054417329841 1.8520612792012168 -1.8388063237340848  
45 3 Pedestrian 0 0 -1 -9999.0 -9999.0 -9999.0 -9999.0 1.6125226286976613 0.7883294535528993 0.8637922424478344 7.034474978637558 -19.76802852506524 0.8113592049805372 -1.7687936329910663  
45 5 Pedestrian 0 0 -1 -9999.0 -9999.0 -9999.0 -9999.0 1.7708351413111814 0.5926468999786946 0.6873376257887713 2.6769202439099864 -4.614864388420145 0.09995133006821244 0.15218137469216586  
45 4 Pedestrian 0 0 -1 -9999.0 -9999.0 -9999.0 -9999.0 1.7678836800061748 0.699827223863162 0.8583515515104435 -2.4124166283671613 5.889190750522159 -0.38934159427118153 1.2067587992169715  
45 20 Pedestrian 0 0 -1 -9999.0 -9999.0 -9999.0 -9999.0 1.7315617274061879 0.7883294535528993 0.8637922424478344 14.261795365499395 -45.447565476854784 1.8290234373522574 -0.324766542967744  
45 7 Pedestrian 0 0 -1 -9999.0 -9999.0 -9999.0 -9999.0 1.7315617274061879 0.7883294535528993 0.8637922424478344 14.261795365499395 -45.447565476854784 1.8290234373522574 -1.8378128266418017  
46 3 Pedestrian 0 0 -1 -9999.0 -9999.0 -9999.0 -9999.0 1.6125226286976613 0.7883294535528993 0.8637922424478344 7.058590882449465 -19.82803365280958 0.809732029617199 -1.7687078104194107  
46 5 Pedestrian 0 0 -1 -9999.0 -9999.0 -9999.0 -9999.0 1.7708351413111814 0.5926468999786946 0.6873376257887713 2.6480582756116213 -4.464696092501223 0.0964025022085453 0.08601184360565295  
46 4 Pedestrian 0 0 -1 -9999.0 -9999.0 -9999.0 -9999.0 1.7678836800061748 0.699827223863162 0.8583515515104435 -2.482355756263143 6.121663694474739 -0.39851238294376334 1.2199181021974361  
46 20 Pedestrian 0 0 -1 -9999.0 -9999.0 -9999.0 -9999.0 1.7315617274061879 0.7883294535528993 0.8637922424478344 14.225949652075311 -45.30976415022379 1.8255359638697222 -0.32422934750066723  
46 7 Pedestrian 0 0 -1 -9999.0 -9999.0 -9999.0 -9999.0 1.7315617274061879 0.7883294535528993 0.8637922424478344 14.225949652075311 -45.30976415022379 1.8255359638697222 -1.8373522768519344  
47 3 Pedestrian 0 0 -1 -9999.0 -9999.0 -9999.0 -9999.0 1.6125226286976613 0.7883294535528993 0.8637922424478344 7.072632412949229 -19.886212541724 0.8043335996587855 -1.768661249475354  
47 5 Pedestrian 0 0 -1 -9999.0 -9999.0 -9999.0 -9999.0 1.7708351413111814 0.5926468999786946 0.6873376257887713 2.6181459390172144 -4.311075146995284 0.08671609247744194 0.015117389021352068  
47 4 Pedestrian 0 0 -1 -9999.0 -9999.0 -9999.0 -9999.0 1.7678836800061748 0.699827223863162 0.8583515515104435 -2.5539135382469915 6.375613639665065 -0.41786281896893174 1.0471309464304106  
47 20 Pedestrian 0 0 -1 -9999.0 -9999.0 -9999.0 -9999.0 1.7315617274061879 0.7883294535528993 0.8637922424478344 14.18723828564114 -45.16516090620276 1.8158223475035693 -0.3126015590015747  
47 7 Pedestrian 0 0 -1 -9999.0 -9999.0 -9999.0 -9999.0 1.7315617274061879 0.7883294535528993 0.8637922424478344 14.18723828564114 -45.16516090620276 1.8158223475035693 -1.8374558905413423  
48 3 Pedestrian 0 0 -1 -9999.0 -9999.0 -9999.0 -9999.0 1.6125226286976613 0.7883294535528993 0.8637922424478344 7.086271091372502 -19.955227559177626 0.8052199563073935 -1.7686461614436624  
48 5 Pedestrian 0 0 -1 -9999.0 -9999.0 -9999.0 -9999.0 1.7708351413111814 0.5926468999786946 0.6873376257887713 2.592146244521576 -4.161741220106723 0.08124447139712276 -0.06171456897740768  
48 4 Pedestrian 0 0 -1 -9999.0 -9999.0 -9999.0 -9999.0 1.7678836800061748 0.699827223863162 0.8583515515104435 -2.617210901118444 6.653486449639031 -0.43644419265951906 0.9402567386006462  
48 20 Pedestrian 0 0 -1 -9999.0 -9999.0 -9999.0 -9999.0 1.7315617274061879 0.7883294535528993 0.8637922424478344 14.150637787140013 -45.021860529637806 1.8102943853731213 -0.2943377032934258  
48 7 Pedestrian 0 0 -1 -9999.0 -9999.0 -9999.0 -9999.0 1.7315617274061879 0.7883294535528993 0.8637922424478344 14.150637787140013 -45.021860529637806 1.8102943853731213 -1.8381575553993539  
49 3 Pedestrian 0 0 -1 -9999.0 -9999.0 -9999.0 -9999.0 1.6125226286976613 0.7883294535528993 0.8637922424478344 7.0953353119322 -20.026874358696304 0.8177389645176742 -1.7686556368074378  
49 5 Pedestrian 0 0 -1 -9999.0 -9999.0 -9999.0 -9999.0 1.7708351413111814 0.5926468999786946 0.6873376257887713 2.561884751427069 -4.006877451466245 0.085689935661033 -0.14460683217845016  
49 4 Pedestrian 0 0 -1 -9999.0 -9999.0 -9999.0 -9999.0 1.7678836800061748 0.699827223863162 0.8583515515104435 -2.683918279003464 6.950823625259755 -0.4468241448120429 0.9219175833144764  
49 20 Pedestrian 0 0 -1 -9999.0 -9999.0 -9999.0 -9999.0 1.7315617274061879 0.7883294535528993 0.8637922424478344 14.108117439923067 -44.87025377225429 1.8147142505187737 -0.3126015590015747  
49 7 Pedestrian 0 0 -1 -9999.0 -9999.0 -9999.0 -9999.0 1.7315617274061879 0.7883294535528993 0.8637922424478344 14.108117439923067 -44.87025377225429 1.8147142505187737 -1.839492722935855  
50 3 Pedestrian 0 0 -1 -9999.0 -9999.0 -9999.0 -9999.0 1.6125226286976613 0.7883294535528993 0.8637922424478344 7.11135854614588 -20.10679184266168 0.8113634513841395 -1.7686821898699723  
50 5 Pedestrian 0 0 -1 -9999.0 -9999.0 -9999.0 -9999.0 1.7708351413111814 0.5926468999786946 0.6873376257887713 2.535003139801688 -3.851350030829707 0.0699414947851793 -0.23330565429636607  
50 4 Pedestrian 0 0 -1 -9999.0 -9999.0 -9999.0 -9999.0 1.7678836800061748 0.699827223863162 0.8583515515104435 -2.7520388307026593 7.242109715362908 -0.47705905088763 0.9554797221864879  
50 20 Pedestrian 0 0 -1 -9999.0 -9999.0 -9999.0 -9999.0 1.7315617274061879 0.7883294535528993 0.8637922424478344 14.067535380144875 -44.715467966712225 1.7990301451306325 -0.40702867839142165  
50 7 Pedestrian 0 0 -1 -9999.0 -9999.0 -9999.0 -9999.0 1.7315617274061879 0.7883294535528993 0.8637922424478344 14.067535380144875 -44.715467966712225 1.7990301451306325 -1.8414785880916948  
51 3 Pedestrian 0 0 -1 -9999.0 -9999.0 -9999.0 -9999.0 1.6125226286976613 0.7883294535528993 0.8637922424478344 7.131949765969008 -20.196382669209715 0.8081659155689758 -1.7687189405861705  
51 5 Pedestrian 0 0 -1 -9999.0 -9999.0 -9999.0 -9999.0 1.7708351413111814 0.5926468999786946 0.6873376257887713 2.5043140835247613 -3.6907961551522526 0.056286569451962754 -0.3294433728321984  
51 4 Pedestrian 0 0 -1 -9999.0 -9999.0 -9999.0 -9999.0 1.7678836800061748 0.699827223863162 0.8583515515104435 -2.8352718648994006 7.513966350630918 -0.5031174393017541 1.0051843345084404  
51 20 Pedestrian 0 0 -1 -9999.0 -9999.0 -9999.0 -9999.0 1.7315617274061879 0.7883294535528993 0.8637922424478344 14.021628189766364 -44.553412362065345 1.7855900415857286 -0.5702675076724137  
51 7 Pedestrian 0 0 -1 -9999.0 -9999.0 -9999.0 -9999.0 1.7315617274061879 0.7883294535528993 0.8637922424478344 14.021628189766364 -44.553412362065345 1.7855900415857286 -1.8441753453662741  
52 3 Pedestrian 0 0 -1 -9999.0 -9999.0 -9999.0 -9999.0 1.6125226286976613 0.7883294535528993 0.8637922424478344 7.171357924947255 -20.31608264806833 0.8181628157981493 -1.7687584940358647  
52 5 Pedestrian 0 0 -1 -9999.0 -9999.0 -9999.0 -9999.0 1.7708351413111814 0.5926468999786946 0.6873376257887713 2.480074942732763 -3.5445244382973353 0.055140722117539065 -0.4329113081490732  
52 4 Pedestrian 0 0 -1 -9999.0 -9999.0 -9999.0 -9999.0 1.7678836800061748 0.699827223863162 0.8583515515104435 -2.9271438091646687 7.732571598497454 -0.5130836806981256 1.041560873311263  
52 20 Pedestrian 0 0 -1 -9999.0 -9999.0 -9999.0 -9999.0 1.7315617274061879 0.7883294535528993 0.8637922424478344 13.980845090651567 -44.40364382056052 1.7848696833408302 -0.7809818369369523  
52 7 Pedestrian 0 0 -1 -9999.0 -9999.0 -9999.0 -9999.0 1.7315617274061879 0.7883294535528993 0.8637922424478344 13.980845090651567 -44.40364382056052 1.7848696833408302 -1.847606747903427  
53 3 Pedestrian 0 0 -1 -9999.0 -9999.0 -9999.0 -9999.0 1.6125226286976613 0.7883294535528993 0.8637922424478344 7.229226801051919 -20.45496693507042 0.8171461118515504 -1.7687936329910663  
53 5 Pedestrian 0 0 -1 -9999.0 -9999.0 -9999.0 -9999.0 1.7708351413111814 0.5926468999786946 0.6873376257887713 2.4574537342943614 -3.3983019825796035 0.04261225164581828 -0.5444243234052077  
53 4 Pedestrian 0 0 -1 -9999.0 -9999.0 -9999.0 -9999.0 1.7678836800061748 0.699827223863162 0.8583515515104435 -3.0288069230952175 7.923155455117577 -0.5316594404669863 1.06334116336072  
53 20 Pedestrian 0 0 -1 -9999.0 -9999.0 -9999.0 -9999.0 1.7315617274061879 0.7883294535528993 0.8637922424478344 13.940419454852083 -44.25217623701435 1.7730398136081282 -1.0187125170685611  
53 7 Pedestrian 0 0 -1 -9999.0 -9999.0 -9999.0 -9999.0 1.7315617274061879 0.7883294535528993 0.8637922424478344 13.940419454852083 -44.25217623701435 1.7730398136081282 -1.8518182338923506  
54 3 Pedestrian 0 0 -1 -9999.0 -9999.0 -9999.0 -9999.0 1.6125226286976613 0.7883294535528993 0.8637922424478344 7.297100635484437 -20.601513581434364 0.8350066611915387 -1.7688181354293846  
54 5 Pedestrian 0 0 -1 -9999.0 -9999.0 -9999.0 -9999.0 1.7708351413111814 0.5926468999786946 0.6873376257887713 2.4288092303070385 -3.2478245301998196 0.04911029898862096 -0.6620081558825  
54 4 Pedestrian 0 0 -1 -9999.0 -9999.0 -9999.0 -9999.0 1.7678836800061748 0.699827223863162 0.8583515515104435 -3.1406559824374156 8.106588639449537 -0.5297287183665533 1.0760405706327392  
54 20 Pedestrian 0 0 -1 -9999.0 -9999.0 -9999.0 -9999.0 1.7315617274061879 0.7883294535528993 0.8637922424478344 13.893118235585579 -44.09501740469324 1.780533239864571 -1.2583613308524502  
54 7 Pedestrian 0 0 -1 -9999.0 -9999.0 -9999.0 -9999.0 1.7315617274061879 0.7883294535528993 0.8637922424478344 13.893118235585579 -44.09501740469324 1.780533239864571 -1.8567600555016597  
55 3 Pedestrian 0 0 -1 -9999.0 -9999.0 -9999.0 -9999.0 1.6125226286976613 0.7883294535528993 0.8637922424478344 7.3699266527000304 -20.72934168706979 0.8310573738493692 -1.768832866140734  
55 5 Pedestrian 0 0 -1 -9999.0 -9999.0 -9999.0 -9999.0 1.7708351413111814 0.5926468999786946 0.6873376257887713 2.399430064509236 -3.0798975764580394 0.03387939753027891 -0.787316569906892  
55 4 Pedestrian 0 0 -1 -9999.0 -9999.0 -9999.0 -9999.0 1.7678836800061748 0.699827223863162 0.8583515515104435 -3.25400889004397 8.314365163147388 -0.5496250633581654 1.0857400753872728  
55 20 Pedestrian 0 0 -1 -9999.0 -9999.0 -9999.0 -9999.0 1.7315617274061879 0.7883294535528993 0.8637922424478344 13.843722099822891 -43.91872234573314 1.7665838316521976 -1.4857259677578796  
55 7 Pedestrian 0 0 -1 -9999.0 -9999.0 -9999.0 -9999.0 1.7315617274061879 0.7883294535528993 0.8637922424478344 13.843722099822891 -43.91872234573314 1.7665838316521976 -1.862607308979218  
56 3 Pedestrian 0 0 -1 -9999.0 -9999.0 -9999.0 -9999.0 1.6125226286976613 0.7883294535528993 0.8637922424478344 7.428037590252835 -20.838665254522486 0.8317404127719119 -1.7688390720551332  
56 5 Pedestrian 0 0 -1 -9999.0 -9999.0 -9999.0 -9999.0 1.7708351413111814 0.5926468999786946 0.6873376257887713 2.3683772517935324 -2.927734943347584 0.023849767800296462 -0.9155144116293865  
56 4 Pedestrian 0 0 -1 -9999.0 -9999.0 -9999.0 -9999.0 1.7678836800061748 0.699827223863162 0.8583515515104435 -3.3623308265250955 8.529541441110608 -0.5651343023718844 1.0910082626804574  
56 20 Pedestrian 0 0 -1 -9999.0 -9999.0 -9999.0 -9999.0 1.7315617274061879 0.7883294535528993 0.8637922424478344 14.504079323219486 -43.220731128620606 1.7580371367951613 -1.6747255247983865  
56 7 Pedestrian 0 0 -1 -9999.0 -9999.0 -9999.0 -9999.0 1.7315617274061879 0.7883294535528993 0.8637922424478344 14.504079323219486 -43.220731128620606 1.7580371367951613 -1.8692722609862198  
56 8 Pedestrian 0 0 -1 -9999.0 -9999.0 -9999.0 -9999.0 1.7315617274061879 0.7883294535528993 0.8637922424478344 14.504079323219486 -43.220731128620606 1.7580371367951613 -1.6814360219229663  
57 3 Pedestrian 0 0 -1 -9999.0 -9999.0 -9999.0 -9999.0 1.6125226286976613 0.7883294535528993 0.8637922424478344 7.464227208275403 -20.879825698647018 0.8231627712742452 -1.7688385773404853  
57 5 Pedestrian 0 0 -1 -9999.0 -9999.0 -9999.0 -9999.0 1.7708351413111814 0.5926468999786946 0.6873376257887713 2.344187255129615 -2.766021145693289 0.005297686745193264 -1.0451280957839337  
57 4 Pedestrian 0 0 -1 -9999.0 -9999.0 -9999.0 -9999.0 1.7678836800061748 0.699827223863162 0.8583515515104435 -3.4537770143517115 8.789541722793292 -0.588630081424915 1.0723448419562018  
57 20 Pedestrian 0 0 -1 -9999.0 -9999.0 -9999.0 -9999.0 1.7315617274061879 0.7883294535528993 0.8637922424478344 14.467357476314366 -43.06235833422022 1.7411156067568245 -1.8061681039130768  
57 7 Pedestrian 0 0 -1 -9999.0 -9999.0 -9999.0 -9999.0 1.7315617274061879 0.7883294535528993 0.8637922424478344 14.467357476314366 -43.06235833422022 1.7411156067568245 -1.8768111355056565  
57 8 Pedestrian 0 0 -1 -9999.0 -9999.0 -9999.0 -9999.0 1.7315617274061879 0.7883294535528993 0.8637922424478344 14.467357476314366 -43.06235833422022 1.7411156067568245 -1.6814360219229663  
58 3 Pedestrian 0 0 -1 -9999.0 -9999.0 -9999.0 -9999.0 1.6125226286976613 0.7883294535528993 0.8637922424478344 7.455439583887809 -20.85502713532633 0.8145737089895966 -1.7688330147412827  
58 5 Pedestrian 0 0 -1 -9999.0 -9999.0 -9999.0 -9999.0 1.7708351413111814 0.5926468999786946 0.6873376257887713 2.319977791674148 -2.62201256881532 -0.01237007131907819 -1.1751164120202127  
58 4 Pedestrian 0 0 -1 -9999.0 -9999.0 -9999.0 -9999.0 1.7678836800061748 0.699827223863162 0.8583515515104435 -3.53748374755504 9.064052111056748 -0.6102256855714394 1.0391884496611326  
58 20 Pedestrian 0 0 -1 -9999.0 -9999.0 -9999.0 -9999.0 1.7315617274061879 0.7883294535528993 0.8637922424478344 14.430750267607639 -42.9224776412067 1.7251813092047472 -1.8599239382175874  
58 7 Pedestrian 0 0 -1 -9999.0 -9999.0 -9999.0 -9999.0 1.7315617274061879 0.7883294535528993 0.8637922424478344 14.430750267607639 -42.9224776412067 1.7251813092047472 -1.8853246111409199  
58 8 Pedestrian 0 0 -1 -9999.0 -9999.0 -9999.0 -9999.0 1.7315617274061879 0.7883294535528993 0.8637922424478344 14.430750267607639 -42.9224776412067 1.7251813092047472 -1.6814360219229663  
59 3 Pedestrian 0 0 -1 -9999.0 -9999.0 -9999.0 -9999.0 1.6125226286976613 0.7883294535528993 0.8637922424478344 7.415586220572262 -20.782719455706484 0.8277707781547472 -1.768824040678858  
59 5 Pedestrian 0 0 -1 -9999.0 -9999.0 -9999.0 -9999.0 1.7708351413111814 0.5926468999786946 0.6873376257887713 2.2995171539713475 -2.489111745229522 -0.007030538953869847 -1.3027127662655502  
59 4 Pedestrian 0 0 -1 -9999.0 -9999.0 -9999.0 -9999.0 1.7678836800061748 0.699827223863162 0.8583515515104435 -3.6124521712975977 9.351258122643936 -0.6076258094104616 1.0104878123011938  
59 20 Pedestrian 0 0 -1 -9999.0 -9999.0 -9999.0 -9999.0 1.7315617274061879 0.7883294535528993 0.8637922424478344 14.398115318360116 -42.79445684027023 1.7322904677293391 -1.8298477350027866  
59 7 Pedestrian 0 0 -1 -9999.0 -9999.0 -9999.0 -9999.0 1.7315617274061879 0.7883294535528993 0.8637922424478344 14.398115318360116 -42.79445684027023 1.7322904677293391 -1.8948153061642419  
59 8 Pedestrian 0 0 -1 -9999.0 -9999.0 -9999.0 -9999.0 1.7315617274061879 0.7883294535528993 0.8637922424478344 14.398115318360116 -42.79445684027023 1.7322904677293391 -1.6814360219229663  
60 3 Pedestrian 0 0 -1 -9999.0 -9999.0 -9999.0 -9999.0 1.6125226286976613 0.7883294535528993 0.8637922424478344 7.418865176492009 -20.809099370483864 0.8326418950215733 -1.7688134340850112  
60 5 Pedestrian 0 0 -1 -9999.0 -9999.0 -9999.0 -9999.0 1.7708351413111814 0.5926468999786946 0.6873376257887713 2.2688789570775576 -2.3406423311469844 -0.008357481269851474 -1.4246824082824965  
60 4 Pedestrian 0 0 -1 -9999.0 -9999.0 -9999.0 -9999.0 1.7678836800061748 0.699827223863162 0.8583515515104435 -3.6952757046040574 9.668185641884836 -0.6103507005389499 1.0051843345084404  
60 20 Pedestrian 0 0 -1 -9999.0 -9999.0 -9999.0 -9999.0 1.7315617274061879 0.7883294535528993 0.8637922424478344 14.355660489484645 -42.65154552448405 1.7326943453132282 -1.7750050801526776  
60 7 Pedestrian 0 0 -1 -9999.0 -9999.0 -9999.0 -9999.0 1.7315617274061879 0.7883294535528993 0.8637922424478344 14.355660489484645 -42.65154552448405 1.7326943453132282 -1.9051071277160592  
60 8 Pedestrian 0 0 -1 -9999.0 -9999.0 -9999.0 -9999.0 1.7315617274061879 0.7883294535528993 0.8637922424478344 14.355660489484645 -42.65154552448405 1.7326943453132282 -1.6814360219229663  
61 3 Pedestrian 0 0 -1 -9999.0 -9999.0 -9999.0 -9999.0 1.6125226286976613 0.7883294535528993 0.8637922424478344 7.469855912380844 -20.905961695763935 0.8384042551429952 -1.7688027183870538  
61 5 Pedestrian 0 0 -1 -9999.0 -9999.0 -9999.0 -9999.0 1.7708351413111814 0.5926468999786946 0.6873376257887713 2.241060267433685 -2.1732502141568926 -0.0068991706473826575 -1.5406792767557302  
61 4 Pedestrian 0 0 -1 -9999.0 -9999.0 -9999.0 -9999.0 1.7678836800061748 0.699827223863162 0.8583515515104435 -3.7754288810855456 10.014118448445156 -0.6090359231971776 1.035955276250771  
61 20 Pedestrian 0 0 -1 -9999.0 -9999.0 -9999.0 -9999.0 1.7315617274061879 0.7883294535528993 0.8637922424478344 14.316238058129198 -42.49044621063688 1.7358107734309636 -1.7688330147412827  
61 7 Pedestrian 0 0 -1 -9999.0 -9999.0 -9999.0 -9999.0 1.7315617274061879 0.7883294535528993 0.8637922424478344 14.316238058129198 -42.49044621063688 1.7358107734309636 -1.9158014480245011  
61 8 Pedestrian 0 0 -1 -9999.0 -9999.0 -9999.0 -9999.0 1.7315617274061879 0.7883294535528993 0.8637922424478344 14.316238058129198 -42.49044621063688 1.7358107734309636 -1.6814360219229663  
62 3 Pedestrian 0 0 -1 -9999.0 -9999.0 -9999.0 -9999.0 1.6125226286976613 0.7883294535528993 0.8637922424478344 7.526520306502675 -21.011866019778203 0.8205671193273982 -1.7687936329910663  
62 5 Pedestrian 0 0 -1 -9999.0 -9999.0 -9999.0 -9999.0 1.7708351413111814 0.5926468999786946 0.6873376257887713 2.214152783877033 -2.0173609736142435 -0.02679336073964511 -1.6478784715096975  
62 4 Pedestrian 0 0 -1 -9999.0 -9999.0 -9999.0 -9999.0 1.7678836800061748 0.699827223863162 0.8583515515104435 -3.8505954950070134 10.357635863108863 -0.6286944761128161 1.09172325322508  
62 20 Pedestrian 0 0 -1 -9999.0 -9999.0 -9999.0 -9999.0 1.7315617274061879 0.7883294535528993 0.8637922424478344 14.278031150407546 -42.34153731735172 1.7174329167640274 -1.8656127799466091  
62 7 Pedestrian 0 0 -1 -9999.0 -9999.0 -9999.0 -9999.0 1.7315617274061879 0.7883294535528993 0.8637922424478344 14.278031150407546 -42.34153731735172 1.7174329167640274 -1.926179323686048  
62 8 Pedestrian 0 0 -1 -9999.0 -9999.0 -9999.0 -9999.0 1.7315617274061879 0.7883294535528993 0.8637922424478344 14.278031150407546 -42.34153731735172 1.7174329167640274 -1.6814360219229663  
63 3 Pedestrian 0 0 -1 -9999.0 -9999.0 -9999.0 -9999.0 1.6125226286976613 0.7883294535528993 0.8637922424478344 7.558750362310995 -21.049705213434677 0.8145400419629123 -1.7687875227092658  
63 5 Pedestrian 0 0 -1 -9999.0 -9999.0 -9999.0 -9999.0 1.7708351413111814 0.5926468999786946 0.6873376257887713 2.188633808317544 -1.8596864042786443 -0.032532591494409235 -1.743808638226044  
63 4 Pedestrian 0 0 -1 -9999.0 -9999.0 -9999.0 -9999.0 1.7678836800061748 0.699827223863162 0.8583515515104435 -3.9147912413942834 10.712841789061269 -0.6349165381330284 1.1549407920712955  
63 20 Pedestrian 0 0 -1 -9999.0 -9999.0 -9999.0 -9999.0 1.7315617274061879 0.7883294535528993 0.8637922424478344 14.24157959128705 -42.191485951940734 1.7130040847931705 -2.0351830082938633  
63 7 Pedestrian 0 0 -1 -9999.0 -9999.0 -9999.0 -9999.0 1.7315617274061879 0.7883294535528993 0.8637922424478344 14.24157959128705 -42.191485951940734 1.7130040847931705 -1.9355407955293202  
63 8 Pedestrian 0 0 -1 -9999.0 -9999.0 -9999.0 -9999.0 1.7315617274061879 0.7883294535528993 0.8637922424478344 14.24157959128705 -42.191485951940734 1.7130040847931705 -1.6814360219229663  
64 3 Pedestrian 0 0 -1 -9999.0 -9999.0 -9999.0 -9999.0 1.6125226286976613 0.7883294535528993 0.8637922424478344 7.569098724839311 -21.07481156882715 0.7968558337844511 -1.768784227105412  
64 5 Pedestrian 0 0 -1 -9999.0 -9999.0 -9999.0 -9999.0 1.7708351413111814 0.5926468999786946 0.6873376257887713 2.157602051333356 -1.7048919011538697 -0.04837475207201458 -1.8259951355962123  
64 4 Pedestrian 0 0 -1 -9999.0 -9999.0 -9999.0 -9999.0 1.7678836800061748 0.699827223863162 0.8583515515104435 -3.9695461523363775 11.075293381854149 -0.6530310236243841 1.2080406828701884  
64 20 Pedestrian 0 0 -1 -9999.0 -9999.0 -9999.0 -9999.0 1.7315617274061879 0.7883294535528993 0.8637922424478344 14.20006197277391 -42.044886938199426 1.6982033935040843 -2.225696806366372  
64 7 Pedestrian 0 0 -1 -9999.0 -9999.0 -9999.0 -9999.0 1.7315617274061879 0.7883294535528993 0.8637922424478344 14.20006197277391 -42.044886938199426 1.6982033935040843 -1.94319037956752  
64 8 Pedestrian 0 0 -1 -9999.0 -9999.0 -9999.0 -9999.0 1.7315617274061879 0.7883294535528993 0.8637922424478344 14.20006197277391 -42.044886938199426 1.6982033935040843 -1.6814360219229663  
65 3 Pedestrian 0 0 -1 -9999.0 -9999.0 -9999.0 -9999.0 1.6125226286976613 0.7883294535528993 0.8637922424478344 7.594008281785111 -21.17741806668176 0.7964998507425155 -1.7687831773587348  
65 5 Pedestrian 0 0 -1 -9999.0 -9999.0 -9999.0 -9999.0 1.7708351413111814 0.5926468999786946 0.6873376257887713 2.1374928712839214 -1.5609957895456166 -0.046289168298830674 -1.8934292099671186  
65 4 Pedestrian 0 0 -1 -9999.0 -9999.0 -9999.0 -9999.0 1.7678836800061748 0.699827223863162 0.8583515515104435 -3.9963997215803424 11.439888345239567 -0.6559871742868022 1.2381338135254607  
65 20 Pedestrian 0 0 -1 -9999.0 -9999.0 -9999.0 -9999.0 1.7315617274061879 0.7883294535528993 0.8637922424478344 14.169798357985098 -41.90984739608117 1.7010165964417054 -2.3893772243706586  
65 7 Pedestrian 0 0 -1 -9999.0 -9999.0 -9999.0 -9999.0 1.7315617274061879 0.7883294535528993 0.8637922424478344 14.169798357985098 -41.90984739608117 1.7010165964417054 -1.9485687156988671  
65 8 Pedestrian 0 0 -1 -9999.0 -9999.0 -9999.0 -9999.0 1.7315617274061879 0.7883294535528993 0.8637922424478344 14.169798357985098 -41.90984739608117 1.7010165964417054 -1.6814360219229663  
66 3 Pedestrian 0 0 -1 -9999.0 -9999.0 -9999.0 -9999.0 1.6125226286976613 0.7883294535528993 0.8637922424478344 7.622042141966087 -21.362687239834187 0.7799011663594166 -1.768783878773787  
66 5 Pedestrian 0 0 -1 -9999.0 -9999.0 -9999.0 -9999.0 1.7708351413111814 0.5926468999786946 0.6873376257887713 2.1066696435350956 -1.399152225476099 -0.06084019433506005 -1.9433841540558152  
66 4 Pedestrian 0 0 -1 -9999.0 -9999.0 -9999.0 -9999.0 1.7678836800061748 0.699827223863162 0.8583515515104435 -4.026291281966039 11.829120735060444 -0.6787399256893027 1.2456582113820325  
66 20 Pedestrian 0 0 -1 -9999.0 -9999.0 -9999.0 -9999.0 1.7315617274061879 0.7883294535528993 0.8637922424478344 14.129247342562053 -41.757450213351994 1.6868118830561447 -2.485632805183352  
66 7 Pedestrian 0 0 -1 -9999.0 -9999.0 -9999.0 -9999.0 1.7315617274061879 0.7883294535528993 0.8637922424478344 14.129247342562053 -41.757450213351994 1.6868118830561447 -1.9509500252443939  
66 8 Pedestrian 0 0 -1 -9999.0 -9999.0 -9999.0 -9999.0 1.7315617274061879 0.7883294535528993 0.8637922424478344 14.129247342562053 -41.757450213351994 1.6868118830561447 -1.6814360219229663  
67 3 Pedestrian 0 0 -1 -9999.0 -9999.0 -9999.0 -9999.0 1.6125226286976613 0.7883294535528993 0.8637922424478344 7.637361587462632 -21.503258975895726 0.7793700061167061 -1.7687857883964497  
67 5 Pedestrian 0 0 -1 -9999.0 -9999.0 -9999.0 -9999.0 1.7708351413111814 0.5926468999786946 0.6873376257887713 2.0754636242715243 -1.2399362502975642 -0.06073482698254806 -1.9744547116658229  
67 4 Pedestrian 0 0 -1 -9999.0 -9999.0 -9999.0 -9999.0 1.7678836800061748 0.699827223863162 0.8583515515104435 -4.061406645157529 12.214422104738741 -0.690126065153668 1.2352177018092938  
67 20 Pedestrian 0 0 -1 -9999.0 -9999.0 -9999.0 -9999.0 1.7315617274061879 0.7883294535528993 0.8637922424478344 14.088758531435218 -41.60806082925981 1.6868530458262825 -2.5202337322442965  
67 7 Pedestrian 0 0 -1 -9999.0 -9999.0 -9999.0 -9999.0 1.7315617274061879 0.7883294535528993 0.8637922424478344 14.088758531435218 -41.60806082925981 1.6868530458262825 -1.9496845525756754  
67 8 Pedestrian 0 0 -1 -9999.0 -9999.0 -9999.0 -9999.0 1.7315617274061879 0.7883294535528993 0.8637922424478344 14.088758531435218 -41.60806082925981 1.6868530458262825 -1.6814360219229663  
68 3 Pedestrian 0 0 -1 -9999.0 -9999.0 -9999.0 -9999.0 1.6125226286976613 0.7883294535528993 0.8637922424478344 7.629224722259721 -21.51368669154026 0.7644289225474363 -1.7687884070318738  
68 5 Pedestrian 0 0 -1 -9999.0 -9999.0 -9999.0 -9999.0 1.7708351413111814 0.5926468999786946 0.6873376257887713 2.0462782827574735 -1.0782793582162835 -0.07757000708395712 -1.9896113946906944  
68 4 Pedestrian 0 0 -1 -9999.0 -9999.0 -9999.0 -9999.0 1.7678836800061748 0.699827223863162 0.8583515515104435 -4.112231783454032 12.598115502518048 -0.7220039131535674 1.211154589302824  
68 20 Pedestrian 0 0 -1 -9999.0 -9999.0 -9999.0 -9999.0 1.7315617274061879 0.7883294535528993 0.8637922424478344 14.050241349088175 -41.456161561154076 1.6696281350839914 -2.5108590592160844  
68 7 Pedestrian 0 0 -1 -9999.0 -9999.0 -9999.0 -9999.0 1.7315617274061879 0.7883294535528993 0.8637922424478344 14.050241349088175 -41.456161561154076 1.6696281350839914 -1.9440918897411432  
68 8 Pedestrian 0 0 -1 -9999.0 -9999.0 -9999.0 -9999.0 1.7315617274061879 0.7883294535528993 0.8637922424478344 14.050241349088175 -41.456161561154076 1.6696281350839914 -1.6814360219229663  
69 3 Pedestrian 0 0 -1 -9999.0 -9999.0 -9999.0 -9999.0 1.6125226286976613 0.7883294535528993 0.8637922424478344 7.643926696071048 -21.62395539537531 0.7593587915417996 -1.7687911982440507  
69 5 Pedestrian 0 0 -1 -9999.0 -9999.0 -9999.0 -9999.0 1.7708351413111814 0.5926468999786946 0.6873376257887713 2.0166234037184267 -0.9169844963252629 -0.08823963348204544 -1.9920856705180636  
69 4 Pedestrian 0 0 -1 -9999.0 -9999.0 -9999.0 -9999.0 1.7678836800061748 0.699827223863162 0.8583515515104435 -4.19426169198157 12.970174433089387 -0.7512828665639995 1.177979782983563  
69 20 Pedestrian 0 0 -1 -9999.0 -9999.0 -9999.0 -9999.0 1.7315617274061879 0.7883294535528993 0.8637922424478344 14.01081730636475 -41.303792890400274 1.658357759242703 -2.4743644647107192  
69 7 Pedestrian 0 0 -1 -9999.0 -9999.0 -9999.0 -9999.0 1.7315617274061879 0.7883294535528993 0.8637922424478344 14.01081730636475 -41.303792890400274 1.658357759242703 -1.9334971685526767  
69 8 Pedestrian 0 0 -1 -9999.0 -9999.0 -9999.0 -9999.0 1.7315617274061879 0.7883294535528993 0.8637922424478344 14.01081730636475 -41.303792890400274 1.658357759242703 -1.6814360219229663  
70 3 Pedestrian 0 0 -1 -9999.0 -9999.0 -9999.0 -9999.0 1.6125226286976613 0.7883294535528993 0.8637922424478344 7.66634654780826 -21.738203410967905 0.7663671057486027 -1.7687936329910663  
70 5 Pedestrian 0 0 -1 -9999.0 -9999.0 -9999.0 -9999.0 1.7708351413111814 0.5926468999786946 0.6873376257887713 1.9896712259733746 -0.7669608392388341 -0.09169544247771766 -1.985380174590059  
70 4 Pedestrian 0 0 -1 -9999.0 -9999.0 -9999.0 -9999.0 1.7678836800061748 0.699827223863162 0.8583515515104435 -4.312477750731713 13.315938692779202 -0.7765385828063762 1.1400971566334288  
70 20 Pedestrian 0 0 -1 -9999.0 -9999.0 -9999.0 -9999.0 1.7315617274061879 0.7883294535528993 0.8637922424478344 13.973214403576051 -41.16116034202024 1.654206067581438 -2.4280535126259544  
70 7 Pedestrian 0 0 -1 -9999.0 -9999.0 -9999.0 -9999.0 1.7315617274061879 0.7883294535528993 0.8637922424478344 13.973214403576051 -41.16116034202024 1.654206067581438 -1.9172394075411212  
70 8 Pedestrian 0 0 -1 -9999.0 -9999.0 -9999.0 -9999.0 1.7315617274061879 0.7883294535528993 0.8637922424478344 13.973214403576051 -41.16116034202024 1.654206067581438 -1.6814360219229663  
71 3 Pedestrian 0 0 -1 -9999.0 -9999.0 -9999.0 -9999.0 1.6125226286976613 0.7883294535528993 0.8637922424478344 7.667765788427456 -21.715450741450297 0.7834138654280862 -1.768795287292635  
71 5 Pedestrian 0 0 -1 -9999.0 -9999.0 -9999.0 -9999.0 1.7708351413111814 0.5926468999786946 0.6873376257887713 1.9595420136099762 -0.6119953670237432 -0.09062708182612567 -1.9730875283093763  
71 4 Pedestrian 0 0 -1 -9999.0 -9999.0 -9999.0 -9999.0 1.7678836800061748 0.699827223863162 0.8583515515104435 -4.46095084542354 13.655271122310376 -0.7981857765481428 1.101650981721896  
71 20 Pedestrian 0 0 -1 -9999.0 -9999.0 -9999.0 -9999.0 1.7315617274061879 0.7883294535528993 0.8637922424478344 13.931182612445756 -41.011330756272464 1.6546027392271316 -2.389377213530036  
71 7 Pedestrian 0 0 -1 -9999.0 -9999.0 -9999.0 -9999.0 1.7315617274061879 0.7883294535528993 0.8637922424478344 13.931182612445756 -41.011330756272464 1.6546027392271316 -1.8948153061642419  
71 8 Pedestrian 0 0 -1 -9999.0 -9999.0 -9999.0 -9999.0 1.7315617274061879 0.7883294535528993 0.8637922424478344 13.931182612445756 -41.011330756272464 1.6546027392271316 -1.6814360219229663  
72 3 Pedestrian 0 0 -1 -9999.0 -9999.0 -9999.0 -9999.0 1.6125226286976613 0.7883294535528993 0.8637922424478344 7.6846110008583715 -21.740508328431996 0.804123158671354 -1.7687962074751962  
72 5 Pedestrian 0 0 -1 -9999.0 -9999.0 -9999.0 -9999.0 1.7708351413111814 0.5926468999786946 0.6873376257887713 1.9270324823324891 -0.4536997176987736 -0.09082936974631495 -1.9585207657767825  
72 4 Pedestrian 0 0 -1 -9999.0 -9999.0 -9999.0 -9999.0 1.7678836800061748 0.699827223863162 0.8583515515104435 -4.624782503637114 13.995861279421426 -0.8197601653164672 1.0658973966514278  
72 20 Pedestrian 0 0 -1 -9999.0 -9999.0 -9999.0 -9999.0 1.7315617274061879 0.7883294535528993 0.8637922424478344 13.884909278098341 -40.85528756177247 1.6538588525904196 -2.3713167367797254  
72 7 Pedestrian 0 0 -1 -9999.0 -9999.0 -9999.0 -9999.0 1.7315617274061879 0.7883294535528993 0.8637922424478344 13.884909278098341 -40.85528756177247 1.6538588525904196 -1.8694329932874147  
72 8 Pedestrian 0 0 -1 -9999.0 -9999.0 -9999.0 -9999.0 1.7315617274061879 0.7883294535528993 0.8637922424478344 13.884909278098341 -40.85528756177247 1.6538588525904196 -1.6814360219229663  
73 3 Pedestrian 0 0 -1 -9999.0 -9999.0 -9999.0 -9999.0 1.6125226286976613 0.7883294535528993 0.8637922424478344 7.728417128642221 -21.84528196371153 0.8223382776941363 -1.7687965149609681  
73 5 Pedestrian 0 0 -1 -9999.0 -9999.0 -9999.0 -9999.0 1.7708351413111814 0.5926468999786946 0.6873376257887713 1.9031441778998648 -0.31086985746139284 -0.09714646392462867 -1.945262634775247  
73 10 Pedestrian 0 0 -1 -9999.0 -9999.0 -9999.0 -9999.0 1.8051287644942364 0.6995279145192044 0.7327620341224927 -8.06925585745793 29.36268327322799 -1.6446198832396508 -0.21123572811743507  
73 4 Pedestrian 0 0 -1 -9999.0 -9999.0 -9999.0 -9999.0 1.7678836800061748 0.699827223863162 0.8583515515104435 -4.776322039213909 14.3243252081617 -0.8433552089713574 1.036923145454324  
73 20 Pedestrian 0 0 -1 -9999.0 -9999.0 -9999.0 -9999.0 1.7315617274061879 0.7883294535528993 0.8637922424478344 13.845035486677084 -40.71108420934668 1.6472509091123726 -2.3729983549020943  
73 7 Pedestrian 0 0 -1 -9999.0 -9999.0 -9999.0 -9999.0 1.7315617274061879 0.7883294535528993 0.8637922424478344 13.845035486677084 -40.71108420934668 1.6472509091123726 -1.86145851044801  
73 8 Pedestrian 0 0 -1 -9999.0 -9999.0 -9999.0 -9999.0 1.7315617274061879 0.7883294535528993 0.8637922424478344 13.845035486677084 -40.71108420934668 1.6472509091123726 -1.6814360219229663  
74 3 Pedestrian 0 0 -1 -9999.0 -9999.0 -9999.0 -9999.0 1.6125226286976613 0.7883294535528993 0.8637922424478344 7.77707026169362 -21.940218774857005 0.8398444957885856 -1.768796348798011  
74 5 Pedestrian 0 0 -1 -9999.0 -9999.0 -9999.0 -9999.0 1.7708351413111814 0.5926468999786946 0.6873376257887713 1.8785183713128397 -0.14644454039943966 -0.1064131319822954 -1.9368359300891829  
74 10 Pedestrian 0 0 -1 -9999.0 -9999.0 -9999.0 -9999.0 1.8051287644942364 0.6995279145192044 0.7327620341224927 -8.201675759925282 29.51309466785814 -1.651011669707067 -0.21123572811743507  
74 4 Pedestrian 0 0 -1 -9999.0 -9999.0 -9999.0 -9999.0 1.7678836800061748 0.699827223863162 0.8583515515104435 -4.90857942217152 14.683287570013142 -0.8631982676801895 1.0185778293601198  
74 20 Pedestrian 0 0 -1 -9999.0 -9999.0 -9999.0 -9999.0 1.7315617274061879 0.7883294535528993 0.8637922424478344 13.801883696564573 -40.54101883565298 1.6380571349591402 -2.389377213530036  
74 7 Pedestrian 0 0 -1 -9999.0 -9999.0 -9999.0 -9999.0 1.7315617274061879 0.7883294535528993 0.8637922424478344 13.801883696564573 -40.54101883565298 1.6380571349591402 -1.8948152377746261  
74 8 Pedestrian 0 0 -1 -9999.0 -9999.0 -9999.0 -9999.0 1.7315617274061879 0.7883294535528993 0.8637922424478344 13.801883696564573 -40.54101883565298 1.6380571349591402 -1.6814360219229663  
75 3 Pedestrian 0 0 -1 -9999.0 -9999.0 -9999.0 -9999.0 1.6125226286976613 0.7883294535528993 0.8637922424478344 7.826542738601777 -22.04047614586721 0.8527091969611549 -1.7687958413019622  
75 5 Pedestrian 0 0 -1 -9999.0 -9999.0 -9999.0 -9999.0 1.7708351413111814 0.5926468999786946 0.6873376257887713 1.8580013154134143 -0.01173299418438134 -0.12174122701610712 -1.935434588490505  
75 10 Pedestrian 0 0 -1 -9999.0 -9999.0 -9999.0 -9999.0 1.8051287644942364 0.6995279145192044 0.7327620341224927 -8.3092393426727 29.642970478990996 -1.663687115172678 -0.21123572811743507  
75 4 Pedestrian 0 0 -1 -9999.0 -9999.0 -9999.0 -9999.0 1.7678836800061748 0.699827223863162 0.8583515515104435 -5.008637033563698 15.028027074457595 -0.8812620298371363 1.0128314306508255  
75 20 Pedestrian 0 0 -1 -9999.0 -9999.0 -9999.0 -9999.0 1.7315617274061879 0.7883294535528993 0.8637922424478344 13.75989869718478 -40.39651332791033 1.623268202136078 -2.408588231194752  
75 7 Pedestrian 0 0 -1 -9999.0 -9999.0 -9999.0 -9999.0 1.7315617274061879 0.7883294535528993 0.8637922424478344 13.75989869718478 -40.39651332791033 1.623268202136078 -1.9872831287148998  
75 8 Pedestrian 0 0 -1 -9999.0 -9999.0 -9999.0 -9999.0 1.7315617274061879 0.7883294535528993 0.8637922424478344 13.75989869718478 -40.39651332791033 1.623268202136078 -1.6814360219229663  
76 3 Pedestrian 0 0 -1 -9999.0 -9999.0 -9999.0 -9999.0 1.6125226286976613 0.7883294535528993 0.8637922424478344 7.873266534790435 -22.120632820245103 0.8747011879821451 -1.7687951283781604  
76 5 Pedestrian 0 0 -1 -9999.0 -9999.0 -9999.0 -9999.0 1.7708351413111814 0.5926468999786946 0.6873376257887713 1.839468568129142 0.11925351783991545 -0.12788707432360313 -1.9387961133516711  
76 10 Pedestrian 0 0 -1 -9999.0 -9999.0 -9999.0 -9999.0 1.8051287644942364 0.6995279145192044 0.7327620341224927 -8.34685602642934 29.784356880760015 -1.6687207475613852 -0.21123572811743507  
76 4 Pedestrian 0 0 -1 -9999.0 -9999.0 -9999.0 -9999.0 1.7678836800061748 0.699827223863162 0.8583515515104435 -5.09241257305143 15.374703680659662 -0.8860101557171105 1.0159205490567826  
76 20 Pedestrian 0 0 -1 -9999.0 -9999.0 -9999.0 -9999.0 1.7315617274061879 0.7883294535528993 0.8637922424478344 13.718218313908764 -40.255372415518956 1.618175300340797 -2.389377213530036  
76 7 Pedestrian 0 0 -1 -9999.0 -9999.0 -9999.0 -9999.0 1.7315617274061879 0.7883294535528993 0.8637922424478344 13.718218313908764 -40.255372415518956 1.618175300340797 -2.1281914032458857  
76 8 Pedestrian 0 0 -1 -9999.0 -9999.0 -9999.0 -9999.0 1.7315617274061879 0.7883294535528993 0.8637922424478344 13.718218313908764 -40.255372415518956 1.618175300340797 -1.6814360219229663  
77 3 Pedestrian 0 0 -1 -9999.0 -9999.0 -9999.0 -9999.0 1.6125226286976613 0.7883294535528993 0.8637922424478344 7.9093361117638175 -22.171663488762015 0.8869026980792323 -1.7687943499910936  
77 5 Pedestrian 0 0 -1 -9999.0 -9999.0 -9999.0 -9999.0 1.7708351413111814 0.5926468999786946 0.6873376257887713 1.8139199357976743 0.26781806371610806 -0.1423527129946376 -1.9433841540558152  
77 10 Pedestrian 0 0 -1 -9999.0 -9999.0 -9999.0 -9999.0 1.8051287644942364 0.6995279145192044 0.7327620341224927 -8.58987307238651 29.896472440503437 -1.6756317499333744 -0.21123572811743507  
77 4 Pedestrian 0 0 -1 -9999.0 -9999.0 -9999.0 -9999.0 1.7678836800061748 0.699827223863162 0.8583515515104435 -5.189284890320934 15.732206848886088 -0.9000246435123127 1.0223214360340762  
77 20 Pedestrian 0 0 -1 -9999.0 -9999.0 -9999.0 -9999.0 1.7315617274061879 0.7883294535528993 0.8637922424478344 13.66940094037648 -40.10095446575167 1.6052993643965672 -2.294766555482667  
77 7 Pedestrian 0 0 -1 -9999.0 -9999.0 -9999.0 -9999.0 1.7315617274061879 0.7883294535528993 0.8637922424478344 13.66940094037648 -40.10095446575167 1.6052993643965672 -2.2990405875074984  
77 8 Pedestrian 0 0 -1 -9999.0 -9999.0 -9999.0 -9999.0 1.7315617274061879 0.7883294535528993 0.8637922424478344 13.66940094037648 -40.10095446575167 1.6052993643965672 -1.6814360219229663  
78 3 Pedestrian 0 0 -1 -9999.0 -9999.0 -9999.0 -9999.0 1.6125226286976613 0.7883294535528993 0.8637922424478344 7.947851716215872 -22.222470105680742 0.9097171578325244 -1.7687936329910663  
78 5 Pedestrian 0 0 -1 -9999.0 -9999.0 -9999.0 -9999.0 1.7708351413111814 0.5926468999786946 0.6873376257887713 1.7925993574292924 0.4192088500161155 -0.14371902772903655 -1.946427235434614  
78 10 Pedestrian 0 0 -1 -9999.0 -9999.0 -9999.0 -9999.0 1.8051287644942364 0.6995279145192044 0.7327620341224927 -8.871285146326649 29.99436158283664 -1.6675706476040457 -0.21123572811743507  
78 4 Pedestrian 0 0 -1 -9999.0 -9999.0 -9999.0 -9999.0 1.7678836800061748 0.699827223863162 0.8583515515104435 -5.304595481473232 16.079398522281416 -0.9057966924242347 1.0276630485972724  
78 20 Pedestrian 0 0 -1 -9999.0 -9999.0 -9999.0 -9999.0 1.7315617274061879 0.7883294535528993 0.8637922424478344 13.625678009750505 -39.951380061732834 1.6060857516268463 -2.128745356534358  
78 7 Pedestrian 0 0 -1 -9999.0 -9999.0 -9999.0 -9999.0 1.7315617274061879 0.7883294535528993 0.8637922424478344 13.625678009750505 -39.951380061732834 1.6060857516268463 -2.4841996972394753  
78 8 Pedestrian 0 0 -1 -9999.0 -9999.0 -9999.0 -9999.0 1.7315617274061879 0.7883294535528993 0.8637922424478344 13.625678009750505 -39.951380061732834 1.6060857516268463 -1.6814360219229663  
79 3 Pedestrian 0 0 -1 -9999.0 -9999.0 -9999.0 -9999.0 1.6125226286976613 0.7883294535528993 0.8637922424478344 7.981149620287539 -22.285494251890547 0.9172115584905403 -1.7687930900812638  
79 5 Pedestrian 0 0 -1 -9999.0 -9999.0 -9999.0 -9999.0 1.7708351413111814 0.5926468999786946 0.6873376257887713 1.7676052544727412 0.5659619248297112 -0.15669779164337405 -1.9477617183194518  
79 10 Pedestrian 0 0 -1 -9999.0 -9999.0 -9999.0 -9999.0 1.8051287644942364 0.6995279145192044 0.7327620341224927 -9.177021045994309 30.076413115248133 -1.669973418664492 -0.21123572811743507  
79 4 Pedestrian 0 0 -1 -9999.0 -9999.0 -9999.0 -9999.0 1.7678836800061748 0.699827223863162 0.8583515515104435 -5.442531877815362 16.409967739661212 -0.9274199153836851 1.031529989676626  
79 20 Pedestrian 0 0 -1 -9999.0 -9999.0 -9999.0 -9999.0 1.7315617274061879 0.7883294535528993 0.8637922424478344 13.579707478261497 -39.8128501677476 1.595734716304774 -1.9070946503681618  
79 7 Pedestrian 0 0 -1 -9999.0 -9999.0 -9999.0 -9999.0 1.7315617274061879 0.7883294535528993 0.8637922424478344 13.579707478261497 -39.8128501677476 1.595734716304774 -2.665497969182363  
79 8 Pedestrian 0 0 -1 -9999.0 -9999.0 -9999.0 -9999.0 1.7315617274061879 0.7883294535528993 0.8637922424478344 13.579707478261497 -39.8128501677476 1.595734716304774 -1.6814360219229663  
80 3 Pedestrian 0 0 -1 -9999.0 -9999.0 -9999.0 -9999.0 1.6125226286976613 0.7883294535528993 0.8637922424478344 8.006436018567786 -22.34707262239018 0.9207678976657115 -1.7687927251631628  
80 5 Pedestrian 0 0 -1 -9999.0 -9999.0 -9999.0 -9999.0 1.7708351413111814 0.5926468999786946 0.6873376257887713 1.7354783496081083 0.7204513966089277 -0.16998351777921195 -1.9479177347700016  
80 10 Pedestrian 0 0 -1 -9999.0 -9999.0 -9999.0 -9999.0 1.8051287644942364 0.6995279145192044 0.7327620341224927 -9.487553551705076 30.162376668138073 -1.6723168767283982 -0.21123572811743507  
80 4 Pedestrian 0 0 -1 -9999.0 -9999.0 -9999.0 -9999.0 1.7678836800061748 0.699827223863162 0.8583515515104435 -5.598163333571211 16.74095511499975 -0.951807476345202 1.0345471521532712  
80 20 Pedestrian 0 0 -1 -9999.0 -9999.0 -9999.0 -9999.0 1.7315617274061879 0.7883294535528993 0.8637922424478344 13.528305630110783 -39.67048087043183 1.5854435997381433 -1.6456179319644555  
80 7 Pedestrian 0 0 -1 -9999.0 -9999.0 -9999.0 -9999.0 1.7315617274061879 0.7883294535528993 0.8637922424478344 13.528305630110783 -39.67048087043183 1.5854435997381433 -2.825287552861216  
80 8 Pedestrian 0 0 -1 -9999.0 -9999.0 -9999.0 -9999.0 1.7315617274061879 0.7883294535528993 0.8637922424478344 13.528305630110783 -39.67048087043183 1.5854435997381433 -1.6814360219229663  
81 3 Pedestrian 0 0 -1 -9999.0 -9999.0 -9999.0 -9999.0 1.6125226286976613 0.7883294535528993 0.8637922424478344 8.027606074750423 -22.408244804558294 0.9324520908644116 -1.768792516012244  
81 5 Pedestrian 0 0 -1 -9999.0 -9999.0 -9999.0 -9999.0 1.7708351413111814 0.5926468999786946 0.6873376257887713 1.6996837311057753 0.8775983707318353 -0.1718296706004565 -1.9474322381505225  
81 4 Pedestrian 0 0 -1 -9999.0 -9999.0 -9999.0 -9999.0 1.7678836800061748 0.699827223863162 0.8583515515104435 -5.758888020144273 17.070955211119283 -0.9653583478775221 1.0373247753896626  
81 20 Pedestrian 0 0 -1 -9999.0 -9999.0 -9999.0 -9999.0 1.7315617274061879 0.7883294535528993 0.8637922424478344 13.475302438497579 -39.52675365404362 1.586830350433472 -1.3619229784331655  
81 7 Pedestrian 0 0 -1 -9999.0 -9999.0 -9999.0 -9999.0 1.7315617274061879 0.7883294535528993 0.8637922424478344 13.475302438497579 -39.52675365404362 1.586830350433472 -2.9454359585169136  
81 8 Pedestrian 0 0 -1 -9999.0 -9999.0 -9999.0 -9999.0 1.7315617274061879 0.7883294535528993 0.8637922424478344 13.475302438497579 -39.52675365404362 1.586830350433472 -1.6814360219229663  
82 3 Pedestrian 0 0 -1 -9999.0 -9999.0 -9999.0 -9999.0 1.6125226286976613 0.7883294535528993 0.8637922424478344 8.047641765903244 -22.470019569170717 0.9309051115587856 -1.7687924368686705  
82 5 Pedestrian 0 0 -1 -9999.0 -9999.0 -9999.0 -9999.0 1.7708351413111814 0.5926468999786946 0.6873376257887713 1.661636277324753 1.03674533318517 -0.18417210277881613 -1.9468283685577923  
82 4 Pedestrian 0 0 -1 -9999.0 -9999.0 -9999.0 -9999.0 1.7678836800061748 0.699827223863162 0.8583515515104435 -5.916688991128062 17.406418107686715 -0.9883962893706981 1.0405258548651695  
82 20 Pedestrian 0 0 -1 -9999.0 -9999.0 -9999.0 -9999.0 1.7315617274061879 0.7883294535528993 0.8637922424478344 13.422139793158827 -39.380010302487655 1.5778965265977734 -1.0678011002681345  
82 7 Pedestrian 0 0 -1 -9999.0 -9999.0 -9999.0 -9999.0 1.7315617274061879 0.7883294535528993 0.8637922424478344 13.422139793158827 -39.380010302487655 1.5778965265977734 -3.0141892834669797  
82 8 Pedestrian 0 0 -1 -9999.0 -9999.0 -9999.0 -9999.0 1.7315617274061879 0.7883294535528993 0.8637922424478344 13.422139793158827 -39.380010302487655 1.5778965265977734 -1.6814360219229663  
83 3 Pedestrian 0 0 -1 -9999.0 -9999.0 -9999.0 -9999.0 1.6125226286976613 0.7883294535528993 0.8637922424478344 8.062239264887928 -22.539429569805165 0.9427028744683663 -1.7687924665873158  
83 5 Pedestrian 0 0 -1 -9999.0 -9999.0 -9999.0 -9999.0 1.7708351413111814 0.5926468999786946 0.6873376257887713 1.6165731092893516 1.1869287304835794 -0.1807351352038682 -1.9466407915117756  
83 4 Pedestrian 0 0 -1 -9999.0 -9999.0 -9999.0 -9999.0 1.7678836800061748 0.699827223863162 0.8583515515104435 -6.068800096730776 17.739768610650707 -0.993199237799512 1.044632223944765  
83 20 Pedestrian 0 0 -1 -9999.0 -9999.0 -9999.0 -9999.0 1.7315617274061879 0.7883294535528993 0.8637922424478344 13.36443065358987 -39.238618432889055 1.5847921365131743 -0.7806337028215928  
83 7 Pedestrian 0 0 -1 -9999.0 -9999.0 -9999.0 -9999.0 1.7315617274061879 0.7883294535528993 0.8637922424478344 13.36443065358987 -39.238618432889055 1.5847921365131743 -3.033373448350998  
83 8 Pedestrian 0 0 -1 -9999.0 -9999.0 -9999.0 -9999.0 1.7315617274061879 0.7883294535528993 0.8637922424478344 13.36443065358987 -39.238618432889055 1.5847921365131743 -1.6814360219229663  
84 3 Pedestrian 0 0 -1 -9999.0 -9999.0 -9999.0 -9999.0 1.6125226286976613 0.7883294535528993 0.8637922424478344 8.085282025754125 -22.595223034615614 0.9236512902443312 -1.76879258195029  
84 5 Pedestrian 0 0 -1 -9999.0 -9999.0 -9999.0 -9999.0 1.7708351413111814 0.5926468999786946 0.6873376257887713 1.5775511608291453 1.3470964857233891 -0.2060880947145396 -1.9447226868695786  
84 4 Pedestrian 0 0 -1 -9999.0 -9999.0 -9999.0 -9999.0 1.7678836800061748 0.699827223863162 0.8583515515104435 -6.201471587738343 18.09196022293428 -1.0245943024209478 1.0496083404947694  
84 20 Pedestrian 0 0 -1 -9999.0 -9999.0 -9999.0 -9999.0 1.7315617274061879 0.7883294535528993 0.8637922424478344 13.315631400543555 -39.08176540196878 1.562825334298139 -0.5165905795822532  
84 7 Pedestrian 0 0 -1 -9999.0 -9999.0 -9999.0 -9999.0 1.7315617274061879 0.7883294535528993 0.8637922424478344 13.315631400543555 -39.08176540196878 1.562825334298139 -3.009841789077141  
84 8 Pedestrian 0 0 -1 -9999.0 -9999.0 -9999.0 -9999.0 1.7315617274061879 0.7883294535528993 0.8637922424478344 13.315631400543555 -39.08176540196878 1.562825334298139 -1.6814360219229663  
85 3 Pedestrian 0 0 -1 -9999.0 -9999.0 -9999.0 -9999.0 1.6125226286976613 0.7883294535528993 0.8637922424478344 8.104987688720865 -22.672653868961092 0.9192219181650225 -1.7687927586158168  
85 5 Pedestrian 0 0 -1 -9999.0 -9999.0 -9999.0 -9999.0 1.7708351413111814 0.5926468999786946 0.6873376257887713 1.5317400615123766 1.4816124761977516 -0.21509252611710483 -1.928384369034303  
85 4 Pedestrian 0 0 -1 -9999.0 -9999.0 -9999.0 -9999.0 1.7678836800061748 0.699827223863162 0.8583515515104435 -6.327770387703211 18.425597549738885 -1.0381451152982117 1.0552616482038548  
85 20 Pedestrian 0 0 -1 -9999.0 -9999.0 -9999.0 -9999.0 1.7315617274061879 0.7883294535528993 0.8637922424478344 13.26381171177685 -38.945898451589535 1.556962835322127 -0.2922902641194298  
85 7 Pedestrian 0 0 -1 -9999.0 -9999.0 -9999.0 -9999.0 1.7315617274061879 0.7883294535528993 0.8637922424478344 13.26381171177685 -38.945898451589535 1.556962835322127 -2.9509479353381813  
85 8 Pedestrian 0 0 -1 -9999.0 -9999.0 -9999.0 -9999.0 1.7315617274061879 0.7883294535528993 0.8637922424478344 13.26381171177685 -38.945898451589535 1.556962835322127 -1.6814360219229663  
86 3 Pedestrian 0 0 -1 -9999.0 -9999.0 -9999.0 -9999.0 1.6125226286976613 0.7883294535528993 0.8637922424478344 8.109705330671346 -22.74567320318635 0.9173567873289743 -1.7687929758192542  
86 5 Pedestrian 0 0 -1 -9999.0 -9999.0 -9999.0 -9999.0 1.7708351413111814 0.5926468999786946 0.6873376257887713 1.4651522042914493 1.6205104932548409 -0.22019849796019209 -1.881949305728325  
86 6 Pedestrian 0 0 -1 -9999.0 -9999.0 -9999.0 -9999.0 1.844408154996927 0.6886042215277551 0.7639523071209217 0.597635111050522 5.138134987955908 -0.3365303270731903 -0.2584577804132806  
86 4 Pedestrian 0 0 -1 -9999.0 -9999.0 -9999.0 -9999.0 1.7678836800061748 0.699827223863162 0.8583515515104435 -6.463140394270265 18.77185251588274 -1.0470820166009613 1.0615039185578734  
86 20 Pedestrian 0 0 -1 -9999.0 -9999.0 -9999.0 -9999.0 1.7315617274061879 0.7883294535528993 0.8637922424478344 13.196033387524079 -38.80238462059076 1.5546274933404605 -0.12055415511002288  
86 7 Pedestrian 0 0 -1 -9999.0 -9999.0 -9999.0 -9999.0 1.7315617274061879 0.7883294535528993 0.8637922424478344 13.196033387524079 -38.80238462059076 1.5546274933404605 -2.862770527715803  
86 8 Pedestrian 0 0 -1 -9999.0 -9999.0 -9999.0 -9999.0 1.7315617274061879 0.7883294535528993 0.8637922424478344 13.196033387524079 -38.80238462059076 1.5546274933404605 -1.6814360219229663  
87 3 Pedestrian 0 0 -1 -9999.0 -9999.0 -9999.0 -9999.0 1.6125226286976613 0.7883294535528993 0.8637922424478344 8.12348330703012 -22.828615525445336 0.9173259711485952 -1.7687932094995418  
87 5 Pedestrian 0 0 -1 -9999.0 -9999.0 -9999.0 -9999.0 1.7708351413111814 0.5926468999786946 0.6873376257887713 1.4007145468828277 1.7494478756242309 -0.22243924129436965 -1.7899191788162554  
87 6 Pedestrian 0 0 -1 -9999.0 -9999.0 -9999.0 -9999.0 1.844408154996927 0.6886042215277551 0.7639523071209217 0.4962248026253384 5.242771130204705 -0.3400550280486201 -0.30636478172143633  
87 4 Pedestrian 0 0 -1 -9999.0 -9999.0 -9999.0 -9999.0 1.7678836800061748 0.699827223863162 0.8583515515104435 -6.584563027798982 19.113782976156212 -1.0531331521017804 1.0681413750910265  
87 20 Pedestrian 0 0 -1 -9999.0 -9999.0 -9999.0 -9999.0 1.7315617274061879 0.7883294535528993 0.8637922424478344 13.136432165052824 -38.666985361840915 1.5545982187353404 -0.014004356809428131  
87 7 Pedestrian 0 0 -1 -9999.0 -9999.0 -9999.0 -9999.0 1.7315617274061879 0.7883294535528993 0.8637922424478344 13.136432165052824 -38.666985361840915 1.5545982187353404 -2.752442166241977  
87 8 Pedestrian 0 0 -1 -9999.0 -9999.0 -9999.0 -9999.0 1.7315617274061879 0.7883294535528993 0.8637922424478344 13.136432165052824 -38.666985361840915 1.5545982187353404 -1.6814360219229663  
88 3 Pedestrian 0 0 -1 -9999.0 -9999.0 -9999.0 -9999.0 1.6125226286976613 0.7883294535528993 0.8637922424478344 8.117847327147121 -22.87527292574559 0.9061917718300734 -1.7687934352884085  
88 5 Pedestrian 0 0 -1 -9999.0 -9999.0 -9999.0 -9999.0 1.7708351413111814 0.5926468999786946 0.6873376257887713 1.309854797547331 1.9138668395220737 -0.23504865073750603 -1.6508139165537816  
88 6 Pedestrian 0 0 -1 -9999.0 -9999.0 -9999.0 -9999.0 1.844408154996927 0.6886042215277551 0.7639523071209217 0.37452223461715306 5.382009185635454 -0.35441327140567336 -0.35609133081203836  
88 4 Pedestrian 0 0 -1 -9999.0 -9999.0 -9999.0 -9999.0 1.7678836800061748 0.699827223863162 0.8583515515104435 -6.721723958227209 19.495040902322874 -1.0702633225228477 1.074973414767042  
88 20 Pedestrian 0 0 -1 -9999.0 -9999.0 -9999.0 -9999.0 1.7315617274061879 0.7883294535528993 0.8637922424478344 13.056610061601798 -38.4948667659382 1.5434343948992901 0.03465250314888291  
88 7 Pedestrian 0 0 -1 -9999.0 -9999.0 -9999.0 -9999.0 1.7315617274061879 0.7883294535528993 0.8637922424478344 13.056610061601798 -38.4948667659382 1.5434343948992901 -2.6275947234255597  
88 8 Pedestrian 0 0 -1 -9999.0 -9999.0 -9999.0 -9999.0 1.7315617274061879 0.7883294535528993 0.8637922424478344 13.056610061601798 -38.4948667659382 1.5434343948992901 -1.6814360219229663  
89 3 Pedestrian 0 0 -1 -9999.0 -9999.0 -9999.0 -9999.0 1.6125226286976613 0.7883294535528993 0.8637922424478344 8.140707148243898 -22.970990716262715 0.9041377635830297 -1.7687936329910663  
89 5 Pedestrian 0 0 -1 -9999.0 -9999.0 -9999.0 -9999.0 1.7708351413111814 0.5926468999786946 0.6873376257887713 1.242399783456392 2.028060914422161 -0.23802643392963785 -1.5129148881869874  
89 6 Pedestrian 0 0 -1 -9999.0 -9999.0 -9999.0 -9999.0 1.844408154996927 0.6886042215277551 0.7639523071209217 0.2778594545280768 5.470369007165656 -0.35968129070934096 -0.4103750943227915  
89 4 Pedestrian 0 0 -1 -9999.0 -9999.0 -9999.0 -9999.0 1.7678836800061748 0.699827223863162 0.8583515515104435 -6.830318185913354 19.835584635609216 -1.0794231004904624 1.0819258856606924  
89 20 Pedestrian 0 0 -1 -9999.0 -9999.0 -9999.0 -9999.0 1.7315617274061879 0.7883294535528993 0.8637922424478344 13.00319050053809 -38.36873381221225 1.5408173618911145 0.03797738101573245  
89 7 Pedestrian 0 0 -1 -9999.0 -9999.0 -9999.0 -9999.0 1.7315617274061879 0.7883294535528993 0.8637922424478344 13.00319050053809 -38.36873381221225 1.5408173618911145 -2.49349824408484  
89 8 Pedestrian 0 0 -1 -9999.0 -9999.0 -9999.0 -9999.0 1.7315617274061879 0.7883294535528993 0.8637922424478344 13.00319050053809 -38.36873381221225 1.5408173618911145 -1.6814360219229663  
90 3 Pedestrian 0 0 -1 -9999.0 -9999.0 -9999.0 -9999.0 1.6125226286976613 0.7883294535528993 0.8637922424478344 8.151952694405672 -23.044682712703292 0.8934859389243403 -1.768793782746707  
90 5 Pedestrian 0 0 -1 -9999.0 -9999.0 -9999.0 -9999.0 1.7708351413111814 0.5926468999786946 0.6873376257887713 1.1621966718765542 2.1592318401903956 -0.24925734097481111 -1.4268202913859795  
90 6 Pedestrian 0 0 -1 -9999.0 -9999.0 -9999.0 -9999.0 1.844408154996927 0.6886042215277551 0.7639523071209217 0.1658362274740952 5.575283167126393 -0.3736356764851798 -0.4710388267763044  
90 4 Pedestrian 0 0 -1 -9999.0 -9999.0 -9999.0 -9999.0 1.7678836800061748 0.699827223863162 0.8583515515104435 -6.951476477038934 20.203773229792358 -1.0992172233611504 1.0887960230814517  
90 20 Pedestrian 0 0 -1 -9999.0 -9999.0 -9999.0 -9999.0 1.7315617274061879 0.7883294535528993 0.8637922424478344 12.046490173738409 -38.43189395477239 1.5286656814692265 0.007543106411569411  
90 7 Pedestrian 0 0 -1 -9999.0 -9999.0 -9999.0 -9999.0 1.7315617274061879 0.7883294535528993 0.8637922424478344 12.046490173738409 -38.43189395477239 1.5286656814692265 -2.357768859319407  
91 3 Pedestrian 0 0 -1 -9999.0 -9999.0 -9999.0 -9999.0 1.6125226286976613 0.7883294535528993 0.8637922424478344 8.176526621227108 -23.13201179548185 0.8985838323766777 -1.7687938845582458  
91 5 Pedestrian 0 0 -1 -9999.0 -9999.0 -9999.0 -9999.0 1.7708351413111814 0.5926468999786946 0.6873376257887713 1.0963776791441333 2.273106025459964 -0.24494979333105116 -1.3877152077237422  
91 6 Pedestrian 0 0 -1 -9999.0 -9999.0 -9999.0 -9999.0 1.844408154996927 0.6886042215277551 0.7639523071209217 0.06373801328615869 5.657442225236102 -0.37162328569973213 -0.5397062146228215  
91 4 Pedestrian 0 0 -1 -9999.0 -9999.0 -9999.0 -9999.0 1.7678836800061748 0.699827223863162 0.8583515515104435 -7.060461623499442 20.560711947306032 -1.1056441516104372 1.0954104803586882  
91 20 Pedestrian 0 0 -1 -9999.0 -9999.0 -9999.0 -9999.0 1.7315617274061879 0.7883294535528993 0.8637922424478344 12.08190327961755 -38.3028693946402 1.5313492598936453 -0.04419631609419028  
91 7 Pedestrian 0 0 -1 -9999.0 -9999.0 -9999.0 -9999.0 1.7315617274061879 0.7883294535528993 0.8637922424478344 12.08190327961755 -38.3028693946402 1.5313492598936453 -2.2281235505579637  
92 3 Pedestrian 0 0 -1 -9999.0 -9999.0 -9999.0 -9999.0 1.6125226286976613 0.7883294535528993 0.8637922424478344 8.195071234756686 -23.209302462421917 0.8902769667614069 -1.7687939451013648  
92 5 Pedestrian 0 0 -1 -9999.0 -9999.0 -9999.0 -9999.0 1.7708351413111814 0.5926468999786946 0.6873376257887713 1.0253970846044176 2.4003068967695143 -0.25491629333877364 -1.3765055235538686  
92 6 Pedestrian 0 0 -1 -9999.0 -9999.0 -9999.0 -9999.0 1.844408154996927 0.6886042215277551 0.7639523071209217 -0.05002325570801247 5.740418510102764 -0.3824570924024906 -0.6194806106204105  
92 4 Pedestrian 0 0 -1 -9999.0 -9999.0 -9999.0 -9999.0 1.7678836800061748 0.699827223863162 0.8583515515104435 -7.178529420245146 20.935878200602204 -1.12786059080405 1.1018589957397857  
92 20 Pedestrian 0 0 -1 -9999.0 -9999.0 -9999.0 -9999.0 1.7315617274061879 0.7883294535528993 0.8637922424478344 12.115116757005442 -38.16157053887546 1.5197822666848304 -0.10600484599150128  
92 7 Pedestrian 0 0 -1 -9999.0 -9999.0 -9999.0 -9999.0 1.7315617274061879 0.7883294535528993 0.8637922424478344 12.115116757005442 -38.16157053887546 1.5197822666848304 -2.1095408316656723  
93 3 Pedestrian 0 0 -1 -9999.0 -9999.0 -9999.0 -9999.0 1.6125226286976613 0.7883294535528993 0.8637922424478344 8.214813603845059 -23.28526121896415 0.8955507651776557 -1.7687939687590273  
93 5 Pedestrian 0 0 -1 -9999.0 -9999.0 -9999.0 -9999.0 1.7708351413111814 0.5926468999786946 0.6873376257887713 0.9562790174965734 2.5348020277696515 -0.25270771639898926 -1.377224448358735  
93 6 Pedestrian 0 0 -1 -9999.0 -9999.0 -9999.0 -9999.0 1.844408154996927 0.6886042215277551 0.7639523071209217 -0.16790768477161677 5.811877126797143 -0.3787414163691314 -0.7121481917058894  
93 4 Pedestrian 0 0 -1 -9999.0 -9999.0 -9999.0 -9999.0 1.7678836800061748 0.699827223863162 0.8583515515104435 -7.2973922362398085 21.317271937324644 -1.1385369988205207 1.1081268125631532  
93 20 Pedestrian 0 0 -1 -9999.0 -9999.0 -9999.0 -9999.0 1.7315617274061879 0.7883294535528993 0.8637922424478344 12.143483488622913 -38.01690892286081 1.5210634436881483 -0.1655769076818867  
93 7 Pedestrian 0 0 -1 -9999.0 -9999.0 -9999.0 -9999.0 1.7315617274061879 0.7883294535528993 0.8637922424478344 12.143483488622913 -38.01690892286081 1.5210634436881483 -2.009751826413023  
94 3 Pedestrian 0 0 -1 -9999.0 -9999.0 -9999.0 -9999.0 1.6125226286976613 0.7883294535528993 0.8637922424478344 8.233182073985699 -23.37216628362911 0.8923099243456416 -1.7687939609310277  
94 5 Pedestrian 0 0 -1 -9999.0 -9999.0 -9999.0 -9999.0 1.7708351413111814 0.5926468999786946 0.6873376257887713 0.879244234355653 2.6650929112966386 -0.2604486467801417 -1.382501416674538  
94 6 Pedestrian 0 0 -1 -9999.0 -9999.0 -9999.0 -9999.0 1.844408154996927 0.6886042215277551 0.7639523071209217 -0.29146221083983903 5.855709389186424 -0.38218439600688314 -0.8187343947016075  
94 4 Pedestrian 0 0 -1 -9999.0 -9999.0 -9999.0 -9999.0 1.7678836800061748 0.699827223863162 0.8583515515104435 -7.4179459525351845 21.687342019500125 -1.1592991779933248 1.1141795151161462  
94 20 Pedestrian 0 0 -1 -9999.0 -9999.0 -9999.0 -9999.0 1.7315617274061879 0.7883294535528993 0.8637922424478344 12.154708026690123 -37.88231300364949 1.5132488724457644 -0.21043893627032872  
94 7 Pedestrian 0 0 -1 -9999.0 -9999.0 -9999.0 -9999.0 1.7315617274061879 0.7883294535528993 0.8637922424478344 12.154708026690123 -37.88231300364949 1.5132488724457644 -1.9363184932149  
95 3 Pedestrian 0 0 -1 -9999.0 -9999.0 -9999.0 -9999.0 1.6125226286976613 0.7883294535528993 0.8637922424478344 8.248059806624813 -23.458794719543967 0.8779573652205628 -1.768793926844248  
95 5 Pedestrian 0 0 -1 -9999.0 -9999.0 -9999.0 -9999.0 1.7708351413111814 0.5926468999786946 0.6873376257887713 0.7807287286055207 2.8085210961238154 -0.2807639674386112 -1.3873967651623964  
95 6 Pedestrian 0 0 -1 -9999.0 -9999.0 -9999.0 -9999.0 1.844408154996927 0.6886042215277551 0.7639523071209217 -0.42542110707205083 5.882723033077168 -0.3950063726589993 -0.9429668446267758  
95 4 Pedestrian 0 0 -1 -9999.0 -9999.0 -9999.0 -9999.0 1.7678836800061748 0.699827223863162 0.8583515515104435 -7.544208951221044 22.063807101292756 -1.192724492739477 1.120138522277827  
95 20 Pedestrian 0 0 -1 -9999.0 -9999.0 -9999.0 -9999.0 1.7315617274061879 0.7883294535528993 0.8637922424478344 12.13686113540323 -37.742016960528474 1.4937756028249898 -0.23576247476357892  
95 7 Pedestrian 0 0 -1 -9999.0 -9999.0 -9999.0 -9999.0 1.7315617274061879 0.7883294535528993 0.8637922424478344 12.13686113540323 -37.742016960528474 1.4937756028249898 -1.8948152377746261  
96 3 Pedestrian 0 0 -1 -9999.0 -9999.0 -9999.0 -9999.0 1.6125226286976613 0.7883294535528993 0.8637922424478344 8.26642973663872 -23.548463865275632 0.8766381921156793 -1.7687938716750082  
96 5 Pedestrian 0 0 -1 -9999.0 -9999.0 -9999.0 -9999.0 1.7708351413111814 0.5926468999786946 0.6873376257887713 0.662301469888309 2.9584316560676482 -0.28922635382457074 -1.3881381599860436  
96 6 Pedestrian 0 0 -1 -9999.0 -9999.0 -9999.0 -9999.0 1.844408154996927 0.6886042215277551 0.7639523071209217 -0.5582911963077599 5.894638808933753 -0.39326462475172974 -1.0852634065947768  
96 4 Pedestrian 0 0 -1 -9999.0 -9999.0 -9999.0 -9999.0 1.7678836800061748 0.699827223863162 0.8583515515104435 -7.668114316487136 22.440015052421593 -1.2142822342318966 1.125995039045316  
96 7 Pedestrian 0 0 -1 -9999.0 -9999.0 -9999.0 -9999.0 1.7315617274061879 0.7883294535528993 0.8637922424478344 12.09232941369893 -37.600211832824655 1.4869171921672217 -1.8874277138507907  
97 3 Pedestrian 0 0 -1 -9999.0 -9999.0 -9999.0 -9999.0 1.6125226286976613 0.7883294535528993 0.8637922424478344 8.282876042741155 -23.631416893579278 0.8726406846631662 -1.7687938006811894  
97 5 Pedestrian 0 0 -1 -9999.0 -9999.0 -9999.0 -9999.0 1.7708351413111814 0.5926468999786946 0.6873376257887713 0.5291214957154651 3.1029588676310667 -0.30038419351259604 -1.3861105041910164  
97 6 Pedestrian 0 0 -1 -9999.0 -9999.0 -9999.0 -9999.0 1.844408154996927 0.6886042215277551 0.7639523071209217 -0.6803268700410108 5.9312528271446965 -0.3946806850891519 -1.2419751927979554  
97 12 Pedestrian 0 0 -1 -9999.0 -9999.0 -9999.0 -9999.0 1.8101238060036917 0.699827223863162 0.6847721812614218 4.865656066403929 -6.620022699424235 0.17107181062454846 -0.3831590951383852  
97 4 Pedestrian 0 0 -1 -9999.0 -9999.0 -9999.0 -9999.0 1.7678836800061748 0.699827223863162 0.8583515515104435 -7.794782439398642 22.824987325480095 -1.2393918284975598 1.1317724368632005  
97 7 Pedestrian 0 0 -1 -9999.0 -9999.0 -9999.0 -9999.0 1.7315617274061879 0.7883294535528993 0.8637922424478344 12.03225379280849 -37.44945104866391 1.4770666975797628 -1.8948153061642419  
98 3 Pedestrian 0 0 -1 -9999.0 -9999.0 -9999.0 -9999.0 1.6125226286976613 0.7883294535528993 0.8637922424478344 8.297867553484913 -23.712904716273083 0.8759130818635981 -1.7687937190951057  
98 5 Pedestrian 0 0 -1 -9999.0 -9999.0 -9999.0 -9999.0 1.7708351413111814 0.5926468999786946 0.6873376257887713 0.3936870743936254 3.2180820777314025 -0.3032482645244571 -1.3835505646485373  
98 6 Pedestrian 0 0 -1 -9999.0 -9999.0 -9999.0 -9999.0 1.844408154996927 0.6886042215277551 0.7639523071209217 -0.7920174361839436 5.987747286931752 -0.3895411560264025 -1.4083834829158448  
98 12 Pedestrian 0 0 -1 -9999.0 -9999.0 -9999.0 -9999.0 1.8101238060036917 0.699827223863162 0.6847721812614218 4.752596912347155 -6.33426377598245 0.16851886635850777 -0.3831590951383852  
98 4 Pedestrian 0 0 -1 -9999.0 -9999.0 -9999.0 -9999.0 1.7678836800061748 0.699827223863162 0.8583515515104435 -7.9235390930689995 23.213033027691846 -1.2578251045506557 1.1375006188176622  
98 7 Pedestrian 0 0 -1 -9999.0 -9999.0 -9999.0 -9999.0 1.7315617274061879 0.7883294535528993 0.8637922424478344 11.974609391438896 -37.29727314481934 1.4742737988127517 -1.8972636278181714  
99 3 Pedestrian 0 0 -1 -9999.0 -9999.0 -9999.0 -9999.0 1.6125226286976613 0.7883294535528993 0.8637922424478344 8.327855731975067 -23.818447945978825 0.886192444803392 -1.7687936329910663  
99 5 Pedestrian 0 0 -1 -9999.0 -9999.0 -9999.0 -9999.0 1.7708351413111814 0.5926468999786946 0.6873376257887713 0.275456751057213 3.2884208932180314 -0.29837526622253074 -1.3809668124322094  
99 6 Pedestrian 0 0 -1 -9999.0 -9999.0 -9999.0 -9999.0 1.844408154996927 0.6886042215277551 0.7639523071209217 -0.8817804702265626 6.028074721351457 -0.377763619417526 -1.578127589970439  
99 12 Pedestrian 0 0 -1 -9999.0 -9999.0 -9999.0 -9999.0 1.8101238060036917 0.699827223863162 0.6847721812614218 4.655404805844341 -6.075461341867408 0.1729189724899557 -0.3831590951383852  
99 4 Pedestrian 0 0 -1 -9999.0 -9999.0 -9999.0 -9999.0 1.7678836800061748 0.699827223863162 0.8583515515104435 -8.03635808575445 23.57372170570554 -1.2693551468759492 1.1431545363543343  
99 7 Pedestrian 0 0 -1 -9999.0 -9999.0 -9999.0 -9999.0 1.7315617274061879 0.7883294535528993 0.8637922424478344 11.936656142780045 -37.17148638844729 1.4784359508245748 -1.8948153061642419  
